Station_Id,Date,Hour,Julian_Date,Reference_ETo,QC_Reference_ETo,Precipitation,QC_Precipitation,Solar_Radiation,QC_Solar_Radiation,Vapor_Pressure,QC_Vapor_Pressure,Air_Temperature,QC_Air_Temperature,Relative_Humidity,QC_Relative_Humidity,Dew_Point,QC_Dew_Point,Wind_Speed,QC_Wind_Speed,Wind_Direction,QC_Wind_Direction,Soil_Temperature,QC_Soil_Temperature
211,1/1/2014,0100,1,0, ,0, ,0, ,5.7, ,36.8, ,77, ,30.2, ,2.9, ,325, ,47.4, 
211,1/1/2014,0200,1,0, ,0, ,0, ,5.1, ,34.3, ,77, ,27.7, ,1.6, ,152, ,47.2, 
211,1/1/2014,0300,1,0, ,0, ,0, ,4.7, ,32.2, ,76, ,25.6, ,2, ,332, ,47.1, 
211,1/1/2014,0400,1,0, ,0, ,0, ,4.8, ,31.5, ,80, ,25.9, ,2.3, ,317, ,46.9, 
211,1/1/2014,0500,1,0, ,0, ,0, ,4.8, ,31, ,82, ,26.1, ,2.4, ,316, ,46.8, 
211,1/1/2014,0600,1,0, ,0, ,0, ,4.3, ,28.9, ,80, ,23.4, ,2.1, ,352, ,46.7, 
211,1/1/2014,0700,1,0, ,0, ,0, ,4.7, ,29.6, ,84, ,25.5, ,2.6, ,324, ,46.5, 
211,1/1/2014,0800,1,0, ,0, ,41, ,4.4, ,28.6, ,82, ,23.9, ,1.4, ,165, ,46.4, 
211,1/1/2014,0900,1,0, ,0, ,315, ,5.1, ,34.9, ,74, ,27.5, ,1.9, ,141, ,46.3, 
211,1/1/2014,1000,1,0, ,0, ,624, ,6, ,43.1, ,64, ,31.7, ,1.9, ,146, ,46.2, 
211,1/1/2014,1100,1,0.01, ,0, ,861, ,6.3, ,50.6, ,50, ,32.7, ,2.2, ,9, ,46.1, 
211,1/1/2014,1200,1,0.01, ,0, ,991, ,6.8, ,59.4, ,39, ,34.7, ,3.2, ,326, ,46.2, 
211,1/1/2014,1300,1,0.01, ,0, ,929, ,5.6, ,66.4, ,25, ,30, ,6.2, ,311, ,46.5, 
211,1/1/2014,1400,1,0.01, ,0, ,856, ,5, ,69.4, ,21, ,27.3, ,8, ,322, ,46.9, 
211,1/1/2014,1500,1,0.01, ,0, ,512, ,5.4, ,68.2, ,23, ,28.8, ,10.8, ,322, ,47.3, 
211,1/1/2014,1600,1,0.01, ,0, ,326, ,5.4, ,65.7, ,25, ,28.9, ,10.8, ,320, ,47.6, 
211,1/1/2014,1700,1,0.01, ,0, ,121, ,5.5, ,63.3, ,28, ,29.6, ,9.8, ,322, ,47.8, 
211,1/1/2014,1800,1,0, ,0, ,1, ,5.9, ,58.4, ,36, ,31.3, ,7.2, ,315, ,47.9, 
211,1/1/2014,1900,1,0, ,0, ,0, ,6.2, ,55.5, ,41, ,32.2, ,7.1, ,320, ,47.9, 
211,1/1/2014,2000,1,0, ,0, ,0, ,6.6, ,53.3, ,47, ,33.9, ,7.3, ,319, ,47.8, 
211,1/1/2014,2100,1,0, ,0, ,0, ,6.3, ,49.9, ,52, ,32.9, ,3.4, ,325, ,47.8, 
211,1/1/2014,2200,1,0, ,0, ,0, ,5.9, ,46, ,56, ,31.1, ,2.5, ,315, ,47.7, 
211,1/1/2014,2300,1,0, ,0, ,0, ,5.1, ,40.7, ,59, ,27.5, ,2, ,318, ,47.6, 
211,1/1/2014,2400,1,0, ,0, ,0, ,4.8, ,38.9, ,60, ,26.2, ,2.2, ,314, ,47.5, 
211,1/2/2014,0100,2,0, ,0, ,0, ,4.5, ,36.3, ,62, ,24.5, ,1.8, ,326, ,47.3, 
211,1/2/2014,0200,2,0, ,0, ,0, ,4.5, ,35.5, ,64, ,24.6, ,1.8, ,317, ,47.2, 
211,1/2/2014,0300,2,0, ,0, ,0, ,4.6, ,34.6, ,68, ,25.3, ,2.4, ,308, ,47, 
211,1/2/2014,0400,2,0, ,0, ,0, ,4.5, ,33.4, ,69, ,24.5, ,2, ,333, ,46.9, 
211,1/2/2014,0500,2,0, ,0, ,0, ,4.5, ,33.4, ,70, ,24.6, ,1.7, ,166, ,46.7, 
211,1/2/2014,0600,2,0, ,0, ,0, ,3.9, ,31.1, ,67, ,21.3, ,1.9, ,138, ,46.6, 
211,1/2/2014,0700,2,0, ,0, ,0, ,4.3, ,31.5, ,72, ,23.5, ,2.4, ,308, ,46.5, 
211,1/2/2014,0800,2,0, ,0, ,40, ,4.4, ,31.6, ,73, ,24.1, ,2.5, ,315, ,46.4, 
211,1/2/2014,0900,2,0, ,0, ,317, ,5.3, ,39.3, ,64, ,28.3, ,2.4, ,317, ,46.3, 
211,1/2/2014,1000,2,0.01, ,0, ,609, ,6.2, ,47.6, ,55, ,32.2, ,3.4, ,304, ,46.2, 
211,1/2/2014,1100,2,0.01, ,0, ,817, ,6.9, ,56.4, ,45, ,35.1, ,4.9, ,305, ,46.2, 
211,1/2/2014,1200,2,0.01, ,0, ,990, ,6.8, ,64, ,33, ,34.7, ,5.8, ,333, ,46.3, 
211,1/2/2014,1300,2,0.02, ,0, ,1009, ,6.6, ,67.6, ,29, ,33.8, ,7.9, ,319, ,46.6, 
211,1/2/2014,1400,2,0.02, ,0, ,933, ,6.6, ,70.1, ,26, ,33.9, ,9.8, ,327, ,47, 
211,1/2/2014,1500,2,0.01, ,0, ,595, ,6.5, ,68.1, ,28, ,33.6, ,11.5, ,324, ,47.4, 
211,1/2/2014,1600,2,0.01, ,0, ,429, ,6.7, ,67.5, ,29, ,34.4, ,9.5, ,322, ,47.8, 
211,1/2/2014,1700,2,0, ,0, ,113, ,6.6, ,64.4, ,32, ,33.7, ,8.6, ,330, ,47.9, 
211,1/2/2014,1800,2,0, ,0, ,1, ,6.5, ,59.2, ,38, ,33.6, ,6.7, ,329, ,48.1, 
211,1/2/2014,1900,2,0, ,0, ,0, ,6.5, ,56, ,42, ,33.4, ,5, ,298, ,48.1, 
211,1/2/2014,2000,2,0, ,0, ,0, ,6.6, ,53, ,48, ,33.8, ,4.7, ,294, ,48, 
211,1/2/2014,2100,2,0, ,0, ,0, ,6, ,48.9, ,51, ,31.6, ,2.7, ,320, ,47.9, 
211,1/2/2014,2200,2,0, ,0, ,0, ,5.6, ,45.1, ,55, ,29.9, ,1.6, ,301, ,47.9, 
211,1/2/2014,2300,2,0, ,0, ,0, ,5.4, ,41.7, ,60, ,28.7, ,1.8, ,312, ,47.7, 
211,1/2/2014,2400,2,0, ,0, ,0, ,5.1, ,39.3, ,63, ,27.7, ,2.2, ,319, ,47.6, 
211,1/3/2014,0100,3,0, ,0, ,0, ,5.3, ,38.2, ,67, ,28.4, ,2.3, ,311, ,47.5, 
211,1/3/2014,0200,3,0, ,0, ,0, ,5.2, ,37.1, ,70, ,28.2, ,2.2, ,313, ,47.3, 
211,1/3/2014,0300,3,0, ,0, ,0, ,4.9, ,35.3, ,70, ,26.7, ,1.5, ,11, ,47.2, 
211,1/3/2014,0400,3,0, ,0, ,0, ,5, ,35.8, ,71, ,27.3, ,2.3, ,274, ,47, 
211,1/3/2014,0500,3,0, ,0, ,0, ,4.8, ,34.7, ,71, ,26.1, ,1.9, ,317, ,46.9, 
211,1/3/2014,0600,3,0, ,0, ,0, ,4.9, ,34.5, ,72, ,26.6, ,2.6, ,315, ,46.8, 
211,1/3/2014,0700,3,0, ,0, ,0, ,5.3, ,35.7, ,75, ,28.6, ,3.3, ,311, ,46.7, 
211,1/3/2014,0800,3,0, ,0, ,31, ,5.3, ,36.2, ,73, ,28.4, ,2.2, ,272, ,46.6, 
211,1/3/2014,0900,3,0, ,0, ,244, ,5.2, ,38.5, ,66, ,28.2, ,1.9, ,127, ,46.5, 
211,1/3/2014,1000,3,0, ,0, ,541, ,6.1, ,45.1, ,60, ,32, ,2.4, ,125, ,46.5, 
211,1/3/2014,1100,3,0.01, ,0, ,858, ,6.4, ,54, ,45, ,33.1, ,1.8, ,133, ,46.5, 
211,1/3/2014,1200,3,0.01, ,0, ,968, ,7.3, ,60.3, ,41, ,36.3, ,2.4, ,277, ,46.7, 
211,1/3/2014,1300,3,0.01, ,0, ,682, ,9.5, ,60.7, ,52, ,43.1, ,2.2, ,306, ,47, 
211,1/3/2014,1400,3,0.01, ,0, ,774, ,8.3, ,65.8, ,38, ,39.7, ,2.7, ,254, ,48.1, 
211,1/3/2014,1500,3,0.01, ,0, ,724, ,6.8, ,70.3, ,27, ,34.6, ,3.6, ,268, ,49.3, 
211,1/3/2014,1600,3,0.01, ,0, ,471, ,6.5, ,69.9, ,26, ,33.4, ,8.7, ,327, ,49.9, 
211,1/3/2014,1700,3,0.01, ,0, ,157, ,6.4, ,66.1, ,29, ,33, ,9.1, ,324, ,50.2, 
211,1/3/2014,1800,3,0, ,0, ,3, ,6.4, ,61.1, ,35, ,33.2, ,8.5, ,318, ,50.3, 
211,1/3/2014,1900,3,0, ,0, ,0, ,6.5, ,56.9, ,41, ,33.6, ,6.1, ,320, ,50.2, 
211,1/3/2014,2000,3,0, ,0, ,0, ,6.4, ,55.3, ,43, ,33.3, ,5.4, ,320, ,50.1, 
211,1/3/2014,2100,3,0, ,0, ,0, ,6.2, ,51, ,48, ,32.2, ,1.8, ,310, ,49.9, 
211,1/3/2014,2200,3,0, ,0, ,0, ,5.5, ,45.8, ,52, ,29.3, ,3.1, ,337, ,49.7, 
211,1/3/2014,2300,3,0, ,0, ,0, ,5.8, ,44.8, ,57, ,30.6, ,2.9, ,293, ,49.5, 
211,1/3/2014,2400,3,0, ,0, ,0, ,5.5, ,42.5, ,59, ,29.3, ,1.6, ,106, ,49.3, 
211,1/4/2014,0100,4,0, ,0, ,0, ,5.5, ,41, ,62, ,29.2, ,2.6, ,166, ,49.1, 
211,1/4/2014,0200,4,0, ,0, ,0, ,5, ,38.8, ,62, ,27.1, ,1.8, ,360, ,48.8, 
211,1/4/2014,0300,4,0, ,0, ,0, ,5.1, ,38.7, ,64, ,27.5, ,2.2, ,307, ,48.7, 
211,1/4/2014,0400,4,0, ,0, ,0, ,5.1, ,37.9, ,66, ,27.7, ,2.8, ,301, ,48.5, 
211,1/4/2014,0500,4,0, ,0, ,0, ,5.4, ,37.4, ,71, ,28.8, ,2.9, ,314, ,48.3, 
211,1/4/2014,0600,4,0, ,0, ,0, ,5.5, ,37.3, ,73, ,29.4, ,3.5, ,303, ,48.1, 
211,1/4/2014,0700,4,0, ,0, ,0, ,5.2, ,35.8, ,72, ,27.8, ,2.7, ,54, ,48, 
211,1/4/2014,0800,4,0, ,0, ,33, ,4.9, ,34.4, ,73, ,26.7, ,2, ,236, ,47.8, 
211,1/4/2014,0900,4,0, ,0, ,304, ,5.4, ,39.9, ,64, ,28.9, ,1.5, ,66, ,47.7, 
211,1/4/2014,1000,4,0.01, ,0, ,620, ,6.3, ,47.8, ,55, ,32.6, ,2, ,315, ,47.6, 
211,1/4/2014,1100,4,0.01, ,0, ,866, ,6.8, ,53, ,49, ,34.6, ,4.1, ,307, ,47.5, 
211,1/4/2014,1200,4,0.01, ,0, ,999, ,8.1, ,60, ,46, ,39.1, ,7, ,308, ,47.6, 
211,1/4/2014,1300,4,0.01, ,0, ,1025, ,8.1, ,65.4, ,38, ,39.1, ,9.1, ,320, ,47.8, 
211,1/4/2014,1400,4,0.01, ,0, ,930, ,8, ,67.5, ,35, ,38.6, ,9.6, ,325, ,48.2, 
211,1/4/2014,1500,4,0.01, ,0, ,732, ,8.2, ,67.1, ,36, ,39.3, ,12, ,321, ,48.5, 
211,1/4/2014,1600,4,0.01, ,0, ,445, ,7.9, ,66.9, ,35, ,38.5, ,10.8, ,323, ,48.9, 
211,1/4/2014,1700,4,0, ,0, ,130, ,7.8, ,64.2, ,38, ,38, ,6.9, ,318, ,49, 
211,1/4/2014,1800,4,0, ,0, ,2, ,7, ,58.7, ,41, ,35.3, ,3.8, ,337, ,49.1, 
211,1/4/2014,1900,4,0, ,0, ,0, ,7.1, ,54.8, ,48, ,35.6, ,2.6, ,10, ,49.1, 
211,1/4/2014,2000,4,0, ,0, ,0, ,6.9, ,52.8, ,50, ,34.9, ,3, ,330, ,49, 
211,1/4/2014,2100,4,0, ,0, ,0, ,6.1, ,46, ,58, ,32, ,3.2, ,321, ,48.8, 
211,1/4/2014,2200,4,0, ,0, ,0, ,5.6, ,42.5, ,61, ,30, ,2.3, ,325, ,48.7, 
211,1/4/2014,2300,4,0, ,0, ,0, ,5.6, ,39.8, ,67, ,29.8, ,2, ,305, ,48.5, 
211,1/4/2014,2400,4,0, ,0, ,0, ,5, ,35.8, ,70, ,27, ,3, ,323, ,48.3, 
211,1/5/2014,0100,5,0, ,0, ,0, ,5.2, ,35.5, ,73, ,27.8, ,2.4, ,257, ,48.1, 
211,1/5/2014,0200,5,0, ,0, ,0, ,4.7, ,32.9, ,73, ,25.4, ,2.3, ,318, ,47.9, 
211,1/5/2014,0300,5,0, ,0, ,0, ,4.9, ,32.5, ,78, ,26.5, ,2.6, ,307, ,47.8, 
211,1/5/2014,0400,5,0, ,0, ,0, ,4.3, ,30, ,77, ,23.7, ,2.5, ,339, ,47.6, 
211,1/5/2014,0500,5,0, ,0, ,0, ,4.6, ,31.1, ,79, ,25.3, ,1.9, ,303, ,47.4, 
211,1/5/2014,0600,5,0, ,0, ,0, ,4.3, ,29, ,80, ,23.4, ,1.7, ,102, ,47.3, 
211,1/5/2014,0700,5,0, ,0, ,0, ,4.2, ,27.5, ,83, ,22.9, ,1.5, ,333, ,47.1, 
211,1/5/2014,0800,5,0, ,0, ,42, ,4.4, ,28.7, ,83, ,24.1, ,2.8, ,314, ,47, 
211,1/5/2014,0900,5,0, ,0, ,337, ,5.1, ,37, ,69, ,27.7, ,2.1, ,345, ,46.9, 
211,1/5/2014,1000,5,0.01, ,0, ,650, ,5.6, ,47.5, ,50, ,29.7, ,1.6, ,248, ,46.7, 
211,1/5/2014,1100,5,0.01, ,0, ,892, ,5.3, ,53.6, ,38, ,28.6, ,2.9, ,303, ,46.6, 
211,1/5/2014,1200,5,0.01, ,0, ,1031, ,4.6, ,61.9, ,24, ,25, ,8.3, ,322, ,46.6, 
211,1/5/2014,1300,5,0.02, ,0, ,1057, ,4.6, ,65.7, ,21, ,24.9, ,8.3, ,317, ,46.8, 
211,1/5/2014,1400,5,0.01, ,0, ,964, ,4.9, ,68.4, ,21, ,26.5, ,7.8, ,322, ,47.1, 
211,1/5/2014,1500,5,0.01, ,0, ,768, ,5, ,69.7, ,20, ,27.3, ,7.2, ,326, ,47.5, 
211,1/5/2014,1600,5,0.01, ,0, ,484, ,5.1, ,69.2, ,21, ,27.8, ,6.4, ,317, ,47.9, 
211,1/5/2014,1700,5,0, ,0, ,150, ,5, ,66.1, ,23, ,26.9, ,6, ,324, ,48.2, 
211,1/5/2014,1800,5,0, ,0, ,2, ,4.7, ,58.9, ,28, ,25.6, ,5.1, ,311, ,48.3, 
211,1/5/2014,1900,5,0, ,0, ,0, ,4.6, ,54.6, ,32, ,25.3, ,2.3, ,264, ,48.3, 
211,1/5/2014,2000,5,0, ,0, ,0, ,4.6, ,48.6, ,40, ,25.2, ,1.6, ,290, ,48.2, 
211,1/5/2014,2100,5,0, ,0, ,0, ,4.4, ,43.4, ,46, ,24.3, ,1.8, ,328, ,48.1, 
211,1/5/2014,2200,5,0, ,0, ,0, ,4.3, ,40.6, ,50, ,23.3, ,1.8, ,329, ,47.9, 
211,1/5/2014,2300,5,0, ,0, ,0, ,4.4, ,38.8, ,55, ,24.2, ,1.4, ,270, ,47.8, 
211,1/5/2014,2400,5,0, ,0, ,0, ,4.3, ,36.8, ,58, ,23.6, ,2.4, ,322, ,47.6, 
211,1/6/2014,0100,6,0, ,0, ,0, ,4.3, ,35.8, ,61, ,23.7, ,3.2, ,319, ,47.4, 
211,1/6/2014,0200,6,0, ,0, ,0, ,4.5, ,35, ,65, ,24.4, ,2, ,297, ,47.2, 
211,1/6/2014,0300,6,0, ,0, ,0, ,4.3, ,33.4, ,66, ,23.4, ,1.7, ,147, ,47.1, 
211,1/6/2014,0400,6,0, ,0, ,0, ,4.2, ,32.4, ,67, ,22.7, ,1.7, ,335, ,47, 
211,1/6/2014,0500,6,0, ,0, ,0, ,4.2, ,31.4, ,71, ,23, ,2.7, ,313, ,46.8, 
211,1/6/2014,0600,6,0, ,0, ,0, ,4.4, ,32.3, ,72, ,24.3, ,2.3, ,311, ,46.7, 
211,1/6/2014,0700,6,0, ,0, ,0, ,4.6, ,33, ,72, ,25, ,2.5, ,323, ,46.6, 
211,1/6/2014,0800,6,0, ,0, ,35, ,4.4, ,32.7, ,69, ,23.8, ,2, ,153, ,46.5, 
211,1/6/2014,0900,6,0, ,0, ,166, ,4.6, ,35.1, ,67, ,25.1, ,2.1, ,154, ,46.4, 
211,1/6/2014,1000,6,0, ,0, ,327, ,5.5, ,40.5, ,65, ,29.5, ,1.5, ,149, ,46.3, 
211,1/6/2014,1100,6,0.01, ,0, ,617, ,6.2, ,48, ,55, ,32.4, ,1.7, ,263, ,46.2, 
211,1/6/2014,1200,6,0.01, ,0, ,583, ,6.6, ,53.5, ,47, ,34, ,2.5, ,353, ,46.3, 
211,1/6/2014,1300,6,0.01, ,0, ,659, ,6.7, ,58.4, ,40, ,34.4, ,2.8, ,285, ,46.5, 
211,1/6/2014,1400,6,0.01, ,0, ,574, ,7, ,60.6, ,39, ,35.3, ,3.2, ,287, ,46.9, 
211,1/6/2014,1500,6,0.01, ,0, ,654, ,6.9, ,65.2, ,33, ,35.1, ,2.3, ,320, ,47.2, 
211,1/6/2014,1600,6,0, ,0, ,243, ,6.9, ,64.1, ,34, ,35.1, ,2.3, ,296, ,47.6, 
211,1/6/2014,1700,6,0, ,0, ,95, ,6.6, ,62.5, ,34, ,33.8, ,1.9, ,250, ,48, 
211,1/6/2014,1800,6,0, ,0, ,2, ,6.8, ,57.2, ,42, ,34.5, ,2, ,296, ,48.2, 
211,1/6/2014,1900,6,0, ,0, ,0, ,6.9, ,54.8, ,47, ,35.1, ,3, ,316, ,48.3, 
211,1/6/2014,2000,6,0, ,0, ,0, ,6.7, ,54.3, ,46, ,34.1, ,2.3, ,295, ,48.3, 
211,1/6/2014,2100,6,0, ,0, ,0, ,6.5, ,51, ,51, ,33.7, ,1.7, ,250, ,48.3, 
211,1/6/2014,2200,6,0, ,0, ,0, ,6.4, ,50.7, ,51, ,33.2, ,1.9, ,110, ,48.2, 
211,1/6/2014,2300,6,0, ,0, ,0, ,7, ,49.8, ,57, ,35.3, ,2.3, ,306, ,48.2, 
211,1/6/2014,2400,6,0, ,0, ,0, ,6.9, ,48.8, ,59, ,35.1, ,1.8, ,279, ,48.1, 
211,1/7/2014,0100,7,0, ,0, ,0, ,6.5, ,46.1, ,61, ,33.6, ,2.2, ,296, ,48.1, 
211,1/7/2014,0200,7,0, ,0, ,0, ,6.4, ,44.7, ,64, ,33.2, ,2.9, ,311, ,48, 
211,1/7/2014,0300,7,0, ,0, ,0, ,6.9, ,45.5, ,67, ,35.2, ,5, ,302, ,48, 
211,1/7/2014,0400,7,0, ,0, ,0, ,6.8, ,45.6, ,65, ,34.7, ,2.6, ,310, ,47.9, 
211,1/7/2014,0500,7,0, ,0, ,0, ,6.5, ,43.8, ,67, ,33.7, ,3, ,176, ,47.8, 
211,1/7/2014,0600,7,0, ,0, ,0, ,6.2, ,42.1, ,68, ,32.2, ,1.9, ,320, ,47.8, 
211,1/7/2014,0700,7,0, ,0, ,0, ,5.9, ,40, ,70, ,31.1, ,2, ,332, ,47.7, 
211,1/7/2014,0800,7,0, ,0, ,21, ,6.1, ,40, ,73, ,32, ,2.1, ,324, ,47.6, 
211,1/7/2014,0900,7,0, ,0, ,171, ,6.8, ,42.9, ,73, ,34.7, ,2.9, ,318, ,47.5, 
211,1/7/2014,1000,7,0, ,0, ,375, ,7.4, ,49.5, ,62, ,36.9, ,1.6, ,333, ,47.5, 
211,1/7/2014,1100,7,0, ,0, ,434, ,7.6, ,52.6, ,56, ,37.5, ,2, ,171, ,47.5, 
211,1/7/2014,1200,7,0.01, ,0, ,562, ,7.7, ,55.7, ,51, ,37.8, ,2.6, ,289, ,47.6, 
211,1/7/2014,1300,7,0.01, ,0, ,784, ,7.3, ,59.7, ,42, ,36.6, ,3.8, ,310, ,47.9, 
211,1/7/2014,1400,7,0.01, ,0, ,483, ,7, ,62.2, ,36, ,35.3, ,2.9, ,309, ,48.1, 
211,1/7/2014,1500,7,0.01, ,0, ,697, ,7.4, ,65, ,35, ,36.8, ,3.5, ,317, ,48.5, 
211,1/7/2014,1600,7,0, ,0, ,450, ,7.1, ,67, ,31, ,35.8, ,1.9, ,236, ,48.8, 
211,1/7/2014,1700,7,0, ,0, ,144, ,6.9, ,64, ,34, ,35, ,4.9, ,321, ,49.1, 
211,1/7/2014,1800,7,0, ,0, ,2, ,6.8, ,57, ,43, ,34.7, ,5, ,320, ,49.3, 
211,1/7/2014,1900,7,0, ,0, ,0, ,7, ,54.1, ,49, ,35.3, ,4.5, ,297, ,49.3, 
211,1/7/2014,2000,7,0, ,0, ,0, ,6.7, ,52.3, ,50, ,34.3, ,4.3, ,288, ,49.2, 
211,1/7/2014,2100,7,0, ,0, ,0, ,6, ,46.4, ,56, ,31.4, ,2.6, ,126, ,49.1, 
211,1/7/2014,2200,7,0, ,0, ,0, ,6.4, ,44.2, ,65, ,33.1, ,2.1, ,277, ,48.9, 
211,1/7/2014,2300,7,0, ,0, ,0, ,6.7, ,42.9, ,71, ,34.2, ,2.8, ,297, ,48.7, 
211,1/7/2014,2400,7,0, ,0, ,0, ,6.2, ,41.1, ,71, ,32.4, ,2.9, ,308, ,48.6, 
211,1/8/2014,0100,8,0, ,0, ,0, ,6, ,40.6, ,70, ,31.5, ,2.6, ,183, ,48.4, 
211,1/8/2014,0200,8,0, ,0, ,0, ,6.5, ,42.8, ,70, ,33.5, ,1.7, ,151, ,48.3, 
211,1/8/2014,0300,8,0, ,0, ,0, ,7, ,44.3, ,70, ,35.3, ,2.2, ,281, ,48.2, 
211,1/8/2014,0400,8,0, ,0, ,0, ,7.1, ,45.1, ,70, ,35.8, ,1.7, ,219, ,48.1, 
211,1/8/2014,0500,8,0, ,0, ,0, ,7.3, ,45.9, ,69, ,36.3, ,2.4, ,53, ,48.1, 
211,1/8/2014,0600,8,0, ,0, ,0, ,7.5, ,46.5, ,69, ,37, ,2.4, ,227, ,48.2, 
211,1/8/2014,0700,8,0, ,0, ,0, ,7.5, ,46.7, ,69, ,37.1, ,2.5, ,337, ,48.2, 
211,1/8/2014,0800,8,0, ,0, ,6, ,7.6, ,46.9, ,69, ,37.3, ,2.5, ,80, ,48.2, 
211,1/8/2014,0900,8,0, ,0, ,97, ,8, ,47.7, ,71, ,38.9, ,3.7, ,169, ,48.2, 
211,1/8/2014,1000,8,0, ,0, ,273, ,8.6, ,49.6, ,71, ,40.6, ,4.5, ,152, ,48.3, 
211,1/8/2014,1100,8,0, ,0, ,538, ,10.4, ,53.5, ,75, ,45.6, ,2.7, ,287, ,48.3, 
211,1/8/2014,1200,8,0.01, ,0, ,691, ,10.8, ,56.3, ,70, ,46.6, ,7.8, ,313, ,48.5, 
211,1/8/2014,1300,8,0.01, ,0, ,852, ,10.9, ,58.7, ,65, ,46.9, ,13.3, ,319, ,48.7, 
211,1/8/2014,1400,8,0.01, ,0, ,914, ,10.7, ,59.6, ,61, ,46.4, ,12.2, ,310, ,49, 
211,1/8/2014,1500,8,0.01, ,0, ,615, ,10.8, ,58.9, ,64, ,46.7, ,10.4, ,304, ,49.2, 
211,1/8/2014,1600,8,0, ,0, ,281, ,10.6, ,58, ,64, ,46, ,10.5, ,310, ,49.4, 
211,1/8/2014,1700,8,0, ,0, ,88, ,10.6, ,56.8, ,67, ,46.1, ,9.2, ,313, ,49.6, 
211,1/8/2014,1800,8,0, ,0, ,2, ,10.7, ,54.5, ,73, ,46.2, ,6.9, ,309, ,49.6, 
211,1/8/2014,1900,8,0, ,0, ,0, ,10.7, ,52.3, ,80, ,46.3, ,6.5, ,306, ,49.6, 
211,1/8/2014,2000,8,0, ,0, ,0, ,11, ,51.2, ,86, ,47.1, ,7.6, ,308, ,49.6, 
211,1/8/2014,2100,8,0, ,0, ,0, ,10.8, ,50.1, ,87, ,46.5, ,8.2, ,315, ,49.5, 
211,1/8/2014,2200,8,0, ,0, ,0, ,10.9, ,51.1, ,85, ,46.9, ,7.3, ,320, ,49.5, 
211,1/8/2014,2300,8,0, ,0, ,0, ,10.9, ,51.5, ,84, ,46.9, ,6.1, ,324, ,49.4, 
211,1/8/2014,2400,8,0, ,0, ,0, ,10.9, ,51.4, ,84, ,46.7, ,4.7, ,328, ,49.4, 
211,1/9/2014,0100,9,0, ,0, ,0, ,10.6, ,51.2, ,83, ,46.1, ,3.1, ,328, ,49.4, 
211,1/9/2014,0200,9,0, ,0, ,0, ,10.2, ,49.9, ,84, ,45.1, ,2.8, ,163, ,49.4, 
211,1/9/2014,0300,9,0, ,0, ,0, ,10.1, ,49.1, ,85, ,44.7, ,2.6, ,178, ,49.4, 
211,1/9/2014,0400,9,0, ,0, ,0, ,10.2, ,49.4, ,85, ,45, ,1.5, ,217, ,49.4, 
211,1/9/2014,0500,9,0, ,0, ,0, ,10, ,49.3, ,84, ,44.6, ,1.5, ,125, ,49.4, 
211,1/9/2014,0600,9,0, ,0, ,0, ,10.1, ,49.1, ,85, ,44.7, ,1.7, ,225, ,49.4, 
211,1/9/2014,0700,9,0, ,0, ,0, ,9.7, ,47.3, ,87, ,43.7, ,1.7, ,206, ,49.4, 
211,1/9/2014,0800,9,0, ,0, ,13, ,8.7, ,44.5, ,87, ,40.8, ,2.4, ,148, ,49.4, 
211,1/9/2014,0900,9,0, ,0, ,100, ,9.9, ,47.6, ,88, ,44.4, ,3.5, ,158, ,49.3, 
211,1/9/2014,1000,9,0, ,0, ,233, ,10.7, ,50.6, ,85, ,46.2, ,1.8, ,59, ,49.3, 
211,1/9/2014,1100,9,0, ,0, ,530, ,11.1, ,53.1, ,80, ,47.2, ,3.1, ,143, ,49.3, 
211,1/9/2014,1200,9,0.01, ,0, ,909, ,11.5, ,57.1, ,72, ,48.2, ,3.9, ,335, ,49.4, 
211,1/9/2014,1300,9,0.01, ,0, ,1041, ,10.7, ,60.2, ,60, ,46.4, ,11.6, ,303, ,49.7, 
211,1/9/2014,1400,9,0.01, ,0, ,956, ,10, ,61.2, ,54, ,44.7, ,14.6, ,308, ,50, 
211,1/9/2014,1500,9,0.01, ,0, ,764, ,9.2, ,61.6, ,49, ,42.3, ,14.9, ,312, ,50.3, 
211,1/9/2014,1600,9,0.01, ,0, ,491, ,9.2, ,60.6, ,51, ,42.4, ,15.1, ,309, ,50.5, 
211,1/9/2014,1700,9,0, ,0, ,176, ,9.5, ,58.4, ,57, ,43.2, ,12.1, ,313, ,50.5, 
211,1/9/2014,1800,9,0, ,0, ,4, ,9.8, ,55.8, ,65, ,44.1, ,13.4, ,313, ,50.5, 
211,1/9/2014,1900,9,0, ,0, ,0, ,9.8, ,53.5, ,70, ,44.1, ,12.4, ,316, ,50.5, 
211,1/9/2014,2000,9,0, ,0, ,0, ,10, ,51.8, ,76, ,44.4, ,10, ,326, ,50.4, 
211,1/9/2014,2100,9,0, ,0, ,0, ,10.1, ,50.9, ,80, ,44.8, ,10.3, ,316, ,50.3, 
211,1/9/2014,2200,9,0, ,0, ,0, ,9.9, ,49.5, ,82, ,44.4, ,8.8, ,306, ,50.2, 
211,1/9/2014,2300,9,0, ,0, ,0, ,9.7, ,49.2, ,81, ,43.8, ,8.9, ,315, ,50.1, 
211,1/9/2014,2400,9,0, ,0, ,0, ,9.5, ,48.5, ,81, ,43.1, ,7.3, ,321, ,50.1, 
211,1/10/2014,0100,10,0, ,0, ,0, ,8.5, ,44.5, ,85, ,40.2, ,2.7, ,342, ,50, 
211,1/10/2014,0200,10,0, ,0, ,0, ,7.6, ,41.1, ,86, ,37.3, ,1.9, ,6, ,49.9, 
211,1/10/2014,0300,10,0, ,0, ,0, ,7.3, ,39.7, ,88, ,36.5, ,2.4, ,55, ,49.7, 
211,1/10/2014,0400,10,0, ,0, ,0, ,7.3, ,39.4, ,89, ,36.4, ,1.9, ,305, ,49.6, 
211,1/10/2014,0500,10,0, ,0, ,0, ,6.8, ,37.7, ,88, ,34.6, ,2.2, ,318, ,49.4, 
211,1/10/2014,0600,10,0, ,0, ,0, ,6.7, ,37, ,90, ,34.2, ,2.2, ,89, ,49.2, 
211,1/10/2014,0700,10,0, ,0, ,0, ,6.4, ,35.5, ,92, ,33.3, ,1.7, ,302, ,49, 
211,1/10/2014,0800,10,0, ,0, ,48, ,6.1, ,34.3, ,91, ,32.1, ,1.8, ,332, ,48.9, 
211,1/10/2014,0900,10,0, ,0, ,331, ,7.3, ,40.7, ,85, ,36.5, ,1.6, ,65, ,48.7, 
211,1/10/2014,1000,10,0, ,0, ,634, ,8.4, ,48.4, ,73, ,40.1, ,1.8, ,50, ,48.6, 
211,1/10/2014,1100,10,0.01, ,0, ,832, ,9.4, ,53.5, ,67, ,42.8, ,2.7, ,297, ,48.6, 
211,1/10/2014,1200,10,0.01, ,0, ,1007, ,10.2, ,59.1, ,60, ,45, ,4.4, ,342, ,48.8, 
211,1/10/2014,1300,10,0.01, ,0, ,1046, ,10.8, ,62.7, ,55, ,46.5, ,5.5, ,334, ,49, 
211,1/10/2014,1400,10,0.01, ,0, ,961, ,10.7, ,64, ,52, ,46.3, ,7.5, ,329, ,49.5, 
211,1/10/2014,1500,10,0.01, ,0, ,707, ,10.7, ,65, ,51, ,46.3, ,7, ,328, ,49.9, 
211,1/10/2014,1600,10,0.01, ,0, ,450, ,10.6, ,64.9, ,51, ,46.2, ,6.6, ,323, ,50.3, 
211,1/10/2014,1700,10,0, ,0, ,197, ,10.4, ,63.4, ,52, ,45.6, ,7.7, ,322, ,50.5, 
211,1/10/2014,1800,10,0, ,0, ,6, ,10, ,58.6, ,59, ,44.5, ,4.7, ,314, ,50.6, 
211,1/10/2014,1900,10,0, ,0, ,0, ,9.7, ,55.2, ,65, ,43.8, ,4.3, ,301, ,50.6, 
211,1/10/2014,2000,10,0, ,0, ,0, ,9.4, ,52.3, ,70, ,43, ,4.8, ,326, ,50.5, 
211,1/10/2014,2100,10,0, ,0, ,0, ,9.9, ,52.2, ,74, ,44.2, ,5.7, ,306, ,50.4, 
211,1/10/2014,2200,10,0, ,0, ,0, ,9.1, ,49.2, ,77, ,42.2, ,3, ,341, ,50.3, 
211,1/10/2014,2300,10,0, ,0, ,0, ,8.1, ,44.5, ,81, ,39, ,2.8, ,328, ,50.1, 
211,1/10/2014,2400,10,0, ,0, ,0, ,7.6, ,42.6, ,82, ,37.5, ,1.6, ,337, ,50, 
211,1/11/2014,0100,11,0, ,0, ,0, ,7.1, ,40.7, ,82, ,35.8, ,1.4, ,291, ,49.8, 
211,1/11/2014,0200,11,0, ,0, ,0, ,6.6, ,38.6, ,83, ,33.9, ,2.1, ,327, ,49.6, 
211,1/11/2014,0300,11,0, ,0, ,0, ,7.2, ,39.6, ,87, ,36, ,2.2, ,298, ,49.5, 
211,1/11/2014,0400,11,0, ,0, ,0, ,6.4, ,37, ,86, ,33.2, ,1.8, ,327, ,49.3, 
211,1/11/2014,0500,11,0, ,0, ,0, ,6.6, ,37.4, ,87, ,34, ,1.8, ,324, ,49.1, 
211,1/11/2014,0600,11,0, ,0, ,0, ,6.3, ,37.1, ,85, ,32.9, ,1.7, ,209, ,49, 
211,1/11/2014,0700,11,0, ,0, ,0, ,6.3, ,37.1, ,84, ,32.6, ,2.4, ,127, ,48.9, 
211,1/11/2014,0800,11,0, ,0, ,33, ,6.7, ,38, ,87, ,34.4, ,2.6, ,291, ,48.8, 
211,1/11/2014,0900,11,0, ,0, ,167, ,7.3, ,40.5, ,86, ,36.6, ,3.3, ,299, ,48.7, 
211,1/11/2014,1000,11,0, ,0, ,434, ,8.6, ,46.4, ,80, ,40.6, ,3, ,321, ,48.6, 
211,1/11/2014,1100,11,0.01, ,0, ,523, ,8.8, ,50, ,72, ,41.3, ,7, ,152, ,48.6, 
211,1/11/2014,1200,11,0.01, ,0, ,686, ,8.6, ,52.9, ,63, ,40.5, ,4.8, ,154, ,48.8, 
211,1/11/2014,1300,11,0.01, ,0, ,611, ,9.1, ,56.9, ,57, ,42, ,3.8, ,306, ,49, 
211,1/11/2014,1400,11,0.01, ,0, ,531, ,9.6, ,59.1, ,56, ,43.6, ,7.8, ,318, ,49.2, 
211,1/11/2014,1500,11,0, ,0, ,273, ,10, ,60, ,56, ,44.5, ,5.5, ,307, ,49.5, 
211,1/11/2014,1600,11,0, ,0, ,214, ,10.1, ,60, ,57, ,44.8, ,3.6, ,200, ,49.8, 
211,1/11/2014,1700,11,0, ,0, ,77, ,11, ,58.6, ,65, ,47, ,3.6, ,170, ,49.9, 
211,1/11/2014,1800,11,0, ,0, ,2, ,11.3, ,56.3, ,73, ,47.7, ,3.7, ,103, ,50.1, 
211,1/11/2014,1900,11,0, ,0, ,0, ,11.7, ,55.5, ,78, ,48.7, ,7, ,321, ,50.1, 
211,1/11/2014,2000,11,0, ,0, ,0, ,10.3, ,52.5, ,76, ,45.3, ,10.1, ,309, ,50.1, 
211,1/11/2014,2100,11,0, ,0, ,0, ,10.1, ,49.9, ,82, ,44.7, ,7.7, ,317, ,50.1, 
211,1/11/2014,2200,11,0, ,0, ,0, ,9.9, ,48.5, ,85, ,44.2, ,6.3, ,322, ,50.1, 
211,1/11/2014,2300,11,0, ,0, ,0, ,9.8, ,47.9, ,86, ,44, ,7.4, ,323, ,50, 
211,1/11/2014,2400,11,0, ,0, ,0, ,9, ,44.6, ,90, ,41.9, ,3, ,322, ,49.9, 
211,1/12/2014,0100,12,0, ,0, ,0, ,9, ,44, ,92, ,41.8, ,3.5, ,308, ,49.8, 
211,1/12/2014,0200,12,0, ,0, ,0, ,9, ,43.9, ,92, ,41.7, ,2.3, ,74, ,49.7, 
211,1/12/2014,0300,12,0, ,0, ,0, ,8.8, ,43.6, ,91, ,41.3, ,1.8, ,178, ,49.6, 
211,1/12/2014,0400,12,0, ,0, ,0, ,8.6, ,43.4, ,90, ,40.7, ,1.6, ,157, ,49.5, 
211,1/12/2014,0500,12,0, ,0, ,0, ,8.3, ,42.2, ,91, ,39.8, ,2.4, ,39, ,49.4, 
211,1/12/2014,0600,12,0, ,0, ,0, ,8.9, ,43.8, ,91, ,41.4, ,1.8, ,256, ,49.4, 
211,1/12/2014,0700,12,0, ,0, ,0, ,8.9, ,44.5, ,89, ,41.5, ,1.9, ,36, ,49.4, 
211,1/12/2014,0800,12,0, ,0, ,16, ,9.6, ,46.5, ,89, ,43.5, ,3.4, ,302, ,49.3, 
211,1/12/2014,0900,12,0, ,0, ,135, ,10.2, ,48.1, ,89, ,45, ,9.5, ,325, ,49.4, 
211,1/12/2014,1000,12,0, ,0, ,305, ,10.2, ,49.5, ,85, ,45.1, ,12, ,326, ,49.4, 
211,1/12/2014,1100,12,0.01, ,0, ,451, ,9.7, ,50.4, ,78, ,43.9, ,13.9, ,322, ,49.4, 
211,1/12/2014,1200,12,0.01, ,0, ,701, ,9.8, ,52.8, ,72, ,43.9, ,12.8, ,322, ,49.5, 
211,1/12/2014,1300,12,0.01, ,0, ,1068, ,9.8, ,56.8, ,62, ,44, ,13.3, ,318, ,49.6, 
211,1/12/2014,1400,12,0.01, ,0, ,979, ,9.1, ,59.1, ,53, ,42.2, ,14.2, ,315, ,49.8, 
211,1/12/2014,1500,12,0.01, ,0, ,786, ,8.4, ,60.6, ,46, ,39.9, ,14, ,317, ,50, 
211,1/12/2014,1600,12,0.01, ,0, ,513, ,7.8, ,60.5, ,43, ,38.1, ,13.7, ,319, ,50.2, 
211,1/12/2014,1700,12,0.01, ,0, ,185, ,7.5, ,58.4, ,45, ,37.2, ,13.3, ,318, ,50.3, 
211,1/12/2014,1800,12,0, ,0, ,5, ,7.3, ,55, ,49, ,36.3, ,9.5, ,328, ,50.3, 
211,1/12/2014,1900,12,0, ,0, ,0, ,7.1, ,52.2, ,54, ,35.8, ,7.8, ,322, ,50.2, 
211,1/12/2014,2000,12,0, ,0, ,0, ,7.1, ,51, ,56, ,35.8, ,8.4, ,320, ,50.1, 
211,1/12/2014,2100,12,0, ,0, ,0, ,6.5, ,47.2, ,58, ,33.4, ,3.6, ,300, ,50, 
211,1/12/2014,2200,12,0, ,0, ,0, ,6, ,43.6, ,62, ,31.5, ,2.3, ,166, ,49.9, 
211,1/12/2014,2300,12,0, ,0, ,0, ,5.4, ,39.2, ,66, ,28.9, ,2.6, ,95, ,49.7, 
211,1/12/2014,2400,12,0, ,0, ,0, ,5.5, ,38.3, ,70, ,29.4, ,2.7, ,276, ,49.5, 
211,1/13/2014,0100,13,0, ,0, ,0, ,5.1, ,36, ,71, ,27.6, ,2.6, ,336, ,49.4, 
211,1/13/2014,0200,13,0, ,0, ,0, ,5.1, ,34.7, ,75, ,27.7, ,2.5, ,295, ,49.2, 
211,1/13/2014,0300,13,0, ,0, ,0, ,4.8, ,32.6, ,76, ,25.9, ,2.2, ,343, ,49, 
211,1/13/2014,0400,13,0, ,0, ,0, ,4.8, ,31.5, ,80, ,26.2, ,2.4, ,311, ,48.8, 
211,1/13/2014,0500,13,0, ,0, ,0, ,4.7, ,30.7, ,82, ,25.8, ,2.3, ,314, ,48.6, 
211,1/13/2014,0600,13,0, ,0, ,0, ,4.6, ,29.5, ,83, ,25.1, ,2, ,313, ,48.5, 
211,1/13/2014,0700,13,0, ,0, ,0, ,4.7, ,29.5, ,86, ,25.8, ,2.3, ,308, ,48.3, 
211,1/13/2014,0800,13,0, ,0, ,49, ,4.8, ,29.7, ,86, ,25.9, ,2.8, ,312, ,48.1, 
211,1/13/2014,0900,13,0, ,0, ,344, ,5.9, ,36.8, ,80, ,31.1, ,3, ,296, ,48, 
211,1/13/2014,1000,13,0.01, ,0, ,661, ,6.9, ,45.9, ,65, ,34.9, ,3.6, ,310, ,47.9, 
211,1/13/2014,1100,13,0.01, ,0, ,906, ,7.4, ,54.2, ,51, ,36.7, ,2.2, ,234, ,47.8, 
211,1/13/2014,1200,13,0.01, ,0, ,1060, ,7.5, ,60.1, ,42, ,37, ,8.8, ,320, ,48, 
211,1/13/2014,1300,13,0.02, ,0, ,1097, ,7, ,64.7, ,34, ,35.4, ,10.1, ,319, ,48.3, 
211,1/13/2014,1400,13,0.02, ,0, ,1009, ,6.5, ,67.2, ,29, ,33.6, ,11.1, ,323, ,48.6, 
211,1/13/2014,1500,13,0.01, ,0, ,814, ,6.4, ,68.3, ,27, ,33, ,10.7, ,321, ,49, 
211,1/13/2014,1600,13,0.01, ,0, ,533, ,6.4, ,68.5, ,27, ,33.2, ,10.9, ,324, ,49.3, 
211,1/13/2014,1700,13,0.01, ,0, ,196, ,6.4, ,66.2, ,29, ,33.2, ,8.9, ,328, ,49.5, 
211,1/13/2014,1800,13,0, ,0, ,5, ,6.4, ,60.3, ,36, ,33.1, ,5, ,333, ,49.6, 
211,1/13/2014,1900,13,0, ,0, ,0, ,6, ,55, ,41, ,31.7, ,2.1, ,226, ,49.6, 
211,1/13/2014,2000,13,0, ,0, ,0, ,5.5, ,46.9, ,51, ,29.6, ,2.1, ,323, ,49.5, 
211,1/13/2014,2100,13,0, ,0, ,0, ,5.4, ,43.9, ,55, ,29, ,2.2, ,301, ,49.3, 
211,1/13/2014,2200,13,0, ,0, ,0, ,5.1, ,40.4, ,60, ,27.5, ,2.1, ,319, ,49.1, 
211,1/13/2014,2300,13,0, ,0, ,0, ,5.4, ,39.6, ,66, ,29.2, ,2.2, ,300, ,48.9, 
211,1/13/2014,2400,13,0, ,0, ,0, ,4.9, ,36.5, ,66, ,26.4, ,2.6, ,316, ,48.7, 
211,1/14/2014,0100,14,0, ,0, ,0, ,4.6, ,34, ,69, ,25, ,1.6, ,354, ,48.6, 
211,1/14/2014,0200,14,0, ,0, ,0, ,4.4, ,32.2, ,72, ,24.1, ,2.1, ,342, ,48.4, 
211,1/14/2014,0300,14,0, ,0, ,0, ,4.5, ,31.9, ,74, ,24.5, ,2.4, ,314, ,48.2, 
211,1/14/2014,0400,14,0, ,0, ,0, ,4.6, ,31, ,78, ,25, ,2.4, ,305, ,48, 
211,1/14/2014,0500,14,0, ,0, ,0, ,4.6, ,31, ,78, ,24.9, ,2.9, ,310, ,47.9, 
211,1/14/2014,0600,14,0, ,0, ,0, ,5, ,32.5, ,80, ,27, ,4.7, ,302, ,47.7, 
211,1/14/2014,0700,14,0, ,0, ,0, ,5, ,34.1, ,76, ,27.3, ,3.1, ,309, ,47.6, 
211,1/14/2014,0800,14,0, ,0, ,46, ,4.6, ,32.2, ,74, ,24.8, ,1.9, ,141, ,47.4, 
211,1/14/2014,0900,14,0, ,0, ,341, ,5.2, ,38.2, ,66, ,28, ,1.4, ,5, ,47.4, 
211,1/14/2014,1000,14,0.01, ,0, ,658, ,6.3, ,46.8, ,58, ,32.9, ,4.1, ,314, ,47.3, 
211,1/14/2014,1100,14,0.01, ,0, ,907, ,7.3, ,56.8, ,47, ,36.6, ,7.4, ,310, ,47.3, 
211,1/14/2014,1200,14,0.02, ,0, ,1055, ,6.5, ,64.6, ,31, ,33.5, ,8.5, ,306, ,47.5, 
211,1/14/2014,1300,14,0.02, ,0, ,1090, ,6.1, ,69.4, ,25, ,32.1, ,9.4, ,325, ,47.8, 
211,1/14/2014,1400,14,0.02, ,0, ,1003, ,6.2, ,71.6, ,23, ,32.2, ,6.7, ,301, ,48.1, 
211,1/14/2014,1500,14,0.01,Y,0, ,808, ,6, ,73.4,Y,21,Y,31.7,Y,7.9, ,316, ,48.6, 
211,1/14/2014,1600,14,0.01,Y,0, ,528, ,5.6, ,73.6,Y,20,Y,30,Y,9.2, ,319, ,49, 
211,1/14/2014,1700,14,0.01,Y,0, ,196, ,5.2, ,71,Y,20,Y,28.2,Y,6.5, ,319, ,49.2, 
211,1/14/2014,1800,14,0, ,0, ,6, ,4.5, ,62.3, ,24, ,24.7, ,4.1, ,341, ,49.4, 
211,1/14/2014,1900,14,0, ,0, ,0, ,4.8, ,58.6, ,29, ,26.3, ,3.2, ,191, ,49.4, 
211,1/14/2014,2000,14,0, ,0, ,0, ,5.2, ,49.9, ,42, ,27.8, ,2.7, ,314, ,49.2, 
211,1/14/2014,2100,14,0, ,0, ,0, ,4.7, ,45.8, ,45, ,25.6, ,2.1, ,311, ,49.1, 
211,1/14/2014,2200,14,0, ,0, ,0, ,4.7, ,43.2, ,49, ,25.5, ,3, ,311, ,48.9, 
211,1/14/2014,2300,14,0, ,0, ,0, ,4.5, ,40.9, ,51, ,24.4, ,2.5, ,310, ,48.7, 
211,1/14/2014,2400,14,0, ,0, ,0, ,4.1, ,38.2, ,52, ,22.3, ,2.1, ,249, ,48.5, 
211,1/15/2014,0100,15,0, ,0, ,0, ,4.3, ,37, ,58, ,23.5, ,2.6, ,304, ,48.3, 
211,1/15/2014,0200,15,0, ,0, ,0, ,4.4, ,37.3, ,58, ,23.8, ,3.3, ,286, ,48.2, 
211,1/15/2014,0300,15,0, ,0, ,0, ,4.1, ,36.1, ,57, ,22.3, ,2.5, ,335, ,48, 
211,1/15/2014,0400,15,0, ,0, ,0, ,4.1, ,34.2, ,61, ,22.3, ,2.5, ,288, ,47.9, 
211,1/15/2014,0500,15,0, ,0, ,0, ,4, ,33.2, ,62, ,21.5, ,2, ,177, ,47.8, 
211,1/15/2014,0600,15,0, ,0, ,0, ,4, ,31.6, ,66, ,21.5, ,2.3, ,311, ,47.6, 
211,1/15/2014,0700,15,0, ,0, ,0, ,4.1, ,31.1, ,70, ,22.4, ,3, ,307, ,47.5, 
211,1/15/2014,0800,15,0, ,0, ,46, ,4.4, ,33.4, ,68, ,23.9, ,3.5, ,301, ,47.3, 
211,1/15/2014,0900,15,0, ,0, ,342, ,5, ,40.8, ,57, ,26.9, ,3, ,330, ,47.2, 
211,1/15/2014,1000,15,0.01, ,0, ,657, ,5.5, ,49.4, ,46, ,29.4, ,3.3, ,153, ,47.1, 
211,1/15/2014,1100,15,0.01, ,0, ,913, ,5.8, ,54.3, ,41, ,30.9, ,2.6, ,159, ,47.2, 
211,1/15/2014,1200,15,0.01, ,0, ,1058, ,6.4, ,63.5, ,32, ,33.1, ,2.1, ,310, ,47.4, 
211,1/15/2014,1300,15,0.01, ,0, ,1094, ,6.6, ,70.6, ,26, ,34, ,4.7, ,305, ,47.7, 
211,1/15/2014,1400,15,0.02,Y,0, ,1015, ,6.6, ,74.6,Y,22,Y,33.8,Y,6.1, ,312, ,48.2, 
211,1/15/2014,1500,15,0.02,Y,0, ,821, ,6.3, ,75.9,Y,21,Y,32.9,Y,10, ,322, ,48.7, 
211,1/15/2014,1600,15,0.01,Y,0, ,536, ,5.9, ,74.1,Y,20,Y,31.1,Y,11.6, ,320, ,49.2, 
211,1/15/2014,1700,15,0.01,Y,0, ,205, ,5.9, ,70.9,Y,23,Y,31,Y,9.9, ,323, ,49.4, 
211,1/15/2014,1800,15,0,Y,0, ,6, ,5.6, ,64.2,Y,27,Y,29.6,Y,5.9, ,323, ,49.5, 
211,1/15/2014,1900,15,0, ,0, ,0, ,5.3, ,58.2, ,32, ,28.7, ,3.9, ,318, ,49.5, 
211,1/15/2014,2000,15,0, ,0, ,0, ,5.3, ,53, ,38, ,28.4, ,3.3, ,327, ,49.4, 
211,1/15/2014,2100,15,0, ,0, ,0, ,5.4, ,49.8, ,44, ,28.7, ,3.7, ,305, ,49.2, 
211,1/15/2014,2200,15,0, ,0, ,0, ,5, ,45.3, ,48, ,26.9, ,2.4, ,326, ,49, 
211,1/15/2014,2300,15,0, ,0, ,0, ,4.8, ,41.2, ,55, ,26.3, ,1.5, ,274, ,48.8, 
211,1/15/2014,2400,15,0, ,0, ,0, ,4.7, ,38.9, ,58, ,25.6, ,2.3, ,314, ,48.7, 
211,1/16/2014,0100,16,0, ,0, ,0, ,4.5, ,37.6, ,59, ,24.7, ,1.7, ,321, ,48.5, 
211,1/16/2014,0200,16,0, ,0, ,0, ,4.3, ,35.6, ,61, ,23.7, ,2, ,335, ,48.3, 
211,1/16/2014,0300,16,0, ,0, ,0, ,4.5, ,35, ,65, ,24.6, ,2.6, ,317, ,48.1, 
211,1/16/2014,0400,16,0, ,0, ,0, ,4.1, ,32.6, ,66, ,22.6, ,2.1, ,327, ,47.9, 
211,1/16/2014,0500,16,0, ,0, ,0, ,4.3, ,32, ,70, ,23.3, ,2.3, ,308, ,47.8, 
211,1/16/2014,0600,16,0, ,0, ,0, ,3.7, ,30, ,65, ,19.7, ,1.5, ,58, ,47.6, 
211,1/16/2014,0700,16,0, ,0, ,0, ,4.1, ,30.6, ,71, ,22.4, ,2.2, ,312, ,47.5, 
211,1/16/2014,0800,16,0, ,0, ,50, ,4.1, ,30.2, ,73, ,22.6, ,1.8, ,333, ,47.3, 
211,1/16/2014,0900,16,0, ,0, ,355, ,6.1, ,38.1, ,79, ,32.1, ,2.2, ,335, ,47.1, 
211,1/16/2014,1000,16,0.01, ,0, ,655, ,7.2, ,47.6, ,65, ,36.2, ,1.5, ,165, ,46.7, 
211,1/16/2014,1100,16,0.01, ,0, ,899, ,7.7, ,54.3, ,54, ,37.8, ,1.7, ,147, ,46.7, 
211,1/16/2014,1200,16,0.01, ,0, ,1047, ,7.8, ,60.6, ,43, ,38.2, ,3.8, ,305, ,47.2, 
211,1/16/2014,1300,16,0.02, ,0, ,1126, ,6.5, ,70.1, ,26, ,33.6, ,7, ,329, ,48.3, 
211,1/16/2014,1400,16,0.02,Y,0, ,1046, ,6.3, ,74.6,Y,22,Y,32.8,Y,7.4, ,313, ,49.2, 
211,1/16/2014,1500,16,0.02,Y,0, ,846, ,5.7, ,76.4,Y,18,Y,30.2,Y,9, ,322, ,49.8, 
211,1/16/2014,1600,16,0.01,Y,0, ,561, ,5.8, ,76.1,Y,19,Y,30.9,Y,7.4, ,317, ,50.2, 
211,1/16/2014,1700,16,0.01,Y,0, ,218, ,5.4, ,72.9,Y,20,Y,29.1,Y,6.5, ,320, ,50.4, 
211,1/16/2014,1800,16,0,Y,0, ,6, ,5.2, ,64.9,Y,25,Y,28.2,Y,5.6, ,316, ,50.5, 
211,1/16/2014,1900,16,0, ,0, ,0, ,5, ,58.7, ,30, ,27.2, ,3.7, ,308, ,50.5, 
211,1/16/2014,2000,16,0, ,0, ,0, ,4.7, ,54.2, ,33, ,25.6, ,1.7, ,297, ,50.3, 
211,1/16/2014,2100,16,0, ,0, ,0, ,4.7, ,48.8, ,40, ,25.5, ,2.3, ,323, ,50.1, 
211,1/16/2014,2200,16,0, ,0, ,0, ,4.7, ,44, ,48, ,25.4, ,2, ,306, ,49.8, 
211,1/16/2014,2300,16,0, ,0, ,0, ,4.4, ,40.6, ,51, ,24, ,2.5, ,325, ,49.6, 
211,1/16/2014,2400,16,0, ,0, ,0, ,4.5, ,39.3, ,55, ,24.5, ,1.7, ,293, ,49.4, 
211,1/17/2014,0100,17,0, ,0, ,0, ,4.4, ,37.2, ,58, ,23.9, ,2.9, ,309, ,49.1, 
211,1/17/2014,0200,17,0, ,0, ,0, ,4.6, ,37.3, ,61, ,25, ,2.7, ,308, ,48.9, 
211,1/17/2014,0300,17,0, ,0, ,0, ,4.1, ,34.6, ,61, ,22.4, ,1.5, ,333, ,48.7, 
211,1/17/2014,0400,17,0, ,0, ,0, ,4.1, ,32.9, ,64, ,22.1, ,1.8, ,335, ,48.5, 
211,1/17/2014,0500,17,0, ,0, ,0, ,4.5, ,33.9, ,69, ,24.7, ,2.8, ,296, ,48.3, 
211,1/17/2014,0600,17,0, ,0, ,0, ,4, ,31.3, ,67, ,21.7, ,1.8, ,330, ,48.1, 
211,1/17/2014,0700,17,0, ,0, ,0, ,4, ,30.4, ,70, ,21.8, ,1.8, ,263, ,48, 
211,1/17/2014,0800,17,0, ,0, ,48, ,4.2, ,30.6, ,72, ,22.7, ,2.1, ,311, ,47.8, 
211,1/17/2014,0900,17,0, ,0, ,357, ,4.9, ,38.5, ,62, ,26.6, ,1.5, ,196, ,47.7, 
211,1/17/2014,1000,17,0.01, ,0, ,688, ,5.6, ,48, ,49, ,30, ,2, ,156, ,47.5, 
211,1/17/2014,1100,17,0.01, ,0, ,950, ,6, ,55.7, ,39, ,31.5, ,1.9, ,169, ,47.4, 
211,1/17/2014,1200,17,0.01, ,0, ,1105, ,5.9, ,63.2, ,30, ,31.1, ,2.2, ,308, ,47.4, 
211,1/17/2014,1300,17,0.01, ,0, ,1142, ,5.7, ,69.8, ,23, ,30.1, ,2.4, ,274, ,47.7, 
211,1/17/2014,1400,17,0.01,Y,0, ,1057, ,5.5, ,76.5,Y,18,Y,29.3,Y,2.3, ,271, ,48.1, 
211,1/17/2014,1500,17,0.01,Y,0, ,856, ,5.1, ,78.7,Y,15,Y,27.6,Y,4.2, ,302, ,48.7, 
211,1/17/2014,1600,17,0.01,Y,0, ,567, ,5.7, ,76.7,Y,18,Y,30.4,Y,9.7, ,321, ,49.3, 
211,1/17/2014,1700,17,0.01,Y,0, ,220, ,5.9, ,72,Y,22,Y,31.2,Y,10.9, ,327, ,49.8, 
211,1/17/2014,1800,17,0,Y,0, ,7, ,5.7, ,64.7,Y,27,Y,30.3,Y,6.2, ,319, ,49.9, 
211,1/17/2014,1900,17,0, ,0, ,0, ,5.6, ,59.9, ,32, ,29.8, ,4.5, ,295, ,50, 
211,1/17/2014,2000,17,0, ,0, ,0, ,5.2, ,53.5, ,37, ,28.1, ,2.8, ,322, ,49.9, 
211,1/17/2014,2100,17,0, ,0, ,0, ,4.9, ,47, ,45, ,26.8, ,2.3, ,309, ,49.7, 
211,1/17/2014,2200,17,0, ,0, ,0, ,4.8, ,45, ,47, ,26.3, ,3.1, ,307, ,49.5, 
211,1/17/2014,2300,17,0, ,0, ,0, ,4.5, ,42.6, ,48, ,24.4, ,2.2, ,331, ,49.3, 
211,1/17/2014,2400,17,0, ,0, ,0, ,4.3, ,38.9, ,53, ,23.4, ,2.1, ,350, ,49.1, 
211,1/18/2014,0100,18,0, ,0, ,0, ,4, ,36.9, ,54, ,21.9, ,2, ,350, ,48.8, 
211,1/18/2014,0200,18,0, ,0, ,0, ,4.2, ,35.5, ,60, ,22.9, ,2.6, ,310, ,48.6, 
211,1/18/2014,0300,18,0, ,0, ,0, ,4.1, ,33.9, ,61, ,22.1, ,2.6, ,310, ,48.5, 
211,1/18/2014,0400,18,0, ,0, ,0, ,3.9, ,33, ,61, ,21.2, ,1.6, ,338, ,48.3, 
211,1/18/2014,0500,18,0, ,0, ,0, ,3.7, ,30.8, ,64, ,20.1, ,1.7, ,321, ,48.1, 
211,1/18/2014,0600,18,0, ,0, ,0, ,4, ,31, ,69, ,22, ,2.1, ,298, ,47.9, 
211,1/18/2014,0700,18,0, ,0, ,0, ,3.9, ,29.5, ,71, ,21.3, ,3.3, ,320, ,47.7, 
211,1/18/2014,0800,18,0, ,0, ,51, ,4.1, ,31.3, ,69, ,22.2, ,3.4, ,204, ,47.6, 
211,1/18/2014,0900,18,0, ,0, ,357, ,4.5, ,37.2, ,60, ,24.6, ,2.4, ,116, ,47.4, 
211,1/18/2014,1000,18,0.01, ,0, ,691, ,5.4, ,45.2, ,52, ,28.7, ,2.4, ,135, ,47.3, 
211,1/18/2014,1100,18,0.01, ,0, ,955, ,5.6, ,53.2, ,41, ,30, ,2.2, ,222, ,47.2, 
211,1/18/2014,1200,18,0.01, ,0, ,1113, ,5.6, ,62.1, ,30, ,30, ,2.8, ,310, ,47.2, 
211,1/18/2014,1300,18,0.01, ,0, ,1146, ,5.9, ,69.6, ,24, ,31.1, ,3.8, ,303, ,47.5, 
211,1/18/2014,1400,18,0.02,Y,0, ,1057, ,5.7, ,74.2,Y,20,Y,30.5,Y,8.4, ,319, ,47.9, 
211,1/18/2014,1500,18,0.02,Y,0, ,863, ,5.3, ,75,Y,18,Y,28.7,Y,10.3, ,322, ,48.5, 
211,1/18/2014,1600,18,0.01,Y,0, ,578, ,5.2, ,75,Y,18,Y,28.2,Y,8.9, ,320, ,48.9, 
211,1/18/2014,1700,18,0.01,Y,0, ,230, ,4.9, ,72.1,Y,18,Y,26.5,Y,9.2, ,322, ,49.2, 
211,1/18/2014,1800,18,0,Y,0, ,7, ,4.8, ,64.6,Y,23,Y,26.3,Y,6.1, ,320, ,49.3, 
211,1/18/2014,1900,18,0, ,0, ,0, ,4.8, ,57.4, ,30, ,26, ,3.2, ,312, ,49.4, 
211,1/18/2014,2000,18,0, ,0, ,0, ,4.1, ,49.8, ,34, ,22.4, ,2.3, ,327, ,49.2, 
211,1/18/2014,2100,18,0, ,0, ,0, ,4.2, ,46.2, ,39, ,22.8, ,1.7, ,310, ,49.1, 
211,1/18/2014,2200,18,0, ,0, ,0, ,4.1, ,41.9, ,45, ,22.2, ,2.4, ,322, ,48.9, 
211,1/18/2014,2300,18,0, ,0, ,0, ,4, ,39.2, ,49, ,21.8, ,2.4, ,316, ,48.7, 
211,1/18/2014,2400,18,0, ,0, ,0, ,3.8, ,37.6, ,49, ,20.4, ,1.7, ,292, ,48.4, 
211,1/19/2014,0100,19,0, ,0, ,0, ,4, ,36.5, ,55, ,22, ,2.8, ,311, ,48.2, 
211,1/19/2014,0200,19,0, ,0, ,0, ,4.2, ,35.8, ,60, ,23.1, ,3.3, ,300, ,48.1, 
211,1/19/2014,0300,19,0, ,0, ,0, ,3.9, ,33.2, ,60, ,21, ,2.2, ,324, ,47.9, 
211,1/19/2014,0400,19,0, ,0, ,0, ,3.5, ,30.6, ,60, ,18.5, ,2.3, ,336, ,47.7, 
211,1/19/2014,0500,19,0, ,0, ,0, ,3.9, ,31.1, ,66, ,21.1, ,1.9, ,205, ,47.5, 
211,1/19/2014,0600,19,0, ,0, ,0, ,3.3, ,28.7, ,62, ,17.5, ,2, ,340, ,47.4, 
211,1/19/2014,0700,19,0, ,0, ,0, ,3.9, ,29.3, ,71, ,20.9, ,1.7, ,304, ,47.2, 
211,1/19/2014,0800,19,0, ,0, ,50, ,3.5, ,27.8, ,68, ,18.7, ,2.6, ,324, ,47, 
211,1/19/2014,0900,19,0, ,0, ,363, ,4.6, ,36.6, ,62, ,25, ,2.6, ,293, ,46.9, 
211,1/19/2014,1000,19,0.01, ,0, ,699, ,5, ,49, ,43, ,27.3, ,1.3, ,210, ,46.8, 
211,1/19/2014,1100,19,0.01, ,0, ,965, ,4.9, ,57.2, ,31, ,26.7, ,1.7, ,218, ,46.7, 
211,1/19/2014,1200,19,0.01, ,0, ,1122, ,5.1, ,62.4, ,27, ,27.6, ,2.5, ,302, ,46.8, 
211,1/19/2014,1300,19,0.01, ,0, ,1158, ,5.6, ,69.9, ,22, ,29.7, ,1.9, ,271, ,47.1, 
211,1/19/2014,1400,19,0.01,Y,0, ,1038, ,5.5, ,75.2,Y,18,Y,29.3,Y,2.1, ,195, ,47.6, 
211,1/19/2014,1500,19,0.01,Y,0, ,789, ,4.7, ,77.7,Y,14,Y,25.5,Y,2.5, ,156, ,48.2, 
211,1/19/2014,1600,19,0.01,Y,0, ,458, ,4.2, ,78.3,Y,13,Y,23.2,Y,1.8, ,238, ,48.8, 
211,1/19/2014,1700,19,0,Y,0, ,190, ,4.4, ,73.2,Y,16,Y,23.8,Y,4, ,10, ,49.2, 
211,1/19/2014,1800,19,0,Y,0, ,17, ,5.5, ,65,Y,26,Y,29.6,Y,6.8, ,326, ,49.5, 
211,1/19/2014,1900,19,0, ,0, ,0, ,5.3, ,59.4, ,31, ,28.7, ,5.2, ,305, ,49.5, 
211,1/19/2014,2000,19,0, ,0, ,0, ,5.1, ,54.9, ,34, ,27.5, ,2.7, ,260, ,49.4, 
211,1/19/2014,2100,19,0, ,0, ,0, ,4.6, ,47.5, ,41, ,24.9, ,2.1, ,321, ,49.3, 
211,1/19/2014,2200,19,0, ,0, ,0, ,4.5, ,43.5, ,47, ,24.6, ,1.5, ,325, ,49.1, 
211,1/19/2014,2300,19,0, ,0, ,0, ,4, ,39.6, ,48, ,21.7, ,1.9, ,323, ,48.9, 
211,1/19/2014,2400,19,0, ,0, ,0, ,4.2, ,38.1, ,53, ,22.7, ,2.5, ,312, ,48.7, 
211,1/20/2014,0100,20,0, ,0, ,0, ,4, ,36.2, ,55, ,21.7, ,2.6, ,319, ,48.4, 
211,1/20/2014,0200,20,0, ,0, ,0, ,4, ,34.2, ,60, ,22, ,1.7, ,340, ,48.2, 
211,1/20/2014,0300,20,0, ,0, ,0, ,3.7, ,32.6, ,60, ,20.2, ,1.7, ,163, ,48, 
211,1/20/2014,0400,20,0, ,0, ,0, ,3.5, ,31.5, ,59, ,18.9, ,1.7, ,252, ,47.8, 
211,1/20/2014,0500,20,0, ,0, ,0, ,3.7, ,30, ,66, ,20, ,2.5, ,311, ,47.6, 
211,1/20/2014,0600,20,0, ,0, ,0, ,3.8, ,30.1, ,66, ,20.3, ,2, ,315, ,47.5, 
211,1/20/2014,0700,20,0, ,0, ,0, ,3.6, ,28.5, ,67, ,19.1, ,2.2, ,337, ,47.3, 
211,1/20/2014,0800,20,0, ,0, ,49, ,3.6, ,28.4, ,67, ,19, ,1.5, ,336, ,47.1, 
211,1/20/2014,0900,20,0, ,0, ,349, ,4.4, ,36.4, ,61, ,24.1, ,2, ,158, ,47, 
211,1/20/2014,1000,20,0.01, ,0, ,679, ,5.1, ,42.7, ,55, ,27.7, ,4.2, ,147, ,46.8, 
211,1/20/2014,1100,20,0.01, ,0, ,950, ,5.3, ,52.1, ,40, ,28.7, ,2, ,148, ,46.7, 
211,1/20/2014,1200,20,0.01, ,0, ,1113, ,5.7, ,59.3, ,33, ,30.1, ,2.9, ,296, ,46.8, 
211,1/20/2014,1300,20,0.01, ,0, ,1150, ,6.2, ,67, ,27, ,32.3, ,4.5, ,305, ,47.1, 
211,1/20/2014,1400,20,0.01, ,0, ,1061, ,5.7, ,71.9, ,21, ,30.2, ,4.6, ,298, ,47.5, 
211,1/20/2014,1500,20,0.01,Y,0, ,863, ,5.8, ,73.6,Y,20,Y,30.5,Y,4.8, ,300, ,48.1, 
211,1/20/2014,1600,20,0.01,Y,0, ,576, ,5.7, ,73.4,Y,20,Y,30.3,Y,5.7, ,308, ,48.6, 
211,1/20/2014,1700,20,0.01,Y,0, ,230, ,5.2, ,71,Y,20,Y,28.2,Y,7.7, ,322, ,49, 
211,1/20/2014,1800,20,0, ,0, ,9, ,5.1, ,63.1, ,26, ,27.8, ,5, ,318, ,49.2, 
211,1/20/2014,1900,20,0, ,0, ,0, ,4.8, ,57.6, ,29, ,26, ,2.3, ,253, ,49.2, 
211,1/20/2014,2000,20,0, ,0, ,0, ,5.1, ,54, ,36, ,27.4, ,3, ,270, ,49, 
211,1/20/2014,2100,20,0, ,0, ,0, ,4.7, ,47.2, ,43, ,25.7, ,2.5, ,327, ,48.9, 
211,1/20/2014,2200,20,0, ,0, ,0, ,4.6, ,43.1, ,49, ,25, ,2.1, ,319, ,48.7, 
211,1/20/2014,2300,20,0, ,0, ,0, ,4.1, ,39.3, ,50, ,22.2, ,2.3, ,326, ,48.5, 
211,1/20/2014,2400,20,0, ,0, ,0, ,4, ,37.7, ,52, ,21.8, ,2.4, ,331, ,48.3, 
211,1/21/2014,0100,21,0, ,0, ,0, ,4, ,35.9, ,57, ,22, ,1.9, ,323, ,48.1, 
211,1/21/2014,0200,21,0, ,0, ,0, ,4.2, ,34.8, ,62, ,23.2, ,1.8, ,319, ,47.9, 
211,1/21/2014,0300,21,0, ,0, ,0, ,3.9, ,32.3, ,63, ,21.3, ,2.4, ,311, ,47.7, 
211,1/21/2014,0400,21,0, ,0, ,0, ,3.9, ,32, ,64, ,21.2, ,2.7, ,312, ,47.5, 
211,1/21/2014,0500,21,0, ,0, ,0, ,3.8, ,30.8, ,65, ,20.5, ,2, ,329, ,47.3, 
211,1/21/2014,0600,21,0, ,0, ,0, ,3.8, ,29.9, ,67, ,20.4, ,1.6, ,311, ,47.2, 
211,1/21/2014,0700,21,0, ,0, ,0, ,3.4, ,29.1, ,62, ,17.8, ,1.3, ,135, ,47, 
211,1/21/2014,0800,21,0, ,0, ,32, ,3.8, ,29.9, ,68, ,20.6, ,1.8, ,315, ,46.9, 
211,1/21/2014,0900,21,0, ,0, ,170, ,4.1, ,33.5, ,62, ,22.1, ,2.2, ,332, ,46.7, 
211,1/21/2014,1000,21,0, ,0, ,539, ,5.2, ,42.7, ,56, ,28.1, ,1.8, ,323, ,46.6, 
211,1/21/2014,1100,21,0.01, ,0, ,867, ,6.3, ,53.6, ,45, ,32.9, ,5.5, ,314, ,46.5, 
211,1/21/2014,1200,21,0.02, ,0, ,1120, ,6.4, ,62.7, ,33, ,33.3, ,8.8, ,313, ,46.7, 
211,1/21/2014,1300,21,0.02, ,0, ,1145, ,6, ,67.7, ,26, ,31.5, ,9.3, ,314, ,46.9, 
211,1/21/2014,1400,21,0.02, ,0, ,916, ,5.7, ,69.9, ,23, ,30.3, ,10.7, ,319, ,47.3, 
211,1/21/2014,1500,21,0.02, ,0, ,797, ,5.5, ,70.3, ,22, ,29.5, ,11.8, ,319, ,47.7, 
211,1/21/2014,1600,21,0.01, ,0, ,501, ,5.7, ,69, ,23, ,30.1, ,12.9, ,319, ,48, 
211,1/21/2014,1700,21,0.01, ,0, ,230, ,5.9, ,66.3, ,27, ,30.9, ,11.4, ,318, ,48.2, 
211,1/21/2014,1800,21,0, ,0, ,9, ,5.6, ,61.2, ,30, ,29.7, ,7.5, ,316, ,48.3, 
211,1/21/2014,1900,21,0, ,0, ,0, ,5.8, ,56.3, ,37, ,30.5, ,5.3, ,305, ,48.4, 
211,1/21/2014,2000,21,0, ,0, ,0, ,5.9, ,53.4, ,42, ,31.1, ,5.4, ,302, ,48.3, 
211,1/21/2014,2100,21,0, ,0, ,0, ,5.5, ,49.4, ,46, ,29.4, ,3.2, ,305, ,48.2, 
211,1/21/2014,2200,21,0, ,0, ,0, ,5.4, ,46.7, ,49, ,28.7, ,3.3, ,318, ,48.1, 
211,1/21/2014,2300,21,0, ,0, ,0, ,4.4, ,42.3, ,48, ,23.9, ,3.3, ,164, ,48, 
211,1/21/2014,2400,21,0, ,0, ,0, ,4.1, ,40.9, ,47, ,22.5, ,2.6, ,315, ,47.8, 
211,1/22/2014,0100,22,0, ,0, ,0, ,4.4, ,39.1, ,55, ,24.2, ,2.4, ,308, ,47.7, 
211,1/22/2014,0200,22,0, ,0, ,0, ,4.7, ,38, ,60, ,25.5, ,3, ,303, ,47.5, 
211,1/22/2014,0300,22,0, ,0, ,0, ,4.3, ,35.8, ,61, ,23.5, ,2.4, ,319, ,47.4, 
211,1/22/2014,0400,22,0, ,0, ,0, ,4, ,33.3, ,62, ,21.7, ,2, ,145, ,47.2, 
211,1/22/2014,0500,22,0, ,0, ,0, ,4, ,32.4, ,65, ,22, ,2.4, ,314, ,47.1, 
211,1/22/2014,0600,22,0, ,0, ,0, ,3.8, ,30.1, ,66, ,20.3, ,2.6, ,328, ,47, 
211,1/22/2014,0700,22,0, ,0, ,0, ,4, ,30.1, ,70, ,21.7, ,2.9, ,309, ,46.8, 
211,1/22/2014,0800,22,0, ,0, ,34, ,3.6, ,28.9, ,67, ,19.4, ,2.1, ,349, ,46.7, 
211,1/22/2014,0900,22,0, ,0, ,365, ,4.3, ,34.9, ,63, ,23.5, ,3.1, ,153, ,46.5, 
211,1/22/2014,1000,22,0.01, ,0, ,705, ,4.9, ,45.3, ,47, ,26.5, ,2, ,152, ,46.4, 
211,1/22/2014,1100,22,0.01, ,0, ,961, ,4.9, ,53.1, ,36, ,26.7, ,1.8, ,301, ,46.4, 
211,1/22/2014,1200,22,0.01, ,0, ,1113, ,5, ,60.5, ,28, ,26.9, ,2, ,158, ,46.6, 
211,1/22/2014,1300,22,0.01, ,0, ,1178, ,5.4, ,66.1, ,25, ,28.9, ,3.1, ,291, ,46.9, 
211,1/22/2014,1400,22,0.02, ,0, ,1093, ,4.7, ,72.1, ,17, ,25.6, ,7.7, ,319, ,47.4, 
211,1/22/2014,1500,22,0.02,Y,0, ,890, ,4.3, ,74.1,Y,15,Y,23.6,Y,8.6, ,326, ,47.9, 
211,1/22/2014,1600,22,0.01,Y,0, ,599, ,4.4, ,74.3,Y,15,Y,24,Y,10, ,333, ,48.3, 
211,1/22/2014,1700,22,0.01,Y,0, ,262, ,4.2, ,71.7,Y,16,Y,22.7,Y,8.3, ,322, ,48.6, 
211,1/22/2014,1800,22,0,Y,0, ,9, ,4.4, ,65.4,Y,21,Y,24,Y,5.6, ,316, ,48.7, 
211,1/22/2014,1900,22,0, ,0, ,0, ,4.3, ,59.5, ,25, ,23.3, ,2.2, ,294, ,48.7, 
211,1/22/2014,2000,22,0, ,0, ,0, ,3.8, ,50.1, ,31, ,20.5, ,1.5, ,10, ,48.6, 
211,1/22/2014,2100,22,0, ,0, ,0, ,3.6, ,46.2, ,34, ,19.5, ,2, ,324, ,48.5, 
211,1/22/2014,2200,22,0, ,0, ,0, ,3.8, ,43.6, ,39, ,20.3, ,2.2, ,312, ,48.3, 
211,1/22/2014,2300,22,0, ,0, ,0, ,3.7, ,40.4, ,43, ,19.8, ,1.8, ,317, ,48.1, 
211,1/22/2014,2400,22,0, ,0, ,0, ,3.6, ,38.8, ,45, ,19.2, ,2, ,310, ,47.9, 
211,1/23/2014,0100,23,0, ,0, ,0, ,3.5, ,36.9, ,47, ,18.8, ,2.3, ,331, ,47.7, 
211,1/23/2014,0200,23,0, ,0, ,0, ,3.3, ,34.8, ,48, ,17.1, ,2, ,347, ,47.5, 
211,1/23/2014,0300,23,0, ,0, ,0, ,3.7, ,34.8, ,55, ,20.2, ,1.7, ,311, ,47.4, 
211,1/23/2014,0400,23,0, ,0, ,0, ,3.7, ,34, ,55, ,19.8, ,2.2, ,316, ,47.2, 
211,1/23/2014,0500,23,0, ,0, ,0, ,3.5, ,32.3, ,56, ,18.4, ,1.8, ,308, ,47, 
211,1/23/2014,0600,23,0, ,0, ,0, ,3.1, ,31.2, ,52, ,15.9, ,1.9, ,130, ,46.9, 
211,1/23/2014,0700,23,0, ,0, ,0, ,3.5, ,30.9, ,59, ,18.3, ,1.9, ,320, ,46.7, 
211,1/23/2014,0800,23,0, ,0, ,52, ,3.4, ,30.5, ,60, ,18.2, ,2.6, ,271, ,46.6, 
211,1/23/2014,0900,23,0, ,0, ,354, ,4.1, ,38.9, ,52, ,22.6, ,2, ,339, ,46.5, 
211,1/23/2014,1000,23,0.01, ,0, ,680, ,4.8, ,47.3, ,43, ,26.1, ,3.8, ,313, ,46.4, 
211,1/23/2014,1100,23,0.01, ,0, ,946, ,6.4, ,57.7, ,39, ,33.2, ,7.6, ,300, ,46.4, 
211,1/23/2014,1200,23,0.02, ,0, ,1110, ,5.8, ,64.1, ,29, ,30.9, ,6.8, ,311, ,46.6, 
211,1/23/2014,1300,23,0.02, ,0, ,1158, ,5.8, ,67.7, ,25, ,30.8, ,5.5, ,315, ,46.9, 
211,1/23/2014,1400,23,0.01, ,0, ,1080, ,5.8, ,70.3, ,23, ,30.6, ,3.5, ,276, ,47.4, 
211,1/23/2014,1500,23,0.01, ,0, ,884, ,5.4, ,72.5, ,20, ,28.8, ,3.1, ,280, ,47.9, 
211,1/23/2014,1600,23,0.01,Y,0, ,583, ,5.3, ,72.2,Y,20,Y,28.6,Y,4.8, ,322, ,48.4, 
211,1/23/2014,1700,23,0, ,0, ,235, ,9, ,66.7, ,40, ,41.7, ,4.6, ,173, ,48.8, 
211,1/23/2014,1800,23,0, ,0, ,13, ,9.4, ,60, ,53, ,43, ,4, ,133, ,48.9, 
211,1/23/2014,1900,23,0, ,0, ,0, ,9.8, ,54.7, ,67, ,44.1, ,5.9, ,137, ,49, 
211,1/23/2014,2000,23,0, ,0, ,0, ,9.3, ,50.7, ,74, ,42.7, ,4.5, ,141, ,48.9, 
211,1/23/2014,2100,23,0, ,0, ,0, ,9.3, ,49.3, ,78, ,42.8, ,4.5, ,173, ,48.8, 
211,1/23/2014,2200,23,0, ,0, ,0, ,7.9, ,45, ,77, ,38.4, ,2.2, ,336, ,48.7, 
211,1/23/2014,2300,23,0, ,0, ,0, ,8, ,43.3, ,84, ,38.7, ,2.1, ,304, ,48.5, 
211,1/23/2014,2400,23,0, ,0, ,0, ,6.6, ,40, ,78, ,33.7, ,1.8, ,325, ,48.3, 
211,1/24/2014,0100,24,0, ,0, ,0, ,6.3, ,38.3, ,80, ,32.8, ,1.3, ,326, ,48.2, 
211,1/24/2014,0200,24,0, ,0, ,0, ,6.1, ,36.6, ,84, ,32.1, ,1.9, ,309, ,48, 
211,1/24/2014,0300,24,0, ,0, ,0, ,5.9, ,35.6, ,83, ,31.1, ,2.1, ,332, ,47.8, 
211,1/24/2014,0400,24,0, ,0, ,0, ,5.9, ,35, ,85, ,31.1, ,2.2, ,306, ,47.6, 
211,1/24/2014,0500,24,0, ,0, ,0, ,5.7, ,35.2, ,82, ,30.2, ,1.9, ,327, ,47.5, 
211,1/24/2014,0600,24,0, ,0, ,0, ,5.9, ,37, ,78, ,30.9, ,2.3, ,318, ,47.3, 
211,1/24/2014,0700,24,0, ,0, ,0, ,6.1, ,37.9, ,79, ,31.9, ,2.7, ,313, ,47.2, 
211,1/24/2014,0800,24,0, ,0, ,37, ,6.3, ,39.2, ,78, ,32.9, ,2.3, ,310, ,47.1, 
211,1/24/2014,0900,24,0, ,0, ,414, ,7.3, ,44.5, ,73, ,36.6, ,2.6, ,307, ,47.1, 
211,1/24/2014,1000,24,0, ,0, ,353, ,8, ,50, ,65, ,38.9, ,2.8, ,178, ,47.1, 
211,1/24/2014,1100,24,0, ,0, ,470, ,8.2, ,50.6, ,65, ,39.3, ,3.7, ,137, ,47.2, 
211,1/24/2014,1200,24,0.01, ,0, ,885, ,8.8, ,56.7, ,56, ,41.2, ,2.2, ,164, ,47.4, 
211,1/24/2014,1300,24,0.01, ,0, ,720, ,8.8, ,60.2, ,49, ,41.2, ,3.3, ,148, ,47.7, 
211,1/24/2014,1400,24,0.01, ,0, ,843, ,9.8, ,60.9, ,53, ,43.9, ,3.7, ,142, ,48.1, 
211,1/24/2014,1500,24,0.01, ,0, ,785, ,11.4, ,64.6, ,55, ,48.1, ,1.8, ,15, ,48.5, 
211,1/24/2014,1600,24,0.01, ,0, ,721, ,10.2, ,68.2, ,43, ,45.2, ,2.3, ,340, ,49.5, 
211,1/24/2014,1700,24,0,Y,0, ,325, ,8.5, ,68.5,Y,36,Y,40.3,Y,6.5, ,326, ,50.6, 
211,1/24/2014,1800,24,0, ,0, ,15, ,8, ,62.5, ,42, ,38.9, ,5.6, ,334, ,51.2, 
211,1/24/2014,1900,24,0, ,0, ,0, ,7.6, ,56.9, ,48, ,37.4, ,1.8, ,163, ,51.2, 
211,1/24/2014,2000,24,0, ,0, ,0, ,9, ,52.6, ,66, ,41.7, ,1.9, ,146, ,51.1, 
211,1/24/2014,2100,24,0, ,0, ,0, ,8.4, ,49.1, ,70, ,39.9, ,2.4, ,176, ,50.9, 
211,1/24/2014,2200,24,0, ,0, ,0, ,7.5, ,46, ,71, ,37.2, ,2.3, ,314, ,50.6, 
211,1/24/2014,2300,24,0, ,0, ,0, ,7.5, ,45, ,74, ,37.1, ,2.6, ,305, ,50.3, 
211,1/24/2014,2400,24,0, ,0, ,0, ,6.8, ,43.6, ,70, ,34.6, ,2.2, ,314, ,50.1, 
211,1/25/2014,0100,25,0, ,0, ,0, ,6.5, ,42, ,72, ,33.5, ,2.8, ,320, ,49.9, 
211,1/25/2014,0200,25,0, ,0, ,0, ,6.6, ,41.4, ,74, ,33.8, ,2.2, ,188, ,49.7, 
211,1/25/2014,0300,25,0, ,0, ,0, ,6.5, ,41.5, ,73, ,33.4, ,1.9, ,240, ,49.5, 
211,1/25/2014,0400,25,0, ,0, ,0, ,6.6, ,42.1, ,73, ,34.1, ,2.2, ,358, ,49.3, 
211,1/25/2014,0500,25,0, ,0, ,0, ,6.5, ,42.5, ,70, ,33.5, ,1.6, ,172, ,49.2, 
211,1/25/2014,0600,25,0, ,0, ,0, ,7.3, ,43.3, ,77, ,36.6, ,1.8, ,285, ,49, 
211,1/25/2014,0700,25,0, ,0, ,0, ,7, ,42.8, ,75, ,35.4, ,3, ,326, ,49, 
211,1/25/2014,0800,25,0, ,0, ,37, ,7.4, ,43.1, ,78, ,36.9, ,4.1, ,315, ,48.9, 
211,1/25/2014,0900,25,0, ,0, ,312, ,8, ,47.5, ,71, ,38.7, ,3.2, ,227, ,48.8, 
211,1/25/2014,1000,25,0.01, ,0, ,716, ,8.3, ,52.7, ,61, ,39.6, ,3.7, ,174, ,48.7, 
211,1/25/2014,1100,25,0.01, ,0, ,946, ,8.8, ,60.7, ,49, ,41.2, ,2.4, ,344, ,48.8, 
211,1/25/2014,1200,25,0.01, ,0, ,830, ,8.5, ,65.9, ,39, ,40.3, ,4.3, ,306, ,49, 
211,1/25/2014,1300,25,0.01, ,0, ,1011, ,7.7, ,69.8, ,31, ,37.7, ,5.6, ,324, ,49.2, 
211,1/25/2014,1400,25,0.01,Y,0, ,853, ,6.7, ,72.8,Y,24,Y,34.4,Y,4.9, ,306, ,49.6, 
211,1/25/2014,1500,25,0.01,Y,0, ,916, ,6.4, ,75.8,Y,21,Y,33,Y,4, ,295, ,50, 
211,1/25/2014,1600,25,0.01,Y,0, ,617, ,6.3, ,76.3,Y,20,Y,32.9,Y,5.4, ,323, ,50.4, 
211,1/25/2014,1700,25,0.01,Y,0, ,253, ,6.4, ,73.1,Y,23,Y,33.2,Y,7.1, ,321, ,50.8, 
211,1/25/2014,1800,25,0,Y,0, ,16, ,6.1, ,67.3,Y,27,Y,31.9,Y,5, ,321, ,51, 
211,1/25/2014,1900,25,0,Y,0, ,0, ,5.4, ,61.2,Y,29,Y,29.2,Y,2.6, ,235, ,51, 
211,1/25/2014,2000,25,0, ,0, ,0, ,5.7, ,55, ,38, ,30.1, ,1.8, ,274, ,50.9, 
211,1/25/2014,2100,25,0, ,0, ,0, ,5.4, ,50.6, ,43, ,28.7, ,2.5, ,166, ,50.7, 
211,1/25/2014,2200,25,0, ,0, ,0, ,5, ,46.8, ,46, ,26.9, ,2.2, ,316, ,50.5, 
211,1/25/2014,2300,25,0, ,0, ,0, ,5.2, ,44.4, ,52, ,28, ,2, ,304, ,50.3, 
211,1/25/2014,2400,25,0, ,0, ,0, ,4.9, ,42.8, ,52, ,26.7, ,2.8, ,321, ,50.1, 
211,1/26/2014,0100,26,0, ,0, ,0, ,5.2, ,42.1, ,57, ,28, ,3.2, ,289, ,49.8, 
211,1/26/2014,0200,26,0, ,0, ,0, ,5, ,39.9, ,60, ,27.3, ,2.1, ,299, ,49.6, 
211,1/26/2014,0300,26,0, ,0, ,0, ,4.7, ,38.2, ,60, ,25.4, ,2, ,319, ,49.4, 
211,1/26/2014,0400,26,0, ,0, ,0, ,4.9, ,38.5, ,62, ,26.6, ,2, ,179, ,49.2, 
211,1/26/2014,0500,26,0, ,0, ,0, ,5.1, ,39.5, ,61, ,27.3, ,2.4, ,18, ,49, 
211,1/26/2014,0600,26,0, ,0, ,0, ,5.4, ,40.7, ,63, ,29, ,3.1, ,292, ,48.9, 
211,1/26/2014,0700,26,0, ,0, ,0, ,5.6, ,42.4, ,61, ,29.9, ,2.5, ,29, ,48.8, 
211,1/26/2014,0800,26,0, ,0, ,71, ,5.8, ,42.9, ,62, ,30.9, ,2.5, ,283, ,48.7, 
211,1/26/2014,0900,26,0, ,0, ,309, ,6.3, ,46.7, ,58, ,32.7, ,2.1, ,133, ,48.7, 
211,1/26/2014,1000,26,0.01, ,0, ,500, ,6.6, ,51.2, ,52, ,34, ,3.6, ,157, ,48.7, 
211,1/26/2014,1100,26,0.01, ,0, ,819, ,6.3, ,55, ,42, ,32.6, ,3.9, ,132, ,48.8, 
211,1/26/2014,1200,26,0.01, ,0, ,453, ,6.1, ,57.2, ,38, ,31.9, ,4, ,139, ,48.9, 
211,1/26/2014,1300,26,0.01, ,0, ,1129, ,6.1, ,65, ,29, ,32, ,2.2, ,30, ,49.1, 
211,1/26/2014,1400,26,0.01, ,0, ,1047, ,6.6, ,68.8, ,28, ,34, ,2.7, ,213, ,49.4, 
211,1/26/2014,1500,26,0.01, ,0, ,910, ,6.6, ,71.2, ,25, ,33.8, ,3.2, ,138, ,49.9, 
211,1/26/2014,1600,26,0.01, ,0, ,601, ,6.9, ,71.4, ,26, ,35.2, ,5.6, ,183, ,50.3, 
211,1/26/2014,1700,26,0,Y,0, ,269, ,7.3, ,69.3,Y,30,Y,36.3,Y,4.5, ,179, ,50.7, 
211,1/26/2014,1800,26,0, ,0, ,16, ,6.9, ,63.1, ,35, ,35, ,4.3, ,88, ,50.9, 
211,1/26/2014,1900,26,0, ,0, ,0, ,8.4, ,56.9, ,53, ,40.1, ,4.6, ,114, ,50.9, 
211,1/26/2014,2000,26,0, ,0, ,0, ,10.5, ,54.5, ,72, ,45.8, ,5.8, ,112, ,50.8, 
211,1/26/2014,2100,26,0, ,0, ,0, ,10.9, ,52.5, ,81, ,46.8, ,6.2, ,136, ,50.7, 
211,1/26/2014,2200,26,0, ,0, ,0, ,9.3, ,48.6, ,80, ,42.7, ,3.3, ,141, ,50.6, 
211,1/26/2014,2300,26,0, ,0, ,0, ,8.5, ,44.9, ,84, ,40.3, ,2.4, ,303, ,50.5, 
211,1/26/2014,2400,26,0, ,0, ,0, ,8.4, ,43.7, ,87, ,40.1, ,3.5, ,296, ,50.3, 
211,1/27/2014,0100,27,0, ,0, ,0, ,7.7, ,42.6, ,83, ,37.9, ,3.5, ,302, ,50.2, 
211,1/27/2014,0200,27,0, ,0, ,0, ,6.9, ,40, ,83, ,35.2, ,2.4, ,168, ,50, 
211,1/27/2014,0300,27,0, ,0, ,0, ,7, ,39.6, ,84, ,35.3, ,4, ,162, ,49.8, 
211,1/27/2014,0400,27,0, ,0, ,0, ,6.4, ,37.9, ,82, ,33.1, ,2.4, ,221, ,49.6, 
211,1/27/2014,0500,27,0, ,0, ,0, ,6.6, ,36.2, ,91, ,33.8, ,2, ,323, ,49.4, 
211,1/27/2014,0600,27,0, ,0, ,0, ,6.5, ,34.3, ,97, ,33.5, ,2.6, ,327, ,49.3, 
211,1/27/2014,0700,27,0, ,0, ,0, ,6.4, ,34, ,96, ,33.1, ,2, ,229, ,49.1, 
211,1/27/2014,0800,27,0, ,0, ,21, ,5.7, ,33.2, ,88, ,30.1, ,1.6, ,186, ,49, 
211,1/27/2014,0900,27,0, ,0, ,437, ,7, ,39.2, ,86, ,35.2, ,1.8, ,212, ,48.8, 
211,1/27/2014,1000,27,0, ,0, ,451, ,8, ,45.5, ,77, ,38.7, ,2.2, ,15, ,48.7, 
211,1/27/2014,1100,27,0.01, ,0, ,811, ,8.5, ,50.5, ,68, ,40.2, ,4.1, ,311, ,48.7, 
211,1/27/2014,1200,27,0.01, ,0, ,1037, ,9.7, ,55.8, ,64, ,43.7, ,4.4, ,288, ,48.8, 
211,1/27/2014,1300,27,0.01, ,0, ,805, ,9.7, ,58.8, ,57, ,43.8, ,3.3, ,321, ,49.1, 
211,1/27/2014,1400,27,0.01, ,0, ,1057, ,9.2, ,63.2, ,46, ,42.3, ,3.5, ,329, ,49.5, 
211,1/27/2014,1500,27,0.01, ,0, ,854, ,9, ,64.9, ,43, ,41.7, ,3.6, ,287, ,49.9, 
211,1/27/2014,1600,27,0.01, ,0, ,508, ,8.5, ,65, ,40, ,40.2, ,5.5, ,298, ,50.4, 
211,1/27/2014,1700,27,0, ,0, ,203, ,8.5, ,63.9, ,42, ,40.2, ,7, ,312, ,50.7, 
211,1/27/2014,1800,27,0, ,0, ,14, ,8.5, ,61.3, ,46, ,40.2, ,10, ,333, ,50.9, 
211,1/27/2014,1900,27,0, ,0, ,0, ,8.9, ,59.8, ,51, ,41.6, ,7.1, ,316, ,50.9, 
211,1/27/2014,2000,27,0, ,0, ,0, ,9.3, ,57.7, ,57, ,42.5, ,5.2, ,308, ,50.8, 
211,1/27/2014,2100,27,0, ,0, ,0, ,10, ,57.1, ,63, ,44.5, ,5.8, ,317, ,50.8, 
211,1/27/2014,2200,27,0, ,0, ,0, ,10.6, ,55.2, ,71, ,46, ,4.5, ,310, ,50.7, 
211,1/27/2014,2300,27,0, ,0, ,0, ,10.5, ,53, ,77, ,45.9, ,3.8, ,302, ,50.6, 
211,1/27/2014,2400,27,0, ,0, ,0, ,9.6, ,49.9, ,78, ,43.4, ,2.4, ,307, ,50.5, 
211,1/28/2014,0100,28,0, ,0, ,0, ,9.6, ,48.7, ,82, ,43.4, ,1.8, ,280, ,50.5, 
211,1/28/2014,0200,28,0, ,0, ,0, ,8.8, ,46.5, ,82, ,41.3, ,2.2, ,139, ,50.3, 
211,1/28/2014,0300,28,0, ,0, ,0, ,8.3, ,44.7, ,83, ,39.8, ,2.2, ,264, ,50.2, 
211,1/28/2014,0400,28,0, ,0, ,0, ,8.2, ,44, ,84, ,39.4, ,2, ,11, ,50, 
211,1/28/2014,0500,28,0, ,0, ,0, ,7.9, ,43.3, ,83, ,38.4, ,2.5, ,323, ,49.9, 
211,1/28/2014,0600,28,0, ,0, ,0, ,7.8, ,42.6, ,84, ,38.1, ,1.7, ,278, ,49.8, 
211,1/28/2014,0700,28,0, ,0, ,0, ,8.2, ,44.4, ,82, ,39.3, ,2.8, ,182, ,49.7, 
211,1/28/2014,0800,28,0, ,0, ,47, ,7.9, ,43, ,84, ,38.6, ,3.4, ,212, ,49.6, 
211,1/28/2014,0900,28,0, ,0, ,209, ,8.8, ,46.7, ,81, ,41.3, ,2.7, ,326, ,49.5, 
211,1/28/2014,1000,28,0.01, ,0, ,581, ,10.4, ,53.5, ,74, ,45.6, ,3.9, ,302, ,49.5, 
211,1/28/2014,1100,28,0.01, ,0, ,681, ,10.9, ,57.2, ,68, ,46.8, ,3.5, ,291, ,49.6, 
211,1/28/2014,1200,28,0.01, ,0, ,897, ,11.6, ,62.5, ,60, ,48.5, ,4.3, ,311, ,49.7, 
211,1/28/2014,1300,28,0.01, ,0, ,1026, ,11.7, ,66.8, ,52, ,48.7, ,7.2, ,303, ,50.1, 
211,1/28/2014,1400,28,0.02, ,0, ,1027, ,11.7, ,70, ,46, ,48.6, ,11.1, ,321, ,50.5, 
211,1/28/2014,1500,28,0.01, ,0, ,755, ,11.6, ,70.7, ,45, ,48.4, ,13.3, ,326, ,50.8, 
211,1/28/2014,1600,28,0.01, ,0, ,544, ,11.9, ,69.1, ,49, ,49.1, ,13.1, ,318, ,51.1, 
211,1/28/2014,1700,28,0.01, ,0, ,250, ,12.3, ,67, ,54, ,50.1, ,13.1, ,312, ,51.3, 
211,1/28/2014,1800,28,0,Y,0, ,20, ,13.8, ,63.7,Y,69,Y,53.2,Y,10.8, ,307, ,51.4, 
211,1/28/2014,1900,28,0,Y,0, ,0, ,14.1, ,61.5,Y,76,Y,53.7,Y,7.5, ,309, ,51.5, 
211,1/28/2014,2000,28,0, ,0, ,0, ,14.1, ,59.7, ,81, ,53.8, ,7.1, ,312, ,51.5, 
211,1/28/2014,2100,28,0, ,0, ,0, ,14.2, ,58.9, ,84, ,54, ,7.3, ,310, ,51.5, 
211,1/28/2014,2200,28,0, ,0, ,0, ,14.6, ,58.9, ,86, ,54.6, ,5.1, ,301, ,51.4, 
211,1/28/2014,2300,28,0,Y,0, ,0, ,15, ,59.2,Y,87,Y,55.4,Y,3.6, ,341, ,51.4, 
211,1/28/2014,2400,28,0,Y,0, ,0, ,15.2, ,58.8,Y,90,Y,55.8,Y,3.8, ,346, ,51.4, 
211,1/29/2014,0100,29,0, ,0, ,0, ,15.4, ,58.3, ,93, ,56.2, ,3, ,330, ,51.5, 
211,1/29/2014,0200,29,0, ,0, ,0, ,14.8, ,55.9, ,97, ,55.1, ,4.4, ,145, ,51.5, 
211,1/29/2014,0300,29,0, ,0, ,0, ,15.2, ,55.7, ,100, ,55.7, ,4, ,145, ,51.5, 
211,1/29/2014,0400,29,0, ,0, ,0, ,15.4, ,56.1, ,100, ,56.1, ,2.6, ,126, ,51.6, 
211,1/29/2014,0500,29,0, ,0, ,0, ,15.2, ,55.9, ,100, ,55.9, ,2.3, ,139, ,51.6, 
211,1/29/2014,0600,29,0, ,0, ,0, ,15.8, ,55.8, ,100, ,55.8, ,1.6, ,148, ,51.7, 
211,1/29/2014,0700,29,0,R,0, ,0, ,16.5,R,55.8, ,100,R,55.8,R,1.2, ,117, ,51.7, 
211,1/29/2014,0800,29,0,R,0, ,30, ,16.6,R,55.9, ,100,R,55.9,R,1.4, ,182, ,51.7, 
211,1/29/2014,0900,29,0,R,0, ,119, ,17.2,R,56.6, ,100,R,56.6,R,1.2, ,223, ,51.8, 
211,1/29/2014,1000,29,0,R,0, ,247, ,17.9,R,57.9, ,100,R,57.9,R,3.2, ,301, ,51.8, 
211,1/29/2014,1100,29,0, ,0, ,460, ,16.8, ,60.3, ,94, ,58.6, ,2.6, ,270, ,51.9, 
211,1/29/2014,1200,29,0, ,0, ,398, ,16.4, ,62.3, ,86, ,58, ,2.7, ,253, ,52.1, 
211,1/29/2014,1300,29,0.01, ,0, ,1005, ,16.8, ,65, ,80, ,58.6, ,4.1, ,195, ,52.4, 
211,1/29/2014,1400,29,0.01, ,0, ,593, ,16.3, ,66.5, ,73, ,57.7, ,4.6, ,270, ,52.7, 
211,1/29/2014,1500,29,0.01, ,0, ,614, ,16.2, ,68.4, ,68, ,57.5, ,6.4, ,305, ,53.1, 
211,1/29/2014,1600,29,0.01, ,0, ,402, ,15.4, ,68.3, ,65, ,56.1, ,8.2, ,295, ,53.4, 
211,1/29/2014,1700,29,0, ,0, ,115, ,15.2, ,66.9, ,68, ,55.9, ,6.1, ,296, ,53.6, 
211,1/29/2014,1800,29,0,Y,0, ,14, ,15.1, ,65,Y,72,Y,55.7,Y,4.6, ,297, ,53.7, 
211,1/29/2014,1900,29,0,Y,0, ,0, ,15, ,63.5,Y,75,Y,55.5,Y,6.7, ,316, ,53.7, 
211,1/29/2014,2000,29,0,Y,0, ,0, ,15.1, ,61.8,Y,80,Y,55.6,Y,8.8, ,314, ,53.7, 
211,1/29/2014,2100,29,0, ,0, ,0, ,14.6, ,59, ,86, ,54.7, ,8.4, ,314, ,53.6, 
211,1/29/2014,2200,29,0, ,0, ,0, ,14.3, ,58, ,87, ,54.1, ,5.4, ,319, ,53.6, 
211,1/29/2014,2300,29,0, ,0, ,0, ,13.8, ,56.3, ,89, ,53.1, ,3, ,328, ,53.5, 
211,1/29/2014,2400,29,0, ,0, ,0, ,13.6, ,55.5, ,91, ,52.8, ,6.7, ,335, ,53.4, 
211,1/30/2014,0100,30,0, ,0, ,0, ,13.3, ,55.8, ,87, ,52.1, ,11.1, ,317, ,53.3, 
211,1/30/2014,0200,30,0, ,0, ,0, ,11.8, ,54.7, ,80, ,48.8, ,10.7, ,304, ,53.3, 
211,1/30/2014,0300,30,0, ,0, ,0, ,11.7, ,54.1, ,82, ,48.6, ,9.9, ,330, ,53.2, 
211,1/30/2014,0400,30,0, ,0, ,0, ,11.6, ,53.1, ,85, ,48.6, ,7.5, ,317, ,53.2, 
211,1/30/2014,0500,30,0, ,0.01, ,0, ,11.7, ,51.8, ,89, ,48.8, ,8.9, ,319, ,53.1, 
211,1/30/2014,0600,30,0, ,0.01, ,0, ,11.6, ,50.6, ,92, ,48.4, ,8.3, ,306, ,53, 
211,1/30/2014,0700,30,0, ,0.02, ,0, ,11.4, ,49.6, ,94, ,48, ,6, ,313, ,53, 
211,1/30/2014,0800,30,0, ,0.01, ,4, ,11.5, ,49.4, ,95, ,48.1, ,2.3, ,168, ,52.9, 
211,1/30/2014,0900,30,0, ,0, ,52, ,11.8, ,49.7, ,97, ,49, ,2.7, ,310, ,52.8, 
211,1/30/2014,1000,30,0, ,0, ,160, ,11.7, ,50.8, ,93, ,48.8, ,2.6, ,314, ,52.8, 
211,1/30/2014,1100,30,0.01, ,0, ,692, ,11.7, ,54.1, ,82, ,48.8, ,3.9, ,310, ,52.8, 
211,1/30/2014,1200,30,0.01, ,0, ,1238, ,12, ,58.9, ,70, ,49.3, ,3.1, ,313, ,52.8, 
211,1/30/2014,1300,30,0.01, ,0, ,1305, ,12.2, ,61.8, ,65, ,49.8, ,3.4, ,287, ,53, 
211,1/30/2014,1400,30,0.01, ,0, ,475, ,11.5, ,60.8, ,63, ,48.3, ,4.2, ,354, ,53.4, 
211,1/30/2014,1500,30,0, ,0, ,408, ,11, ,60.3, ,62, ,47.2, ,4.5, ,204, ,53.9, 
211,1/30/2014,1600,30,0, ,0, ,232, ,11.7, ,57.3, ,73, ,48.6, ,9.4, ,185, ,54.1, 
211,1/30/2014,1700,30,0, ,0, ,119, ,11.3, ,55.6, ,75, ,47.7, ,9.4, ,182, ,54.2, 
211,1/30/2014,1800,30,0, ,0, ,21, ,10.8, ,53.3, ,78, ,46.5, ,9.4, ,188, ,54.1, 
211,1/30/2014,1900,30,0, ,0, ,0, ,10.8, ,52.2, ,81, ,46.6, ,5.6, ,183, ,54, 
211,1/30/2014,2000,30,0, ,0, ,0, ,10.8, ,51.6, ,83, ,46.6, ,3.4, ,227, ,53.8, 
211,1/30/2014,2100,30,0, ,0, ,0, ,10.8, ,50.3, ,87, ,46.5, ,3.1, ,279, ,53.7, 
211,1/30/2014,2200,30,0, ,0, ,0, ,10, ,50, ,81, ,44.4, ,4.2, ,305, ,53.5, 
211,1/30/2014,2300,30,0, ,0, ,0, ,9.8, ,50.5, ,79, ,44.1, ,4.6, ,286, ,53.4, 
211,1/30/2014,2400,30,0, ,0, ,0, ,9.8, ,50.4, ,79, ,44, ,5, ,285, ,53.3, 
211,1/31/2014,0100,31,0, ,0, ,0, ,9.7, ,49.9, ,79, ,43.6, ,3.6, ,290, ,53.2, 
211,1/31/2014,0200,31,0, ,0, ,0, ,9.8, ,48, ,86, ,44, ,1.7, ,64, ,53.1, 
211,1/31/2014,0300,31,0, ,0, ,0, ,10, ,47.7, ,89, ,44.5, ,2, ,181, ,53, 
211,1/31/2014,0400,31,0, ,0, ,0, ,9.8, ,46.8, ,90, ,43.9, ,2.3, ,104, ,52.9, 
211,1/31/2014,0500,31,0, ,0, ,0, ,9.3, ,45.2, ,91, ,42.6, ,3, ,284, ,52.8, 
211,1/31/2014,0600,31,0, ,0, ,0, ,8.7, ,43.2, ,91, ,40.9, ,3.3, ,309, ,52.7, 
211,1/31/2014,0700,31,0, ,0, ,0, ,8, ,40.3, ,95, ,38.9, ,2.4, ,316, ,52.5, 
211,1/31/2014,0800,31,0, ,0, ,74, ,8.2, ,39.6, ,99, ,39.5, ,2.6, ,305, ,52.3, 
211,1/31/2014,0900,31,0, ,0, ,404, ,9.2, ,44.7, ,92, ,42.4, ,2.5, ,352, ,52.1, 
211,1/31/2014,1000,31,0.01, ,0, ,739, ,9.9, ,50.9, ,78, ,44.3, ,2.2, ,303, ,52, 
211,1/31/2014,1100,31,0.01, ,0, ,993, ,10.3, ,54.1, ,72, ,45.4, ,4, ,277, ,52, 
211,1/31/2014,1200,31,0.01, ,0, ,1126, ,10.2, ,56.7, ,65, ,45.1, ,5.4, ,282, ,52.1, 
211,1/31/2014,1300,31,0.01, ,0, ,1174, ,9, ,58.8, ,53, ,41.9, ,7.9, ,310, ,52.4, 
211,1/31/2014,1400,31,0.01, ,0, ,1082, ,8, ,60.7, ,44, ,38.7, ,9.6, ,327, ,52.7, 
211,1/31/2014,1500,31,0.01, ,0, ,904, ,6, ,60.9, ,33, ,31.4, ,10.9, ,302, ,53, 
211,1/31/2014,1600,31,0.01, ,0, ,683, ,5.6, ,60.4, ,31, ,30, ,11.2, ,301, ,53.2, 
211,1/31/2014,1700,31,0.01, ,0, ,342, ,5.4, ,58.6, ,32, ,28.8, ,11.8, ,310, ,53.3, 
211,1/31/2014,1800,31,0, ,0, ,27, ,5.2, ,54.3, ,36, ,27.8, ,7.1, ,300, ,53.2, 
211,1/31/2014,1900,31,0, ,0, ,0, ,5.5, ,50.1, ,44, ,29.2, ,5.4, ,305, ,53.1, 
211,1/31/2014,2000,31,0, ,0, ,0, ,6.3, ,49.6, ,52, ,32.9, ,4.9, ,263, ,52.9, 
211,1/31/2014,2100,31,0, ,0, ,0, ,6.7, ,47.7, ,59, ,34.2, ,4.5, ,278, ,52.6, 
211,1/31/2014,2200,31,0, ,0, ,0, ,7, ,46.2, ,66, ,35.4, ,5, ,287, ,52.4, 
211,1/31/2014,2300,31,0, ,0, ,0, ,6.5, ,42.3, ,71, ,33.7, ,2.6, ,317, ,52.2, 
211,1/31/2014,2400,31,0, ,0, ,0, ,6.2, ,37.8, ,80, ,32.2, ,2.6, ,308, ,52, 
211,2/1/2014,0100,32,0, ,0, ,0, ,6.7, ,39.7, ,80, ,34.2, ,3, ,295, ,51.8, 
211,2/1/2014,0200,32,0, ,0, ,0, ,5.7, ,35.2, ,82, ,30.1, ,2.4, ,146, ,51.6, 
211,2/1/2014,0300,32,0, ,0, ,0, ,5.9, ,34.5, ,88, ,31.1, ,2.8, ,258, ,51.4, 
211,2/1/2014,0400,32,0, ,0, ,0, ,5.4, ,32.1, ,88, ,29, ,1.9, ,346, ,51.2, 
211,2/1/2014,0500,32,0, ,0, ,0, ,5.6, ,32.3, ,90, ,29.7, ,1.5, ,296, ,51, 
211,2/1/2014,0600,32,0, ,0, ,0, ,5.3, ,30.7, ,92, ,28.6, ,1.9, ,329, ,50.8, 
211,2/1/2014,0700,32,0, ,0, ,0, ,5.4, ,30.5, ,94, ,28.9, ,1.8, ,309, ,50.6, 
211,2/1/2014,0800,32,0, ,0, ,85, ,5, ,28.8, ,93, ,27.2, ,1.4, ,44, ,50.5, 
211,2/1/2014,0900,32,0, ,0, ,425, ,6.2, ,36.7, ,84, ,32.3, ,1.6, ,230, ,50.3, 
211,2/1/2014,1000,32,0.01, ,0, ,763, ,7.1, ,42.8, ,75, ,35.6, ,3.7, ,150, ,50.1, 
211,2/1/2014,1100,32,0.01, ,0, ,1038, ,7.8, ,47.9, ,68, ,38, ,3.5, ,164, ,50.1, 
211,2/1/2014,1200,32,0.01, ,0, ,1206, ,7.6, ,52.6, ,56, ,37.4, ,3.8, ,337, ,50.2, 
211,2/1/2014,1300,32,0.01, ,0, ,1249, ,7, ,56.8, ,44, ,35.4, ,3.4, ,360, ,50.4, 
211,2/1/2014,1400,32,0.01, ,0, ,1167, ,6.7, ,58.9, ,40, ,34.4, ,4.1, ,321, ,50.8, 
211,2/1/2014,1500,32,0.01, ,0, ,967, ,6.7, ,60.7, ,37, ,34.3, ,4, ,272, ,51.4, 
211,2/1/2014,1600,32,0.01, ,0, ,670, ,6.4, ,60.7, ,36, ,33.3, ,4.3, ,202, ,51.8, 
211,2/1/2014,1700,32,0, ,0, ,334, ,6.8, ,58.6, ,40, ,34.7, ,6.4, ,210, ,52.1, 
211,2/1/2014,1800,32,0, ,0, ,27, ,6.8, ,54.3, ,48, ,34.8, ,3.6, ,302, ,52.2, 
211,2/1/2014,1900,32,0, ,0, ,0, ,6.6, ,49.3, ,55, ,33.7, ,3.9, ,104, ,52.2, 
211,2/1/2014,2000,32,0, ,0, ,0, ,6.5, ,45.9, ,62, ,33.6, ,4.3, ,142, ,52, 
211,2/1/2014,2100,32,0, ,0, ,0, ,6.2, ,42.8, ,66, ,32.4, ,2.1, ,132, ,51.8, 
211,2/1/2014,2200,32,0, ,0, ,0, ,5.9, ,38.8, ,74, ,31.2, ,1.4, ,250, ,51.6, 
211,2/1/2014,2300,32,0, ,0, ,0, ,5.5, ,37.7, ,72, ,29.6, ,2.1, ,30, ,51.4, 
211,2/1/2014,2400,32,0, ,0, ,0, ,5.3, ,37, ,71, ,28.4, ,2, ,34, ,51.1, 
211,2/2/2014,0100,33,0, ,0, ,0, ,5.8, ,37.9, ,75, ,30.6, ,2.6, ,287, ,50.9, 
211,2/2/2014,0200,33,0, ,0, ,0, ,5.8, ,38.6, ,73, ,30.6, ,4, ,155, ,50.7, 
211,2/2/2014,0300,33,0, ,0, ,0, ,5.9, ,38.7, ,74, ,31.1, ,5.3, ,147, ,50.5, 
211,2/2/2014,0400,33,0, ,0, ,0, ,6, ,39.8, ,72, ,31.7, ,6.3, ,155, ,50.4, 
211,2/2/2014,0500,33,0, ,0, ,0, ,5.9, ,39.3, ,72, ,31, ,5.3, ,176, ,50.3, 
211,2/2/2014,0600,33,0, ,0, ,0, ,5.8, ,36.6, ,78, ,30.5, ,1.9, ,188, ,50.2, 
211,2/2/2014,0700,33,0, ,0, ,0, ,5.8, ,35.9, ,81, ,30.7, ,2.2, ,279, ,50.1, 
211,2/2/2014,0800,33,0, ,0, ,20, ,5.7, ,36.6, ,78, ,30.3, ,2.1, ,341, ,50, 
211,2/2/2014,0900,33,0, ,0, ,40, ,6.2, ,39.5, ,76, ,32.5, ,3, ,334, ,49.9, 
211,2/2/2014,1000,33,0, ,0.05, ,71, ,7.2, ,41.9, ,79, ,35.9, ,3.2, ,132, ,49.8, 
211,2/2/2014,1100,33,0, ,0.06, ,220, ,7.9, ,43.4, ,83, ,38.5, ,4.6, ,107, ,49.8, 
211,2/2/2014,1200,33,0.01, ,0, ,810, ,8.9, ,47.7, ,79, ,41.6, ,6.1, ,125, ,49.8, 
211,2/2/2014,1300,33,0, ,0, ,469, ,9.3, ,49.8, ,76, ,42.6, ,6, ,152, ,49.9, 
211,2/2/2014,1400,33,0, ,0, ,347, ,9.5, ,50.6, ,76, ,43.2, ,6.3, ,130, ,50.1, 
211,2/2/2014,1500,33,0.01, ,0, ,600, ,9.7, ,52.4, ,73, ,43.8, ,6.7, ,118, ,50.3, 
211,2/2/2014,1600,33,0, ,0, ,364, ,9.6, ,51.8, ,73, ,43.5, ,8.8, ,119, ,50.4, 
211,2/2/2014,1700,33,0, ,0, ,105, ,9.4, ,50.1, ,76, ,42.8, ,7.1, ,118, ,50.6, 
211,2/2/2014,1800,33,0, ,0, ,21, ,9.2, ,48.9, ,78, ,42.4, ,5.6, ,130, ,50.7, 
211,2/2/2014,1900,33,0, ,0, ,0, ,8.9, ,47.9, ,78, ,41.5, ,4.1, ,132, ,50.7, 
211,2/2/2014,2000,33,0, ,0, ,0, ,8.5, ,46.8, ,78, ,40.4, ,4, ,72, ,50.7, 
211,2/2/2014,2100,33,0, ,0, ,0, ,8.3, ,45.6, ,79, ,39.6, ,4.5, ,322, ,50.6, 
211,2/2/2014,2200,33,0, ,0, ,0, ,8.2, ,45.9, ,78, ,39.4, ,5, ,314, ,50.5, 
211,2/2/2014,2300,33,0, ,0, ,0, ,8.1, ,42.3, ,88, ,38.9, ,3.7, ,307, ,50.4, 
211,2/2/2014,2400,33,0, ,0, ,0, ,7.8, ,40.5, ,91, ,38.1, ,2.9, ,320, ,50.3, 
211,2/3/2014,0100,34,0, ,0, ,0, ,7.6, ,39.4, ,92, ,37.3, ,4.2, ,310, ,50.2, 
211,2/3/2014,0200,34,0, ,0, ,0, ,7.2, ,38.2, ,92, ,36.1, ,3.7, ,315, ,50.1, 
211,2/3/2014,0300,34,0, ,0, ,0, ,7.2, ,37, ,96, ,36, ,2.7, ,304, ,50, 
211,2/3/2014,0400,34,0, ,0, ,0, ,8, ,41.2, ,91, ,38.8, ,8.2, ,319, ,49.9, 
211,2/3/2014,0500,34,0, ,0, ,0, ,7.7, ,40, ,92, ,37.8, ,3.4, ,301, ,49.7, 
211,2/3/2014,0600,34,0, ,0, ,0, ,7, ,36.6, ,95, ,35.3, ,2.4, ,277, ,49.7, 
211,2/3/2014,0700,34,0, ,0, ,0, ,7.2, ,36.3, ,100, ,36.2, ,2.9, ,160, ,49.6, 
211,2/3/2014,0800,34,0, ,0, ,39, ,7.1, ,35.7, ,100, ,35.7, ,2.2, ,143, ,49.5, 
211,2/3/2014,0900,34,0, ,0, ,176, ,7.9, ,38.5, ,99, ,38.4, ,1.9, ,329, ,49.4, 
211,2/3/2014,1000,34,0.01, ,0, ,713, ,8.9, ,45.1, ,87, ,41.4, ,2.2, ,16, ,49.4, 
211,2/3/2014,1100,34,0.01, ,0, ,1009, ,9, ,49.7, ,74, ,41.9, ,6.1, ,323, ,49.4, 
211,2/3/2014,1200,34,0.01, ,0, ,1187, ,9.1, ,52.3, ,68, ,42.2, ,5.9, ,307, ,49.6, 
211,2/3/2014,1300,34,0.01, ,0, ,964, ,8.6, ,54.6, ,59, ,40.5, ,8.1, ,311, ,49.9, 
211,2/3/2014,1400,34,0.02, ,0, ,1169, ,8, ,56.1, ,52, ,38.7, ,12.7, ,314, ,50.2, 
211,2/3/2014,1500,34,0.01, ,0, ,722, ,7.8, ,55.5, ,52, ,38.1, ,12.9, ,317, ,50.5, 
211,2/3/2014,1600,34,0.01, ,0, ,553, ,8, ,54.9, ,54, ,38.7, ,10.7, ,315, ,50.7, 
211,2/3/2014,1700,34,0, ,0, ,287, ,7.9, ,53.5, ,56, ,38.3, ,10.1, ,312, ,50.8, 
211,2/3/2014,1800,34,0, ,0, ,20, ,7.5, ,50.1, ,61, ,37.1, ,6.3, ,304, ,50.8, 
211,2/3/2014,1900,34,0, ,0, ,0, ,7.1, ,47.7, ,63, ,35.7, ,5.2, ,289, ,50.8, 
211,2/3/2014,2000,34,0, ,0, ,0, ,6.8, ,44.2, ,69, ,34.8, ,4.7, ,305, ,50.7, 
211,2/3/2014,2100,34,0, ,0, ,0, ,6.9, ,43.4, ,72, ,34.9, ,3.9, ,293, ,50.5, 
211,2/3/2014,2200,34,0, ,0, ,0, ,6.3, ,40.2, ,75, ,32.9, ,2.3, ,337, ,50.4, 
211,2/3/2014,2300,34,0, ,0, ,0, ,6, ,35.8, ,84, ,31.6, ,2, ,313, ,50.2, 
211,2/3/2014,2400,34,0, ,0, ,0, ,6.4, ,37.1, ,86, ,33.3, ,2.3, ,294, ,50, 
211,2/4/2014,0100,35,0, ,0, ,0, ,6.4, ,37.1, ,85, ,33.1, ,2.8, ,307, ,49.8, 
211,2/4/2014,0200,35,0, ,0, ,0, ,6, ,34.5, ,89, ,31.4, ,3.2, ,336, ,49.7, 
211,2/4/2014,0300,35,0, ,0, ,0, ,5.8, ,32.9, ,92, ,30.8, ,2.3, ,284, ,49.5, 
211,2/4/2014,0400,35,0, ,0, ,0, ,5.3, ,30.7, ,91, ,28.4, ,2.5, ,350, ,49.4, 
211,2/4/2014,0500,35,0, ,0, ,0, ,5.3, ,30.2, ,94, ,28.7, ,1.7, ,317, ,49.2, 
211,2/4/2014,0600,35,0, ,0, ,0, ,5.5, ,30.2, ,96, ,29.3, ,1.2, ,238, ,49.1, 
211,2/4/2014,0700,35,0, ,0, ,0, ,5.5, ,30.6, ,96, ,29.6, ,1.9, ,136, ,48.9, 
211,2/4/2014,0800,35,0, ,0, ,51, ,5.7, ,31.9, ,94, ,30.5, ,1.5, ,97, ,48.8, 
211,2/4/2014,0900,35,0, ,0, ,273, ,6.3, ,35.4, ,90, ,32.9, ,1.5, ,202, ,48.7, 
211,2/4/2014,1000,35,0, ,0, ,536, ,6.9, ,40.1, ,82, ,35.1, ,2.1, ,139, ,48.6, 
211,2/4/2014,1100,35,0.01, ,0, ,717, ,7.4, ,43.9, ,76, ,36.7, ,3, ,126, ,48.6, 
211,2/4/2014,1200,35,0.01, ,0, ,1123, ,8.1, ,49.4, ,68, ,39.2, ,3.6, ,167, ,48.8, 
211,2/4/2014,1300,35,0.01, ,0, ,1175, ,8.5, ,52.9, ,62, ,40.2, ,3.8, ,137, ,49, 
211,2/4/2014,1400,35,0.01, ,0, ,726, ,7.8, ,54.2, ,55, ,38.2, ,3.6, ,151, ,49.5, 
211,2/4/2014,1500,35,0.01, ,0, ,864, ,7.8, ,55.9, ,51, ,38.3, ,5.1, ,182, ,49.9, 
211,2/4/2014,1600,35,0.01, ,0, ,474, ,7.9, ,55.1, ,53, ,38.4, ,6.1, ,201, ,50.3, 
211,2/4/2014,1700,35,0, ,0, ,128, ,7.7, ,52.9, ,56, ,37.8, ,5.6, ,211, ,50.6, 
211,2/4/2014,1800,35,0, ,0, ,18, ,7.8, ,50.9, ,61, ,38, ,2.6, ,87, ,50.7, 
211,2/4/2014,1900,35,0, ,0, ,0, ,7.6, ,48.7, ,65, ,37.6, ,3.3, ,76, ,50.6, 
211,2/4/2014,2000,35,0, ,0, ,0, ,7.4, ,47.3, ,66, ,36.7, ,2.4, ,133, ,50.6, 
211,2/4/2014,2100,35,0, ,0, ,0, ,7.1, ,45, ,70, ,35.9, ,1.7, ,284, ,50.5, 
211,2/4/2014,2200,35,0, ,0, ,0, ,7.4, ,44.1, ,75, ,36.6, ,3.3, ,298, ,50.3, 
211,2/4/2014,2300,35,0, ,0, ,0, ,7.5, ,44.7, ,75, ,37.2, ,4.9, ,301, ,50.2, 
211,2/4/2014,2400,35,0, ,0, ,0, ,6.8, ,40.5, ,79, ,34.5, ,2.3, ,334, ,50, 
211,2/5/2014,0100,36,0, ,0, ,0, ,6, ,35.6, ,85, ,31.6, ,3.2, ,334, ,49.9, 
211,2/5/2014,0200,36,0, ,0, ,0, ,5.9, ,34.7, ,86, ,31.1, ,2.3, ,352, ,49.7, 
211,2/5/2014,0300,36,0, ,0, ,0, ,5.6, ,32.5, ,90, ,29.9, ,1.5, ,275, ,49.5, 
211,2/5/2014,0400,36,0, ,0, ,0, ,5.5, ,31.6, ,91, ,29.3, ,2.6, ,323, ,49.4, 
211,2/5/2014,0500,36,0, ,0, ,0, ,5.7, ,32, ,93, ,30.3, ,2.2, ,283, ,49.2, 
211,2/5/2014,0600,36,0, ,0, ,0, ,6.1, ,34.5, ,90, ,31.8, ,2.7, ,353, ,49, 
211,2/5/2014,0700,36,0, ,0, ,0, ,6.3, ,35.5, ,90, ,32.7, ,2.2, ,253, ,48.8, 
211,2/5/2014,0800,36,0, ,0, ,109, ,5.5, ,32.5, ,89, ,29.6, ,2, ,119, ,48.7, 
211,2/5/2014,0900,36,0, ,0, ,420, ,6.5, ,37.5, ,86, ,33.6, ,2.2, ,210, ,48.7, 
211,2/5/2014,1000,36,0.01, ,0, ,767, ,7.6, ,44.3, ,76, ,37.3, ,2.5, ,136, ,48.6, 
211,2/5/2014,1100,36,0.01, ,0, ,1047, ,8, ,48.4, ,69, ,38.7, ,3.5, ,182, ,48.7, 
211,2/5/2014,1200,36,0.01, ,0, ,1215, ,7.8, ,51.7, ,60, ,38.1, ,3.4, ,298, ,48.9, 
211,2/5/2014,1300,36,0.01, ,0, ,1250, ,7.9, ,54.8, ,54, ,38.6, ,3.6, ,238, ,49.2, 
211,2/5/2014,1400,36,0.01, ,0, ,1193, ,7.9, ,57, ,50, ,38.6, ,3.5, ,232, ,49.6, 
211,2/5/2014,1500,36,0.01, ,0, ,711, ,7.3, ,57.4, ,45, ,36.5, ,3.5, ,142, ,50.1, 
211,2/5/2014,1600,36,0.01, ,0, ,522, ,7.7, ,57.8, ,47, ,37.7, ,4, ,198, ,50.6, 
211,2/5/2014,1700,36,0, ,0, ,112, ,8.2, ,54.6, ,56, ,39.3, ,4.5, ,248, ,50.9, 
211,2/5/2014,1800,36,0, ,0, ,16, ,8.4, ,52.6, ,62, ,40.1, ,2.5, ,301, ,51, 
211,2/5/2014,1900,36,0, ,0, ,0, ,8.3, ,51.1, ,65, ,39.8, ,2.5, ,147, ,51, 
211,2/5/2014,2000,36,0, ,0, ,0, ,8.5, ,49.9, ,69, ,40.4, ,3.2, ,80, ,50.9, 
211,2/5/2014,2100,36,0, ,0, ,0, ,8.8, ,49.4, ,73, ,41.3, ,2.9, ,16, ,50.8, 
211,2/5/2014,2200,36,0, ,0.02, ,0, ,9.3, ,48, ,82, ,42.7, ,3.5, ,275, ,50.7, 
211,2/5/2014,2300,36,0, ,0, ,0, ,9.6, ,46.8, ,88, ,43.6, ,2.8, ,8, ,50.6, 
211,2/5/2014,2400,36,0, ,0, ,0, ,9.5, ,46.4, ,89, ,43.3, ,3.5, ,128, ,50.5, 
211,2/6/2014,0100,37,0, ,0, ,0, ,9.5, ,46, ,90, ,43.2, ,4.3, ,166, ,50.5, 
211,2/6/2014,0200,37,0, ,0.01, ,0, ,9.6, ,45.6, ,92, ,43.5, ,3.7, ,184, ,50.4, 
211,2/6/2014,0300,37,0, ,0, ,0, ,9.8, ,45.5, ,94, ,43.9, ,2.8, ,4, ,50.4, 
211,2/6/2014,0400,37,0, ,0.02, ,0, ,10.1, ,45.2, ,98, ,44.8, ,2.5, ,210, ,50.4, 
211,2/6/2014,0500,37,0, ,0.02, ,0, ,10, ,45.2, ,97, ,44.4, ,1.7, ,138, ,50.3, 
211,2/6/2014,0600,37,0, ,0.08, ,0, ,9.7, ,45.1, ,95, ,43.7, ,1.8, ,61, ,50.3, 
211,2/6/2014,0700,37,0, ,0.04, ,0, ,9.3, ,45.7, ,89, ,42.7, ,3.5, ,110, ,50.2, 
211,2/6/2014,0800,37,0, ,0.11, ,4, ,9.2, ,46.3, ,86, ,42.5, ,5.7, ,78, ,50.2, 
211,2/6/2014,0900,37,0, ,0.2, ,17, ,9.5, ,46, ,90, ,43.2, ,4.5, ,103, ,50.1, 
211,2/6/2014,1000,37,0, ,0.04, ,106, ,9.8, ,47.1, ,89, ,43.9, ,4.6, ,122, ,49.9, 
211,2/6/2014,1100,37,0, ,0, ,249, ,10.3, ,48.1, ,90, ,45.4, ,3.2, ,178, ,49.8, 
211,2/6/2014,1200,37,0, ,0, ,334, ,10.2, ,49.3, ,86, ,45.1, ,7.4, ,89, ,49.9, 
211,2/6/2014,1300,37,0, ,0, ,347, ,10, ,49.7, ,82, ,44.5, ,10.5, ,62, ,50, 
211,2/6/2014,1400,37,0, ,0, ,407, ,10, ,49.6, ,83, ,44.6, ,11.4, ,45, ,50.1, 
211,2/6/2014,1500,37,0, ,0, ,298, ,10, ,50.5, ,80, ,44.6, ,9.1, ,33, ,50.2, 
211,2/6/2014,1600,37,0, ,0, ,273, ,10.2, ,50.8, ,80, ,44.9, ,7.1, ,23, ,50.4, 
211,2/6/2014,1700,37,0, ,0, ,154, ,10, ,51.4, ,77, ,44.6, ,2.6, ,40, ,50.5, 
211,2/6/2014,1800,37,0, ,0, ,13, ,10.1, ,50.7, ,80, ,44.8, ,2.7, ,181, ,50.6, 
211,2/6/2014,1900,37,0, ,0, ,0, ,10.2, ,49.4, ,85, ,45.1, ,3.2, ,150, ,50.7, 
211,2/6/2014,2000,37,0, ,0, ,0, ,9.7, ,46.9, ,89, ,43.8, ,2.3, ,135, ,50.7, 
211,2/6/2014,2100,37,0, ,0, ,0, ,9.9, ,46.7, ,91, ,44.3, ,2.6, ,89, ,50.7, 
211,2/6/2014,2200,37,0, ,0, ,0, ,10.3, ,47.4, ,92, ,45.2, ,3.7, ,128, ,50.6, 
211,2/6/2014,2300,37,0, ,0, ,0, ,10.1, ,46.6, ,93, ,44.7, ,3.3, ,176, ,50.6, 
211,2/6/2014,2400,37,0, ,0, ,0, ,10.3, ,46.5, ,96, ,45.4, ,3.7, ,150, ,50.5, 
211,2/7/2014,0100,38,0, ,0, ,0, ,10.7, ,47.1, ,97, ,46.4, ,3.5, ,169, ,50.5, 
211,2/7/2014,0200,38,0, ,0, ,0, ,10.9, ,47.8, ,97, ,46.9, ,2.5, ,141, ,50.4, 
211,2/7/2014,0300,38,0, ,0, ,0, ,11, ,47.2, ,100, ,47.2, ,2.4, ,129, ,50.4, 
211,2/7/2014,0400,38,0, ,0, ,0, ,11, ,47.1, ,100, ,47.1, ,1.8, ,173, ,50.4, 
211,2/7/2014,0500,38,0, ,0.06, ,0, ,11.2, ,47.6, ,100, ,47.6, ,2.2, ,106, ,50.4, 
211,2/7/2014,0600,38,0, ,0.02, ,0, ,11.2, ,47.5, ,100, ,47.5, ,3.9, ,125, ,50.4, 
211,2/7/2014,0700,38,0, ,0, ,0, ,11.2, ,47.4, ,100, ,47.4, ,5.1, ,138, ,50.4, 
211,2/7/2014,0800,38,0, ,0, ,47, ,11.4, ,48, ,100, ,48, ,3.3, ,170, ,50.4, 
211,2/7/2014,0900,38,0, ,0, ,260, ,11.9, ,49.5, ,99, ,49.2, ,2.8, ,150, ,50.4, 
211,2/7/2014,1000,38,0, ,0, ,191, ,11.5, ,51.2, ,90, ,48.3, ,3.2, ,137, ,50.4, 
211,2/7/2014,1100,38,0, ,0, ,149, ,11.6, ,52, ,88, ,48.4, ,3.4, ,90, ,50.5, 
211,2/7/2014,1200,38,0, ,0.01, ,190, ,11.3, ,52.9, ,83, ,47.8, ,3.2, ,111, ,50.6, 
211,2/7/2014,1300,38,0, ,0, ,170, ,11.5, ,53.1, ,84, ,48.3, ,4.1, ,169, ,50.7, 
211,2/7/2014,1400,38,0, ,0.01, ,142, ,11.5, ,53.2, ,83, ,48.2, ,3.2, ,180, ,50.8, 
211,2/7/2014,1500,38,0, ,0, ,143, ,11.7, ,53.1, ,85, ,48.8, ,3.1, ,111, ,50.9, 
211,2/7/2014,1600,38,0, ,0, ,110, ,12.1, ,53.7, ,86, ,49.6, ,2.4, ,121, ,51, 
211,2/7/2014,1700,38,0, ,0.03, ,39, ,12.3, ,53, ,90, ,50.1, ,3.3, ,131, ,51.1, 
211,2/7/2014,1800,38,0, ,0, ,8, ,12.4, ,52.2, ,93, ,50.2, ,4.3, ,162, ,51.2, 
211,2/7/2014,1900,38,0, ,0, ,0, ,12.4, ,51.6, ,95, ,50.2, ,3.9, ,165, ,51.3, 
211,2/7/2014,2000,38,0, ,0, ,0, ,12.4, ,51.6, ,95, ,50.3, ,3.1, ,90, ,51.3, 
211,2/7/2014,2100,38,0, ,0, ,0, ,12.7, ,51.2, ,99, ,50.9, ,1.9, ,282, ,51.3, 
211,2/7/2014,2200,38,0, ,0.03, ,0, ,12.7, ,50.8, ,100, ,50.8, ,2.3, ,46, ,51.3, 
211,2/7/2014,2300,38,0, ,0.02, ,0, ,12.4, ,50.2, ,100, ,50.2, ,3, ,117, ,51.3, 
211,2/7/2014,2400,38,0, ,0, ,0, ,12.3, ,50.1, ,100, ,50.1, ,3.8, ,120, ,51.3, 
211,2/8/2014,0100,39,0, ,0, ,0, ,12.4, ,50.2, ,100, ,50.2, ,2.7, ,188, ,51.3, 
211,2/8/2014,0200,39,0, ,0, ,0, ,12, ,50.8, ,95, ,49.5, ,5.1, ,142, ,51.3, 
211,2/8/2014,0300,39,0, ,0, ,0, ,11.6, ,51.2, ,90, ,48.5, ,4.4, ,138, ,51.3, 
211,2/8/2014,0400,39,0, ,0, ,0, ,11.6, ,51.5, ,89, ,48.5, ,4.5, ,151, ,51.3, 
211,2/8/2014,0500,39,0, ,0.02, ,0, ,11.7, ,51.4, ,91, ,48.7, ,4.1, ,143, ,51.3, 
211,2/8/2014,0600,39,0, ,0.02, ,0, ,11.9, ,51.3, ,92, ,49.1, ,3.6, ,140, ,51.3, 
211,2/8/2014,0700,39,0, ,0, ,0, ,11.9, ,51.7, ,91, ,49.2, ,3.8, ,130, ,51.4, 
211,2/8/2014,0800,39,0, ,0, ,18, ,12, ,51.4, ,92, ,49.3, ,4.5, ,164, ,51.4, 
211,2/8/2014,0900,39,0, ,0.01, ,124, ,12.3, ,52.1, ,93, ,50, ,2.9, ,142, ,51.4, 
211,2/8/2014,1000,39,0, ,0, ,295, ,12.8, ,54.6, ,88, ,51.1, ,5.7, ,139, ,51.4, 
211,2/8/2014,1100,39,0, ,0, ,243, ,13.3, ,56.2, ,86, ,52.2, ,5.5, ,157, ,51.5, 
211,2/8/2014,1200,39,0, ,0, ,339, ,13.7, ,57.5, ,85, ,52.9, ,4.5, ,168, ,51.6, 
211,2/8/2014,1300,39,0, ,0, ,278, ,14.2, ,58.2, ,86, ,54, ,5.6, ,302, ,51.7, 
211,2/8/2014,1400,39,0, ,0.04, ,153, ,14.7, ,57.5, ,91, ,55, ,5.4, ,234, ,51.9, 
211,2/8/2014,1500,39,0, ,0, ,181, ,14.6, ,58, ,89, ,54.7, ,5, ,225, ,52.1, 
211,2/8/2014,1600,39,0, ,0, ,198, ,14.9, ,58, ,91, ,55.3, ,6.1, ,206, ,52.3, 
211,2/8/2014,1700,39,0, ,0.02, ,68, ,15.2, ,56.9, ,96, ,55.7, ,4.5, ,210, ,52.4, 
211,2/8/2014,1800,39,0, ,0.02, ,8, ,15.4, ,56.2, ,100, ,56.1, ,3.5, ,145, ,52.5, 
211,2/8/2014,1900,39,0, ,0.01, ,0, ,15.2, ,55.8, ,100, ,55.8, ,3.9, ,166, ,52.6, 
211,2/8/2014,2000,39,0, ,0.02, ,0, ,15.2, ,55.8, ,100, ,55.8, ,2.5, ,112, ,52.7, 
211,2/8/2014,2100,39,0, ,0.02, ,0, ,15.2, ,55.9, ,100, ,55.9, ,3.7, ,15, ,52.7, 
211,2/8/2014,2200,39,0,R,0.08, ,0, ,15.9,R,55.5, ,100,R,55.5,R,4.3, ,339, ,52.8, 
211,2/8/2014,2300,39,0,R,0.02, ,0, ,16,R,55, ,100,R,55,R,4.4, ,343, ,52.8, 
211,2/8/2014,2400,39,0, ,0.01, ,0, ,15, ,54.9, ,100, ,54.9, ,4.7, ,215, ,52.9, 
211,2/9/2014,0100,40,0, ,0.01, ,0, ,14.7, ,54.8, ,100, ,54.8, ,4.6, ,216, ,52.9, 
211,2/9/2014,0200,40,0, ,0.01, ,0, ,14.4, ,54.3, ,100, ,54.3, ,3.9, ,129, ,52.9, 
211,2/9/2014,0300,40,0, ,0, ,0, ,14.3, ,54.1, ,100, ,54.1, ,4.2, ,121, ,52.9, 
211,2/9/2014,0400,40,0, ,0.01, ,0, ,14.3, ,53.9, ,100, ,53.9, ,5, ,91, ,53, 
211,2/9/2014,0500,40,0,R,0, ,0, ,15.2,R,53.6, ,100,R,53.6,R,6, ,138, ,53, 
211,2/9/2014,0600,40,0, ,0, ,0, ,14.4, ,53.7, ,100, ,53.7, ,6.3, ,153, ,53, 
211,2/9/2014,0700,40,0, ,0, ,0, ,14.1, ,53.7, ,100, ,53.7, ,4.7, ,146, ,53, 
211,2/9/2014,0800,40,0, ,0, ,23, ,14.1, ,53.8, ,100, ,53.8, ,4.1, ,134, ,53, 
211,2/9/2014,0900,40,0, ,0, ,287, ,14, ,55.4, ,93, ,53.5, ,6.4, ,147, ,53, 
211,2/9/2014,1000,40,0, ,0, ,242, ,14, ,56.3, ,90, ,53.5, ,5.5, ,167, ,53, 
211,2/9/2014,1100,40,0, ,0, ,359, ,13.8, ,57.7, ,85, ,53.2, ,5.2, ,202, ,53.1, 
211,2/9/2014,1200,40,0, ,0, ,248, ,13.9, ,56.8, ,88, ,53.4, ,5.1, ,163, ,53.2, 
211,2/9/2014,1300,40,0, ,0, ,118, ,14.1, ,56.4, ,91, ,53.8, ,3.2, ,135, ,53.3, 
211,2/9/2014,1400,40,0, ,0, ,126, ,14.9, ,56.3, ,96, ,55.2, ,3.9, ,64, ,53.5, 
211,2/9/2014,1500,40,0, ,0, ,99, ,14.5, ,56.7, ,92, ,54.5, ,4.9, ,300, ,53.6, 
211,2/9/2014,1600,40,0, ,0, ,151, ,14, ,57.6, ,86, ,53.6, ,4, ,245, ,53.7, 
211,2/9/2014,1700,40,0, ,0, ,87, ,14.1, ,58, ,85, ,53.6, ,4.7, ,201, ,53.7, 
211,2/9/2014,1800,40,0, ,0, ,7, ,14.4, ,56.1, ,94, ,54.3, ,3.5, ,163, ,53.8, 
211,2/9/2014,1900,40,0, ,0, ,0, ,14.6, ,55.4, ,97, ,54.7, ,3.8, ,160, ,53.8, 
211,2/9/2014,2000,40,0, ,0.03, ,0, ,14.7, ,54.9, ,100, ,54.9, ,4, ,139, ,53.8, 
211,2/9/2014,2100,40,0,R,0.02, ,0, ,15.4,R,54.7, ,100,R,54.7,R,3.5, ,115, ,53.8, 
211,2/9/2014,2200,40,0,R,0.02, ,0, ,15.9,R,54.6, ,100,R,54.6,R,3.7, ,144, ,53.8, 
211,2/9/2014,2300,40,0,R,0.01, ,0, ,15.9,R,54.5, ,100,R,54.5,R,2.5, ,115, ,53.8, 
211,2/9/2014,2400,40,0,R,0, ,0, ,16.2,R,54.8, ,100,R,54.8,R,4.4, ,77, ,53.8, 
211,2/10/2014,0100,41,0,R,0, ,0, ,16.2,R,55, ,100,R,55,R,2.6, ,94, ,53.8, 
211,2/10/2014,0200,41,0,R,0, ,0, ,15.5,R,54.3, ,100,R,54.3,R,3.3, ,172, ,53.8, 
211,2/10/2014,0300,41,0, ,0, ,0, ,14.2, ,53.6, ,100, ,53.6, ,3.2, ,127, ,53.8, 
211,2/10/2014,0400,41,0, ,0, ,0, ,14.1, ,52.4, ,100, ,52.4, ,2.5, ,31, ,53.8, 
211,2/10/2014,0500,41,0,R,0, ,0, ,14.3,R,51.9, ,100,R,51.9,R,3.4, ,62, ,53.7, 
211,2/10/2014,0600,41,0,R,0, ,0, ,14.2,R,51.5, ,100,R,51.5,R,3.6, ,154, ,53.7, 
211,2/10/2014,0700,41,0,R,0.01, ,1, ,14.1,R,51.2, ,100,R,51.2,R,3.2, ,177, ,53.6, 
211,2/10/2014,0800,41,0,R,0, ,44, ,14.3,R,51.5, ,100,R,51.5,R,2.5, ,299, ,53.6, 
211,2/10/2014,0900,41,0,R,0, ,133, ,14.5,R,52.1, ,100,R,52.1,R,2.2, ,98, ,53.5, 
211,2/10/2014,1000,41,0, ,0, ,311, ,13.7, ,53.1, ,100, ,53, ,3.7, ,164, ,53.6, 
211,2/10/2014,1100,41,0, ,0, ,440, ,13, ,54.8, ,89, ,51.5, ,3.2, ,215, ,53.6, 
211,2/10/2014,1200,41,0.01, ,0, ,693, ,13.2, ,57.4, ,82, ,51.8, ,2.3, ,313, ,53.8, 
211,2/10/2014,1300,41,0, ,0, ,406, ,13.2, ,58, ,80, ,51.8, ,3.4, ,273, ,54, 
211,2/10/2014,1400,41,0.01, ,0.01, ,529, ,13.3, ,59.6, ,76, ,52.2, ,7.3, ,313, ,54.3, 
211,2/10/2014,1500,41,0.01, ,0, ,441, ,13.3, ,60, ,75, ,52.2, ,10, ,314, ,54.5, 
211,2/10/2014,1600,41,0.01, ,0, ,503, ,13.1, ,60, ,74, ,51.8, ,9.8, ,304, ,54.7, 
211,2/10/2014,1700,41,0, ,0, ,238, ,12.8, ,58.9, ,75, ,51.1, ,10.2, ,303, ,54.8, 
211,2/10/2014,1800,41,0, ,0, ,37, ,12.6, ,56.8, ,80, ,50.6, ,7, ,304, ,54.9, 
211,2/10/2014,1900,41,0, ,0, ,0, ,12.5, ,55.1, ,84, ,50.4, ,7.3, ,298, ,54.9, 
211,2/10/2014,2000,41,0, ,0, ,0, ,12.1, ,53.5, ,87, ,49.7, ,6.1, ,306, ,54.8, 
211,2/10/2014,2100,41,0, ,0, ,0, ,12, ,52.5, ,89, ,49.3, ,6.1, ,310, ,54.6, 
211,2/10/2014,2200,41,0, ,0, ,0, ,11.8, ,51.7, ,90, ,48.9, ,3.3, ,282, ,54.5, 
211,2/10/2014,2300,41,0, ,0, ,0, ,11.2, ,49.2, ,94, ,47.5, ,2.2, ,1, ,54.4, 
211,2/10/2014,2400,41,0, ,0, ,0, ,10.9, ,47, ,99, ,46.9, ,1.7, ,304, ,54.2, 
211,2/11/2014,0100,42,0, ,0, ,0, ,10.9, ,46.9, ,100, ,46.9, ,1.5, ,264, ,54.1, 
211,2/11/2014,0200,42,0, ,0, ,0, ,11.7, ,48.1, ,100, ,48.1, ,1.9, ,201, ,53.9, 
211,2/11/2014,0300,42,0,R,0, ,0, ,12.7,R,49, ,100,R,49,R,3.2, ,338, ,53.7, 
211,2/11/2014,0400,42,0,R,0, ,0, ,12.7,R,48.6, ,100,R,48.6,R,3.2, ,14, ,53.6, 
211,2/11/2014,0500,42,0,R,0, ,0, ,12.6,R,48.3, ,100,R,48.3,R,3.3, ,35, ,53.6, 
211,2/11/2014,0600,42,0,R,0, ,0, ,12.2,R,47.3, ,100,R,47.3,R,4.5, ,10, ,53.5, 
211,2/11/2014,0700,42,0,R,0, ,0, ,12.1,R,47, ,100,R,47,R,3.9, ,52, ,53.5, 
211,2/11/2014,0800,42,0,R,0, ,27, ,11.9,R,46.6, ,100,R,46.6,R,4.5, ,39, ,53.5, 
211,2/11/2014,0900,42,0,R,0, ,129, ,12.2,R,47.1, ,100,R,47.1,R,4.2, ,53, ,53.5, 
211,2/11/2014,1000,42,0, ,0, ,483, ,11.7, ,48.6, ,100, ,48.6, ,3.1, ,340, ,53.5, 
211,2/11/2014,1100,42,0, ,0, ,401, ,11, ,49.2, ,93, ,47.1, ,3.9, ,337, ,53.5, 
211,2/11/2014,1200,42,0.01, ,0, ,952, ,11.6, ,52.9, ,85, ,48.4, ,3.6, ,339, ,53.6, 
211,2/11/2014,1300,42,0.01, ,0, ,1254, ,12.1, ,56.9, ,77, ,49.6, ,3.3, ,13, ,53.8, 
211,2/11/2014,1400,42,0.01, ,0, ,1170, ,12, ,60.8, ,66, ,49.5, ,2.9, ,342, ,54.2, 
211,2/11/2014,1500,42,0.01, ,0, ,979, ,11.6, ,64.1, ,57, ,48.4, ,2.8, ,234, ,54.7, 
211,2/11/2014,1600,42,0.01, ,0, ,694, ,11.5, ,64.7, ,55, ,48.2, ,2.9, ,193, ,55.2, 
211,2/11/2014,1700,42,0.01, ,0, ,365, ,11, ,63.9, ,54, ,46.9, ,8.5, ,329, ,55.5, 
211,2/11/2014,1800,42,0, ,0, ,44, ,10.3, ,59.1, ,60, ,45.2, ,6.5, ,325, ,55.7, 
211,2/11/2014,1900,42,0, ,0, ,0, ,10.5, ,55.5, ,70, ,45.8, ,5.1, ,317, ,55.7, 
211,2/11/2014,2000,42,0, ,0, ,0, ,11, ,54.3, ,77, ,47.1, ,5.9, ,320, ,55.5, 
211,2/11/2014,2100,42,0, ,0, ,0, ,11.3, ,53, ,82, ,47.7, ,6.5, ,316, ,55.3, 
211,2/11/2014,2200,42,0, ,0, ,0, ,11.3, ,52.6, ,83, ,47.7, ,8.4, ,320, ,55.1, 
211,2/11/2014,2300,42,0, ,0, ,0, ,11.1, ,50.6, ,88, ,47.3, ,6.7, ,327, ,55, 
211,2/11/2014,2400,42,0, ,0, ,0, ,11, ,49, ,93, ,47, ,6, ,325, ,54.8, 
211,2/12/2014,0100,43,0, ,0, ,0, ,11, ,47.7, ,98, ,47.1, ,5.8, ,327, ,54.6, 
211,2/12/2014,0200,43,0, ,0, ,0, ,11.4, ,48, ,100, ,48, ,7.2, ,319, ,54.5, 
211,2/12/2014,0300,43,0, ,0, ,0, ,11.5, ,48.3, ,100, ,48.3, ,4.9, ,318, ,54.3, 
211,2/12/2014,0400,43,0, ,0, ,0, ,10.7, ,46.3, ,100, ,46.3, ,2, ,338, ,54.2, 
211,2/12/2014,0500,43,0, ,0, ,0, ,10.5, ,45.8, ,100, ,45.8, ,2.3, ,264, ,54.1, 
211,2/12/2014,0600,43,0, ,0, ,0, ,10.7, ,46.4, ,100, ,46.4, ,2.9, ,277, ,54, 
211,2/12/2014,0700,43,0, ,0, ,0, ,10.7, ,45.9, ,100, ,45.9, ,5.9, ,323, ,53.9, 
211,2/12/2014,0800,43,0,R,0, ,50, ,11.3,R,45.4, ,100,R,45.4,R,3.5, ,315, ,53.8, 
211,2/12/2014,0900,43,0,R,0, ,144, ,11.6,R,45.9, ,100,R,45.9,R,3.6, ,316, ,53.7, 
211,2/12/2014,1000,43,0,R,0, ,357, ,12,R,47.6, ,100,R,47.6,R,2.8, ,328, ,53.7, 
211,2/12/2014,1100,43,0.01, ,0, ,960, ,11.3, ,51.6, ,87, ,47.8, ,3.4, ,128, ,53.7, 
211,2/12/2014,1200,43,0.01, ,0, ,1150, ,11.8, ,53.4, ,85, ,48.9, ,3.9, ,138, ,53.8, 
211,2/12/2014,1300,43,0.01, ,0, ,1127, ,12.3, ,57.8, ,75, ,50, ,2.9, ,191, ,54.1, 
211,2/12/2014,1400,43,0.01, ,0, ,1019, ,11, ,64.8, ,53, ,47.1, ,4.4, ,298, ,54.4, 
211,2/12/2014,1500,43,0.02, ,0, ,937, ,8.7, ,67.9, ,37, ,40.8, ,9.9, ,329, ,54.9, 
211,2/12/2014,1600,43,0.01, ,0, ,485, ,9.7, ,66.1, ,45, ,43.8, ,11.1, ,321, ,55.3, 
211,2/12/2014,1700,43,0.01, ,0, ,190, ,9.8, ,63.1, ,49, ,43.9, ,11.1, ,324, ,55.5, 
211,2/12/2014,1800,43,0, ,0, ,38, ,10, ,60.6, ,55, ,44.4, ,8.8, ,321, ,55.5, 
211,2/12/2014,1900,43,0, ,0, ,0, ,10.3, ,57.8, ,63, ,45.2, ,6.4, ,312, ,55.4, 
211,2/12/2014,2000,43,0, ,0, ,0, ,9.9, ,55.3, ,67, ,44.4, ,4.8, ,308, ,55.3, 
211,2/12/2014,2100,43,0, ,0, ,0, ,10, ,53.3, ,72, ,44.6, ,3.1, ,323, ,55.1, 
211,2/12/2014,2200,43,0, ,0, ,0, ,10.1, ,52.5, ,75, ,44.8, ,6.4, ,306, ,55, 
211,2/12/2014,2300,43,0, ,0, ,0, ,10.8, ,51.9, ,82, ,46.6, ,7.9, ,325, ,54.8, 
211,2/12/2014,2400,43,0, ,0, ,0, ,11.3, ,51.1, ,89, ,47.8, ,7.3, ,328, ,54.6, 
211,2/13/2014,0100,44,0, ,0, ,0, ,11, ,49.4, ,92, ,47.1, ,3.6, ,344, ,54.5, 
211,2/13/2014,0200,44,0, ,0, ,0, ,10.4, ,47.7, ,93, ,45.6, ,2.3, ,214, ,54.4, 
211,2/13/2014,0300,44,0, ,0, ,0, ,10, ,45.3, ,97, ,44.5, ,2.8, ,324, ,54.2, 
211,2/13/2014,0400,44,0, ,0, ,0, ,9.9, ,44.8, ,98, ,44.2, ,4.6, ,310, ,54.1, 
211,2/13/2014,0500,44,0, ,0, ,0, ,10.1, ,45.2, ,99, ,44.8, ,5.7, ,309, ,53.9, 
211,2/13/2014,0600,44,0, ,0, ,0, ,10.7, ,46.3, ,100, ,46.3, ,5.6, ,327, ,53.8, 
211,2/13/2014,0700,44,0,R,0, ,1, ,11.5,R,45.9, ,100,R,45.9,R,3.1, ,357, ,53.7, 
211,2/13/2014,0800,44,0,R,0, ,69, ,11.2,R,45.1, ,100,R,45.1,R,2.8, ,276, ,53.6, 
211,2/13/2014,0900,44,0,R,0, ,256, ,11.7,R,45.9, ,100,R,45.9,R,3.4, ,305, ,53.5, 
211,2/13/2014,1000,44,0.01,R,0, ,723, ,13.2,R,49.1, ,100,R,49.1,R,2, ,217, ,53.5, 
211,2/13/2014,1100,44,0.01, ,0, ,1093, ,13.9, ,56, ,91, ,53.4, ,6.8, ,325, ,53.5, 
211,2/13/2014,1200,44,0.02, ,0, ,1256, ,14.4, ,63.9, ,71, ,54.2, ,9, ,308, ,53.7, 
211,2/13/2014,1300,44,0.02, ,0, ,1284, ,15.1, ,68.9, ,62, ,55.5, ,11.3, ,325, ,54, 
211,2/13/2014,1400,44,0.02, ,0, ,1212, ,15.2, ,70.6, ,59, ,55.8, ,9.2, ,315, ,54.3, 
211,2/13/2014,1500,44,0.01, ,0, ,925, ,14.9, ,72.4, ,55, ,55.2, ,10.9, ,329, ,54.7, 
211,2/13/2014,1600,44,0.01, ,0, ,724, ,14.8, ,72.8, ,54, ,55, ,10.6, ,323, ,55.1, 
211,2/13/2014,1700,44,0.01, ,0, ,370, ,14.9, ,70.7, ,58, ,55.2, ,11.3, ,323, ,55.3, 
211,2/13/2014,1800,44,0,Y,0, ,60, ,14.9, ,67,Y,66,Y,55.3,Y,11, ,318, ,55.4, 
211,2/13/2014,1900,44,0,Y,0, ,0, ,14.8, ,63.8,Y,73,Y,55,Y,7.3, ,307, ,55.5, 
211,2/13/2014,2000,44,0, ,0, ,0, ,14.3, ,59.8, ,81, ,54, ,4.3, ,325, ,55.5, 
211,2/13/2014,2100,44,0, ,0, ,0, ,14.1, ,57.9, ,86, ,53.6, ,3.7, ,310, ,55.4, 
211,2/13/2014,2200,44,0, ,0, ,0, ,13.4, ,55.4, ,89, ,52.3, ,3, ,316, ,55.3, 
211,2/13/2014,2300,44,0, ,0, ,0, ,13.2, ,54.1, ,93, ,52, ,3.3, ,301, ,55.1, 
211,2/13/2014,2400,44,0, ,0, ,0, ,12.9, ,53.4, ,93, ,51.4, ,3.2, ,315, ,55, 
211,2/14/2014,0100,45,0, ,0, ,0, ,11.9, ,50.1, ,96, ,49.1, ,1.6, ,316, ,54.8, 
211,2/14/2014,0200,45,0, ,0, ,0, ,11.4, ,48.1, ,100, ,47.9, ,1.6, ,352, ,54.7, 
211,2/14/2014,0300,45,0,R,0, ,0, ,13.6,R,51.1, ,100,R,51.1,R,3.9, ,354, ,54.6, 
211,2/14/2014,0400,45,0, ,0, ,0, ,11.5, ,47.9, ,100, ,47.9, ,2.5, ,4, ,54.4, 
211,2/14/2014,0500,45,0,R,0, ,0, ,12.1,R,48, ,100,R,48,R,2.2, ,344, ,54.3, 
211,2/14/2014,0600,45,0,R,0, ,0, ,14.2,R,51.2, ,100,R,51.2,R,2.8, ,328, ,54.2, 
211,2/14/2014,0700,45,0,R,0, ,0, ,14.6,R,51.9, ,100,R,51.9,R,2.8, ,76, ,54.1, 
211,2/14/2014,0800,45,0,R,0, ,20, ,13.2,R,49.2, ,100,R,49.2,R,5, ,163, ,54.1, 
211,2/14/2014,0900,45,0,R,0, ,121, ,14,R,50.6, ,100,R,50.6,R,5.8, ,148, ,54.1, 
211,2/14/2014,1000,45,0,R,0, ,256, ,15,R,52.6, ,100,R,52.6,R,5.9, ,153, ,54.1, 
211,2/14/2014,1100,45,0, ,0, ,439, ,14.7, ,55.2, ,99, ,54.8, ,5.3, ,155, ,54.1, 
211,2/14/2014,1200,45,0, ,0, ,473, ,14.1, ,57.3, ,88, ,53.8, ,4.8, ,302, ,54.3, 
211,2/14/2014,1300,45,0.01, ,0, ,1036, ,15.1, ,60.8, ,83, ,55.6, ,9, ,310, ,54.5, 
211,2/14/2014,1400,45,0.02, ,0, ,1160, ,15.6, ,65.4, ,73, ,56.6, ,14, ,321, ,54.7, 
211,2/14/2014,1500,45,0.01, ,0, ,1043, ,15.4, ,65.4, ,72, ,56.2, ,11.3, ,313, ,55, 
211,2/14/2014,1600,45,0.01, ,0, ,622, ,15.1, ,65.1, ,71, ,55.6, ,9.8, ,323, ,55.3, 
211,2/14/2014,1700,45,0, ,0, ,366, ,14.7, ,64.4, ,71, ,54.9, ,8.6, ,315, ,55.5, 
211,2/14/2014,1800,45,0, ,0, ,61, ,14.1, ,61.3, ,76, ,53.7, ,8.2, ,325, ,55.6, 
211,2/14/2014,1900,45,0, ,0, ,0, ,13.5, ,58, ,82, ,52.6, ,6.6, ,324, ,55.6, 
211,2/14/2014,2000,45,0, ,0, ,0, ,13.2, ,56.1, ,86, ,51.9, ,5.9, ,314, ,55.5, 
211,2/14/2014,2100,45,0, ,0, ,0, ,12.7, ,54.3, ,89, ,51, ,4.9, ,306, ,55.5, 
211,2/14/2014,2200,45,0, ,0, ,0, ,12.2, ,52.5, ,91, ,49.9, ,4.6, ,311, ,55.3, 
211,2/14/2014,2300,45,0, ,0, ,0, ,11.7, ,51, ,91, ,48.6, ,4.6, ,312, ,55.2, 
211,2/14/2014,2400,45,0, ,0, ,0, ,11.3, ,50.2, ,92, ,47.9, ,4.7, ,310, ,55.1, 
211,2/15/2014,0100,46,0, ,0, ,0, ,11, ,48.8, ,94, ,47.1, ,3.7, ,312, ,54.9, 
211,2/15/2014,0200,46,0, ,0, ,0, ,10.8, ,47.2, ,98, ,46.5, ,2.8, ,325, ,54.8, 
211,2/15/2014,0300,46,0, ,0, ,0, ,10.3, ,45.4, ,100, ,45.4, ,1.5, ,160, ,54.6, 
211,2/15/2014,0400,46,0, ,0, ,0, ,11.4, ,48, ,100, ,48, ,4.1, ,279, ,54.5, 
211,2/15/2014,0500,46,0, ,0, ,0, ,11.5, ,48.2, ,100, ,48.2, ,2.9, ,300, ,54.3, 
211,2/15/2014,0600,46,0, ,0, ,0, ,10.9, ,46.8, ,100, ,46.8, ,1.9, ,317, ,54.3, 
211,2/15/2014,0700,46,0, ,0, ,0, ,10.7, ,46.2, ,100, ,46.2, ,2.7, ,305, ,54.2, 
211,2/15/2014,0800,46,0, ,0, ,47, ,10.7, ,46.3, ,100, ,46.3, ,2.5, ,283, ,54.1, 
211,2/15/2014,0900,46,0, ,0, ,154, ,11.4, ,48, ,100, ,48, ,2.4, ,313, ,54, 
211,2/15/2014,1000,46,0, ,0, ,195, ,11.9, ,50.6, ,95, ,49.2, ,3.1, ,164, ,54, 
211,2/15/2014,1100,46,0, ,0, ,313, ,12.8, ,52.7, ,94, ,51.1, ,5.2, ,136, ,54, 
211,2/15/2014,1200,46,0, ,0, ,360, ,12.9, ,53.6, ,92, ,51.3, ,8.5, ,144, ,54.1, 
211,2/15/2014,1300,46,0, ,0, ,479, ,13.2, ,54.7, ,90, ,52, ,7.1, ,163, ,54.2, 
211,2/15/2014,1400,46,0, ,0, ,480, ,13.4, ,56.4, ,86, ,52.4, ,3.9, ,156, ,54.3, 
211,2/15/2014,1500,46,0, ,0, ,471, ,13.9, ,58.8, ,82, ,53.4, ,4.8, ,335, ,54.5, 
211,2/15/2014,1600,46,0, ,0, ,249, ,12.7, ,61.5, ,68, ,50.9, ,6.6, ,261, ,54.7, 
211,2/15/2014,1700,46,0, ,0, ,167, ,13, ,59.3, ,75, ,51.4, ,7.1, ,176, ,54.9, 
211,2/15/2014,1800,46,0, ,0, ,27, ,12.7, ,56.9, ,80, ,51, ,4, ,256, ,55, 
211,2/15/2014,1900,46,0, ,0, ,0, ,12.2, ,55.9, ,80, ,49.8, ,6.1, ,243, ,55, 
211,2/15/2014,2000,46,0, ,0, ,0, ,12.2, ,54.7, ,84, ,49.9, ,4.4, ,5, ,55, 
211,2/15/2014,2100,46,0, ,0, ,0, ,12, ,52.9, ,88, ,49.4, ,3.5, ,128, ,54.9, 
211,2/15/2014,2200,46,0, ,0, ,0, ,12.3, ,52.8, ,90, ,50, ,4.8, ,141, ,54.9, 
211,2/15/2014,2300,46,0, ,0.02, ,0, ,12.7, ,53.1, ,92, ,50.8, ,4.5, ,143, ,54.8, 
211,2/15/2014,2400,46,0, ,0.01, ,0, ,13, ,52.6, ,96, ,51.5, ,4.2, ,127, ,54.7, 
211,2/16/2014,0100,47,0, ,0, ,0, ,13.3, ,52.4, ,99, ,52.1, ,5.9, ,142, ,54.7, 
211,2/16/2014,0200,47,0, ,0, ,0, ,13.4, ,52.5, ,99, ,52.4, ,5, ,142, ,54.7, 
211,2/16/2014,0300,47,0, ,0, ,0, ,13.5, ,52.6, ,100, ,52.6, ,4.1, ,115, ,54.6, 
211,2/16/2014,0400,47,0, ,0, ,0, ,13.5, ,52.6, ,100, ,52.6, ,3.9, ,133, ,54.6, 
211,2/16/2014,0500,47,0, ,0, ,0, ,13.4, ,52.3, ,100, ,52.3, ,3.8, ,154, ,54.6, 
211,2/16/2014,0600,47,0, ,0.01, ,0, ,13.3, ,52.2, ,100, ,52.2, ,4.8, ,309, ,54.6, 
211,2/16/2014,0700,47,0, ,0, ,1, ,13, ,51.5, ,100, ,51.5, ,5, ,311, ,54.6, 
211,2/16/2014,0800,47,0, ,0, ,103, ,12.5, ,50.7, ,99, ,50.6, ,7.5, ,307, ,54.6, 
211,2/16/2014,0900,47,0, ,0, ,446, ,12.1, ,52.8, ,89, ,49.6, ,9.1, ,319, ,54.5, 
211,2/16/2014,1000,47,0.01, ,0, ,828, ,12.5, ,55.9, ,82, ,50.5, ,9.8, ,325, ,54.5, 
211,2/16/2014,1100,47,0.01, ,0, ,1118, ,12.2, ,58.4, ,73, ,49.8, ,10.9, ,324, ,54.6, 
211,2/16/2014,1200,47,0.02, ,0, ,1290, ,11.5, ,61.4, ,62, ,48.2, ,9.7, ,332, ,54.7, 
211,2/16/2014,1300,47,0.02, ,0, ,1345, ,11.6, ,64.1, ,57, ,48.5, ,9.7, ,330, ,54.9, 
211,2/16/2014,1400,47,0.02, ,0, ,1235, ,11.3, ,65.5, ,53, ,47.7, ,10.8, ,317, ,55.1, 
211,2/16/2014,1500,47,0.02, ,0, ,985, ,10, ,66.4, ,45, ,44.6, ,11.1, ,317, ,55.5, 
211,2/16/2014,1600,47,0.01, ,0, ,641, ,9.6, ,65.6, ,45, ,43.5, ,12.6, ,321, ,55.7, 
211,2/16/2014,1700,47,0.01, ,0, ,228, ,9.1, ,62.5, ,47, ,42.1, ,11.9, ,313, ,55.8, 
211,2/16/2014,1800,47,0, ,0, ,51, ,9.3, ,59.8, ,53, ,42.6, ,9.4, ,316, ,55.8, 
211,2/16/2014,1900,47,0, ,0, ,0, ,9.1, ,56.7, ,58, ,42, ,7.2, ,311, ,55.7, 
211,2/16/2014,2000,47,0, ,0, ,0, ,8.5, ,54.2, ,59, ,40.3, ,6.1, ,303, ,55.6, 
211,2/16/2014,2100,47,0, ,0, ,0, ,7.7, ,52.6, ,57, ,37.9, ,5.6, ,296, ,55.4, 
211,2/16/2014,2200,47,0, ,0, ,0, ,7.9, ,51, ,62, ,38.4, ,6.2, ,303, ,55.2, 
211,2/16/2014,2300,47,0, ,0, ,0, ,8.9, ,49, ,75, ,41.5, ,4.9, ,315, ,55.1, 
211,2/16/2014,2400,47,0, ,0, ,0, ,9.1, ,47.1, ,83, ,42.1, ,4, ,315, ,54.9, 
211,2/17/2014,0100,48,0, ,0, ,0, ,8.3, ,43.9, ,85, ,39.8, ,2.5, ,342, ,54.7, 
211,2/17/2014,0200,48,0, ,0, ,0, ,7.9, ,41.5, ,89, ,38.5, ,2.5, ,342, ,54.5, 
211,2/17/2014,0300,48,0, ,0, ,0, ,7.8, ,40.6, ,90, ,38, ,3.5, ,322, ,54.3, 
211,2/17/2014,0400,48,0, ,0, ,0, ,7.9, ,41, ,90, ,38.4, ,4.5, ,298, ,54.1, 
211,2/17/2014,0500,48,0, ,0, ,0, ,7.7, ,40.5, ,90, ,37.8, ,4.3, ,341, ,53.9, 
211,2/17/2014,0600,48,0, ,0, ,0, ,7.5, ,39.5, ,91, ,37.1, ,3.2, ,343, ,53.7, 
211,2/17/2014,0700,48,0, ,0, ,3, ,7.3, ,38.3, ,93, ,36.4, ,5.1, ,158, ,53.5, 
211,2/17/2014,0800,48,0, ,0, ,169, ,7.6, ,39.5, ,93, ,37.5, ,3.1, ,303, ,53.4, 
211,2/17/2014,0900,48,0, ,0, ,410, ,8.7, ,44.3, ,88, ,40.8, ,7, ,315, ,53.2, 
211,2/17/2014,1000,48,0.01, ,0, ,749, ,9.7, ,50, ,79, ,43.8, ,8.1, ,314, ,53.2, 
211,2/17/2014,1100,48,0.01, ,0, ,1094, ,10.6, ,56, ,69, ,46, ,12.4, ,325, ,53.2, 
211,2/17/2014,1200,48,0.02, ,0, ,1229, ,9.8, ,58.4, ,59, ,44.1, ,12.9, ,314, ,53.3, 
211,2/17/2014,1300,48,0.02, ,0, ,1189, ,8.6, ,60.6, ,48, ,40.6, ,12.5, ,315, ,53.5, 
211,2/17/2014,1400,48,0.02, ,0, ,1204, ,8.7, ,62.6, ,45, ,41, ,10.9, ,314, ,53.7, 
211,2/17/2014,1500,48,0.02, ,0, ,951, ,6.8, ,63.4, ,34, ,34.7, ,12.4, ,316, ,54, 
211,2/17/2014,1600,48,0.01, ,0, ,772, ,6, ,62.8, ,31, ,31.6, ,13, ,313, ,54.3, 
211,2/17/2014,1700,48,0.01, ,0, ,419, ,6.2, ,61.4, ,33, ,32.3, ,12.5, ,312, ,54.4, 
211,2/17/2014,1800,48,0, ,0, ,77, ,7.3, ,57.9, ,44, ,36.4, ,11, ,312, ,54.4, 
211,2/17/2014,1900,48,0, ,0, ,0, ,8.3, ,55, ,56, ,39.6, ,9.4, ,298, ,54.4, 
211,2/17/2014,2000,48,0, ,0, ,0, ,9.4, ,52.8, ,69, ,43, ,8.5, ,300, ,54.2, 
211,2/17/2014,2100,48,0, ,0, ,0, ,10.2, ,50.9, ,80, ,45.1, ,8.5, ,308, ,54.1, 
211,2/17/2014,2200,48,0, ,0, ,0, ,10.2, ,49.6, ,84, ,45, ,9.1, ,311, ,54, 
211,2/17/2014,2300,48,0, ,0, ,0, ,9.7, ,47.4, ,87, ,43.9, ,4, ,334, ,53.9, 
211,2/17/2014,2400,48,0, ,0, ,0, ,8.7, ,43.7, ,90, ,40.9, ,2.1, ,333, ,53.8, 
211,2/18/2014,0100,49,0, ,0, ,0, ,8.5, ,42.2, ,92, ,40.2, ,2.4, ,287, ,53.7, 
211,2/18/2014,0200,49,0, ,0, ,0, ,7.5, ,39.6, ,91, ,37.2, ,2, ,334, ,53.5, 
211,2/18/2014,0300,49,0, ,0, ,0, ,7.1, ,38.9, ,89, ,35.9, ,1.6, ,5, ,53.3, 
211,2/18/2014,0400,49,0, ,0, ,0, ,7, ,38, ,90, ,35.3, ,1.9, ,254, ,53.1, 
211,2/18/2014,0500,49,0, ,0, ,0, ,6.9, ,37.3, ,92, ,35.1, ,2.4, ,325, ,52.9, 
211,2/18/2014,0600,49,0, ,0, ,0, ,7, ,37.6, ,92, ,35.5, ,1.9, ,333, ,52.7, 
211,2/18/2014,0700,49,0, ,0, ,1, ,7.4, ,39.7, ,89, ,36.8, ,2.3, ,116, ,52.6, 
211,2/18/2014,0800,49,0, ,0, ,74, ,7.8, ,41.2, ,89, ,38.1, ,1.6, ,132, ,52.4, 
211,2/18/2014,0900,49,0, ,0, ,304, ,8.3, ,44.2, ,84, ,39.7, ,2.2, ,131, ,52.4, 
211,2/18/2014,1000,49,0, ,0, ,501, ,9.2, ,46.9, ,84, ,42.3, ,3.2, ,162, ,52.4, 
211,2/18/2014,1100,49,0.01, ,0, ,802, ,10.1, ,51.4, ,78, ,44.8, ,2.4, ,75, ,52.5, 
211,2/18/2014,1200,49,0.01, ,0, ,743, ,10.7, ,55.4, ,72, ,46.4, ,2.4, ,202, ,52.7, 
211,2/18/2014,1300,49,0.01, ,0, ,955, ,10.7, ,59.4, ,62, ,46.4, ,4.2, ,313, ,53, 
211,2/18/2014,1400,49,0.01, ,0, ,1026, ,10, ,62.7, ,51, ,44.4, ,10.1, ,313, ,53.4, 
211,2/18/2014,1500,49,0.01, ,0, ,890, ,9.6, ,64, ,47, ,43.4, ,5.7, ,306, ,53.8, 
211,2/18/2014,1600,49,0.01, ,0, ,612, ,9, ,65.5, ,42, ,41.7, ,7.6, ,317, ,54.1, 
211,2/18/2014,1700,49,0.01, ,0, ,234, ,8.5, ,63.6, ,42, ,40.4, ,9.5, ,322, ,54.4, 
211,2/18/2014,1800,49,0, ,0, ,49, ,8.3, ,61.2, ,45, ,39.8, ,8, ,320, ,54.4, 
211,2/18/2014,1900,49,0, ,0, ,0, ,9.4, ,58.6, ,56, ,43, ,11.5, ,316, ,54.4, 
211,2/18/2014,2000,49,0, ,0, ,0, ,10.5, ,56.9, ,67, ,45.9, ,10.5, ,309, ,54.4, 
211,2/18/2014,2100,49,0, ,0, ,0, ,10.8, ,55.5, ,72, ,46.6, ,6.4, ,317, ,54.3, 
211,2/18/2014,2200,49,0, ,0, ,0, ,10.8, ,54.1, ,76, ,46.6, ,3.8, ,318, ,54.2, 
211,2/18/2014,2300,49,0, ,0, ,0, ,10.8, ,52.9, ,79, ,46.6, ,4.2, ,275, ,54.1, 
211,2/18/2014,2400,49,0, ,0, ,0, ,9.8, ,48.7, ,84, ,44, ,3, ,347, ,54, 
211,2/19/2014,0100,50,0, ,0, ,0, ,9.8, ,47, ,89, ,44.1, ,4.8, ,305, ,53.9, 
211,2/19/2014,0200,50,0, ,0, ,0, ,10.5, ,49.2, ,88, ,45.8, ,7.1, ,313, ,53.8, 
211,2/19/2014,0300,50,0, ,0, ,0, ,11.3, ,50.8, ,90, ,47.9, ,8, ,319, ,53.6, 
211,2/19/2014,0400,50,0, ,0, ,0, ,11.7, ,50.8, ,92, ,48.6, ,4.1, ,293, ,53.5, 
211,2/19/2014,0500,50,0, ,0, ,0, ,11.2, ,49.5, ,93, ,47.6, ,3.1, ,152, ,53.5, 
211,2/19/2014,0600,50,0, ,0, ,0, ,11, ,49.8, ,90, ,47, ,4.6, ,138, ,53.5, 
211,2/19/2014,0700,50,0, ,0, ,1, ,11.2, ,50.4, ,89, ,47.4, ,2.3, ,185, ,53.5, 
211,2/19/2014,0800,50,0, ,0, ,26, ,11.1, ,50.1, ,90, ,47.2, ,2.7, ,158, ,53.5, 
211,2/19/2014,0900,50,0, ,0, ,208, ,11.3, ,51.4, ,87, ,47.8, ,4.6, ,152, ,53.5, 
211,2/19/2014,1000,50,0.01, ,0, ,803, ,12.3, ,55.5, ,82, ,49.9, ,3.9, ,165, ,53.5, 
211,2/19/2014,1100,50,0.01, ,0, ,857, ,12.1, ,59.6, ,69, ,49.5, ,7.3, ,317, ,53.7, 
211,2/19/2014,1200,50,0.02, ,0, ,1334, ,11.1, ,62.2, ,58, ,47.2, ,11, ,321, ,53.9, 
211,2/19/2014,1300,50,0.02, ,0, ,1384, ,11.3, ,63.5, ,56, ,47.7, ,12.5, ,321, ,54.1, 
211,2/19/2014,1400,50,0.02, ,0, ,1301, ,11.5, ,64.5, ,55, ,48.2, ,12.4, ,314, ,54.3, 
211,2/19/2014,1500,50,0.02, ,0, ,1092, ,11.5, ,65.1, ,54, ,48.3, ,11.6, ,306, ,54.6, 
211,2/19/2014,1600,50,0.01, ,0, ,773, ,10.8, ,65.4, ,50, ,46.6, ,10.4, ,306, ,54.8, 
211,2/19/2014,1700,50,0.01, ,0, ,463, ,10.1, ,64.6, ,49, ,44.8, ,11.4, ,318, ,55, 
211,2/19/2014,1800,50,0, ,0, ,103, ,9.4, ,61, ,52, ,43, ,11.5, ,307, ,55, 
211,2/19/2014,1900,50,0, ,0, ,0, ,9.3, ,57.8, ,57, ,42.5, ,10.5, ,300, ,55, 
211,2/19/2014,2000,50,0, ,0, ,0, ,9, ,55.1, ,61, ,41.9, ,7.9, ,316, ,54.8, 
211,2/19/2014,2100,50,0, ,0, ,0, ,9, ,52.8, ,66, ,41.9, ,8.7, ,317, ,54.7, 
211,2/19/2014,2200,50,0, ,0, ,0, ,9.4, ,51.5, ,72, ,42.8, ,7.2, ,321, ,54.6, 
211,2/19/2014,2300,50,0, ,0, ,0, ,9.7, ,50.6, ,77, ,43.8, ,7.4, ,325, ,54.4, 
211,2/19/2014,2400,50,0, ,0, ,0, ,9.6, ,49.5, ,80, ,43.5, ,5.5, ,330, ,54.3, 
211,2/20/2014,0100,51,0, ,0, ,0, ,9.4, ,48.5, ,81, ,42.9, ,4.8, ,338, ,54.2, 
211,2/20/2014,0200,51,0, ,0, ,0, ,8.8, ,45.8, ,84, ,41.2, ,2.8, ,343, ,54, 
211,2/20/2014,0300,51,0, ,0, ,0, ,7.9, ,42, ,87, ,38.3, ,1.6, ,331, ,53.9, 
211,2/20/2014,0400,51,0, ,0, ,0, ,7.3, ,39.4, ,89, ,36.4, ,2.1, ,338, ,53.7, 
211,2/20/2014,0500,51,0, ,0, ,0, ,7.2, ,38.5, ,91, ,36.2, ,1.4, ,304, ,53.5, 
211,2/20/2014,0600,51,0, ,0, ,0, ,6.9, ,36.9, ,93, ,35, ,1.5, ,359, ,53.3, 
211,2/20/2014,0700,51,0, ,0, ,3, ,7.2, ,37.3, ,95, ,36.1, ,2.3, ,256, ,53.1, 
211,2/20/2014,0800,51,0, ,0, ,189, ,7.2, ,37.4, ,96, ,36.2, ,2, ,5, ,52.9, 
211,2/20/2014,0900,51,0, ,0, ,563, ,9, ,45.7, ,86, ,41.7, ,2, ,305, ,52.7, 
211,2/20/2014,1000,51,0.01, ,0, ,851, ,9.9, ,52.9, ,72, ,44.3, ,3.2, ,324, ,52.6, 
211,2/20/2014,1100,51,0.01, ,0, ,1134, ,8.8, ,58.2, ,53, ,41.1, ,6.3, ,315, ,52.7, 
211,2/20/2014,1200,51,0.01, ,0, ,985, ,8, ,61.7, ,43, ,38.9, ,7.6, ,321, ,53, 
211,2/20/2014,1300,51,0.02, ,0, ,1110, ,7.4, ,64.7, ,35, ,36.8, ,8.5, ,329, ,53.3, 
211,2/20/2014,1400,51,0.02, ,0, ,1056, ,7.2, ,67.1, ,32, ,35.9, ,6.7, ,334, ,53.6, 
211,2/20/2014,1500,51,0.01, ,0, ,639, ,7.3, ,67.3, ,32, ,36.4, ,5.8, ,326, ,54, 
211,2/20/2014,1600,51,0.01, ,0, ,438, ,7.2, ,66.8, ,32, ,36, ,8.7, ,322, ,54.3, 
211,2/20/2014,1700,51,0.01, ,0, ,253, ,7.2, ,66, ,33, ,36.1, ,7.1, ,327, ,54.5, 
211,2/20/2014,1800,51,0, ,0, ,52, ,7.1, ,63.5, ,36, ,35.8, ,6, ,328, ,54.6, 
211,2/20/2014,1900,51,0, ,0, ,0, ,7.4, ,61, ,41, ,36.9, ,5.7, ,325, ,54.5, 
211,2/20/2014,2000,51,0, ,0, ,0, ,7.9, ,58.8, ,46, ,38.4, ,6.6, ,326, ,54.5, 
211,2/20/2014,2100,51,0, ,0, ,0, ,7.7, ,54.1, ,54, ,37.7, ,2.5, ,337, ,54.4, 
211,2/20/2014,2200,51,0, ,0, ,0, ,7.2, ,50.1, ,58, ,36.1, ,2.1, ,325, ,54.2, 
211,2/20/2014,2300,51,0, ,0, ,0, ,7.4, ,48.8, ,63, ,36.6, ,3.3, ,312, ,54, 
211,2/20/2014,2400,51,0, ,0, ,0, ,7.1, ,45.7, ,68, ,35.8, ,3.1, ,337, ,53.8, 
211,2/21/2014,0100,52,0, ,0, ,0, ,7, ,43.8, ,72, ,35.2, ,2.1, ,332, ,53.6, 
211,2/21/2014,0200,52,0, ,0, ,0, ,6.7, ,41.4, ,75, ,34.2, ,1.6, ,161, ,53.4, 
211,2/21/2014,0300,52,0, ,0, ,0, ,6.4, ,39, ,79, ,33.1, ,2, ,325, ,53.2, 
211,2/21/2014,0400,52,0, ,0, ,0, ,6.3, ,37.9, ,81, ,32.8, ,2.6, ,324, ,53, 
211,2/21/2014,0500,52,0, ,0, ,0, ,6.5, ,38, ,84, ,33.7, ,2.6, ,304, ,52.8, 
211,2/21/2014,0600,52,0, ,0, ,0, ,6.3, ,36.8, ,85, ,32.8, ,2, ,188, ,52.6, 
211,2/21/2014,0700,52,0, ,0, ,4, ,6, ,35.1, ,87, ,31.6, ,1.8, ,324, ,52.5, 
211,2/21/2014,0800,52,0, ,0, ,213, ,6.5, ,37.6, ,84, ,33.4, ,1.5, ,342, ,52.3, 
211,2/21/2014,0900,52,0, ,0, ,565, ,7.9, ,46.1, ,75, ,38.5, ,2.4, ,329, ,52.1, 
211,2/21/2014,1000,52,0.01, ,0, ,912, ,8.9, ,54.5, ,61, ,41.5, ,2.2, ,108, ,52.1, 
211,2/21/2014,1100,52,0.01, ,0, ,1184, ,9.7, ,60.8, ,53, ,43.6, ,2.4, ,303, ,52.2, 
211,2/21/2014,1200,52,0.02, ,0, ,1352, ,9.9, ,66.3, ,45, ,44.3, ,4.6, ,319, ,52.5, 
211,2/21/2014,1300,52,0.02, ,0, ,1398, ,9.6, ,69.9, ,39, ,43.5, ,4.9, ,320, ,52.9, 
211,2/21/2014,1400,52,0.02, ,0, ,1319, ,8.2, ,73, ,30, ,39.4, ,10.6, ,336, ,53.5, 
211,2/21/2014,1500,52,0.02, ,0, ,1123, ,8.1, ,73.5, ,29, ,39, ,12.4, ,331, ,54, 
211,2/21/2014,1600,52,0.02, ,0, ,832, ,7.7, ,73.5, ,27, ,37.8, ,12.6, ,326, ,54.3, 
211,2/21/2014,1700,52,0.01,Y,0, ,477, ,6.9, ,72.1,Y,26,Y,35.1,Y,10.5, ,312, ,54.5, 
211,2/21/2014,1800,52,0.01,Y,0, ,114, ,6.4, ,68.5,Y,27,Y,33.2,Y,8.3, ,316, ,54.5, 
211,2/21/2014,1900,52,0, ,0, ,1, ,6.5, ,62.6, ,34, ,33.6, ,4.1, ,330, ,54.5, 
211,2/21/2014,2000,52,0, ,0, ,0, ,7, ,57.1, ,44, ,35.3, ,5.1, ,332, ,54.3, 
211,2/21/2014,2100,52,0, ,0, ,0, ,7.6, ,54, ,54, ,37.6, ,5.7, ,335, ,54.2, 
211,2/21/2014,2200,52,0, ,0, ,0, ,7.5, ,53.7, ,53, ,37.3, ,6, ,310, ,54, 
211,2/21/2014,2300,52,0, ,0, ,0, ,8.1, ,52.6, ,60, ,39.1, ,6.8, ,312, ,53.8, 
211,2/21/2014,2400,52,0, ,0, ,0, ,9.1, ,50.6, ,73, ,42.2, ,6.3, ,322, ,53.7, 
211,2/22/2014,0100,53,0, ,0, ,0, ,9.1, ,48.8, ,78, ,42.2, ,4.4, ,307, ,53.5, 
211,2/22/2014,0200,53,0, ,0, ,0, ,8, ,44.7, ,79, ,38.7, ,2.4, ,348, ,53.4, 
211,2/22/2014,0300,53,0, ,0, ,0, ,7.3, ,42.1, ,80, ,36.5, ,1.9, ,316, ,53.3, 
211,2/22/2014,0400,53,0, ,0, ,0, ,7.2, ,40.9, ,83, ,36.2, ,2.1, ,319, ,53.1, 
211,2/22/2014,0500,53,0, ,0, ,0, ,6.8, ,38.5, ,86, ,34.7, ,1.4, ,325, ,53, 
211,2/22/2014,0600,53,0, ,0, ,0, ,6.8, ,37.7, ,89, ,34.6, ,1.5, ,316, ,52.8, 
211,2/22/2014,0700,53,0, ,0, ,4, ,6.5, ,36.5, ,89, ,33.4, ,1.8, ,342, ,52.6, 
211,2/22/2014,0800,53,0, ,0, ,225, ,7.2, ,39.5, ,88, ,36.2, ,2.4, ,331, ,52.4, 
211,2/22/2014,0900,53,0, ,0, ,579, ,8.7, ,48, ,76, ,40.8, ,2.7, ,328, ,52.3, 
211,2/22/2014,1000,53,0.01, ,0, ,923, ,9.8, ,56.8, ,62, ,43.9, ,2.4, ,316, ,52.2, 
211,2/22/2014,1100,53,0.01, ,0, ,1196, ,10.1, ,62, ,53, ,44.7, ,4.1, ,312, ,52.3, 
211,2/22/2014,1200,53,0.02, ,0, ,1363, ,10.1, ,67.1, ,44, ,44.7, ,5.2, ,306, ,52.7, 
211,2/22/2014,1300,53,0.02, ,0, ,1428, ,8.8, ,70.2, ,35, ,41.1, ,8, ,307, ,53.1, 
211,2/22/2014,1400,53,0.02, ,0, ,1347, ,8.2, ,73.1, ,29, ,39.3, ,10.3, ,329, ,53.6, 
211,2/22/2014,1500,53,0.02, ,0, ,1187, ,7.8, ,74.2, ,27, ,38, ,10.3, ,329, ,54, 
211,2/22/2014,1600,53,0.01, ,0, ,712, ,7.7, ,72.8, ,28, ,37.7, ,9.4, ,314, ,54.3, 
211,2/22/2014,1700,53,0.01, ,0, ,440, ,8.1, ,71.2, ,31, ,39.1, ,5, ,277, ,54.5, 
211,2/22/2014,1800,53,0,Y,0, ,98, ,8.2, ,67.6,Y,35,Y,39.3,Y,5.2, ,309, ,54.6, 
211,2/22/2014,1900,53,0, ,0, ,1, ,10.1, ,58.3, ,61, ,44.8, ,6.6, ,134, ,54.5, 
211,2/22/2014,2000,53,0, ,0, ,0, ,10.2, ,53.4, ,73, ,45.1, ,4.6, ,135, ,54.4, 
211,2/22/2014,2100,53,0, ,0, ,0, ,9.8, ,50.5, ,78, ,44, ,2.3, ,71, ,54.3, 
211,2/22/2014,2200,53,0, ,0, ,0, ,9.4, ,48.3, ,82, ,43, ,2.3, ,308, ,54.1, 
211,2/22/2014,2300,53,0, ,0, ,0, ,8.8, ,46.3, ,82, ,41.1, ,1.8, ,271, ,53.9, 
211,2/22/2014,2400,53,0, ,0, ,0, ,9.6, ,47.3, ,86, ,43.4, ,3.2, ,275, ,53.7, 
211,2/23/2014,0100,54,0, ,0, ,0, ,9.2, ,45.9, ,88, ,42.5, ,2.9, ,321, ,53.5, 
211,2/23/2014,0200,54,0, ,0, ,0, ,8, ,42.1, ,88, ,38.8, ,2.2, ,173, ,53.3, 
211,2/23/2014,0300,54,0, ,0, ,0, ,8.3, ,42.8, ,89, ,39.7, ,1.6, ,339, ,53.1, 
211,2/23/2014,0400,54,0, ,0, ,0, ,9.8, ,45.8, ,93, ,43.9, ,3.6, ,320, ,53, 
211,2/23/2014,0500,54,0, ,0, ,0, ,10.4, ,46.2, ,97, ,45.5, ,4, ,310, ,52.9, 
211,2/23/2014,0600,54,0, ,0, ,0, ,10.3, ,45.7, ,99, ,45.3, ,3.2, ,300, ,52.9, 
211,2/23/2014,0700,54,0, ,0, ,2, ,10.2, ,45.1, ,100, ,45.1, ,3, ,335, ,52.9, 
211,2/23/2014,0800,54,0, ,0, ,54, ,10.1, ,44.8, ,100, ,44.8, ,2.8, ,326, ,52.9, 
211,2/23/2014,0900,54,0, ,0, ,210, ,10.4, ,45.5, ,100, ,45.5, ,3.2, ,325, ,52.9, 
211,2/23/2014,1000,54,0.01, ,0, ,760, ,10.8, ,48.5, ,93, ,46.5, ,2.5, ,222, ,52.9, 
211,2/23/2014,1100,54,0.01, ,0, ,1212, ,11.2, ,55.1, ,75, ,47.4, ,2.4, ,231, ,53.1, 
211,2/23/2014,1200,54,0.02, ,0, ,1386, ,11.5, ,62.2, ,60, ,48.2, ,3.4, ,292, ,53.3, 
211,2/23/2014,1300,54,0.02, ,0, ,1437, ,10.8, ,68.5, ,46, ,46.7, ,3.3, ,279, ,53.7, 
211,2/23/2014,1400,54,0.02, ,0, ,1360, ,9.5, ,73.5, ,34, ,43.2, ,3.6, ,229, ,54.2, 
211,2/23/2014,1500,54,0.02,Y,0, ,1161, ,7.8, ,75.4,Y,26,Y,38.1,Y,3.9, ,221, ,54.8, 
211,2/23/2014,1600,54,0.01,Y,0, ,853, ,8.3, ,75.9,Y,27,Y,39.6,Y,6.2, ,301, ,55.3, 
211,2/23/2014,1700,54,0.01,Y,0, ,487, ,8.6, ,73.8,Y,30,Y,40.5,Y,11.1, ,319, ,55.6, 
211,2/23/2014,1800,54,0.01,Y,0, ,118, ,8.2, ,69.4,Y,33,Y,39.3,Y,10.4, ,319, ,55.6, 
211,2/23/2014,1900,54,0,Y,0, ,1, ,8.9, ,64.4,Y,43,Y,41.4,Y,7.6, ,309, ,55.5, 
211,2/23/2014,2000,54,0, ,0, ,0, ,9, ,59.1, ,53, ,41.9, ,4.2, ,312, ,55.4, 
211,2/23/2014,2100,54,0, ,0, ,0, ,9.3, ,52.4, ,69, ,42.6, ,2.7, ,136, ,55.2, 
211,2/23/2014,2200,54,0, ,0, ,0, ,9.3, ,50.3, ,75, ,42.6, ,1.6, ,321, ,55, 
211,2/23/2014,2300,54,0, ,0, ,0, ,8.4, ,47.4, ,75, ,39.9, ,2.5, ,323, ,54.8, 
211,2/23/2014,2400,54,0, ,0, ,0, ,8.4, ,46.3, ,79, ,40.1, ,2.5, ,308, ,54.5, 
211,2/24/2014,0100,55,0, ,0, ,0, ,7.8, ,43.8, ,80, ,38.2, ,2.1, ,144, ,54.2, 
211,2/24/2014,0200,55,0, ,0, ,0, ,7.5, ,42.1, ,83, ,37.3, ,2.3, ,145, ,54, 
211,2/24/2014,0300,55,0, ,0, ,0, ,7.2, ,40.5, ,84, ,36, ,2.4, ,324, ,53.7, 
211,2/24/2014,0400,55,0, ,0, ,0, ,7.1, ,39.7, ,86, ,35.9, ,2, ,326, ,53.5, 
211,2/24/2014,0500,55,0, ,0, ,0, ,6.9, ,38.7, ,87, ,35.1, ,2.2, ,328, ,53.3, 
211,2/24/2014,0600,55,0, ,0, ,0, ,6.4, ,37, ,85, ,33, ,1.8, ,140, ,53.1, 
211,2/24/2014,0700,55,0, ,0, ,6, ,6.4, ,36.1, ,90, ,33.3, ,1.5, ,351, ,52.9, 
211,2/24/2014,0800,55,0, ,0, ,247, ,7.4, ,40.1, ,88, ,36.9, ,1.9, ,328, ,52.8, 
211,2/24/2014,0900,55,0, ,0, ,612, ,8.9, ,48.5, ,77, ,41.6, ,1.7, ,328, ,52.6, 
211,2/24/2014,1000,55,0.01, ,0, ,956, ,9.9, ,56.5, ,63, ,44.2, ,1.7, ,252, ,52.5, 
211,2/24/2014,1100,55,0.01, ,0, ,1218, ,10.3, ,63.1, ,52, ,45.3, ,2.3, ,314, ,52.7, 
211,2/24/2014,1200,55,0.02, ,0, ,1375, ,10.8, ,68.6, ,45, ,46.6, ,3, ,238, ,53.1, 
211,2/24/2014,1300,55,0.02,Y,0, ,1441, ,9.7, ,73.5,Y,34,Y,43.7,Y,3.9, ,189, ,53.5, 
211,2/24/2014,1400,55,0.02,Y,0, ,1372, ,7.9, ,77.1,Y,25,Y,38.3,Y,4.1, ,165, ,54.1, 
211,2/24/2014,1500,55,0.02,Y,0, ,1161, ,8.2, ,78,Y,25,Y,39.4,Y,5.5, ,187, ,54.7, 
211,2/24/2014,1600,55,0.01,Y,0, ,855, ,10.1, ,75.6,Y,34,Y,44.9,Y,8.1, ,154, ,55.2, 
211,2/24/2014,1700,55,0.01, ,0, ,490, ,11.4, ,66.2, ,52, ,48.1, ,10.1, ,125, ,55.4, 
211,2/24/2014,1800,55,0, ,0, ,127, ,10.8, ,59.8, ,61, ,46.5, ,8.8, ,123, ,55.5, 
211,2/24/2014,1900,55,0, ,0, ,1, ,10.6, ,53.9, ,75, ,46.1, ,8.5, ,127, ,55.4, 
211,2/24/2014,2000,55,0, ,0, ,0, ,10.4, ,50.6, ,83, ,45.6, ,6, ,141, ,55.2, 
211,2/24/2014,2100,55,0, ,0, ,0, ,10.1, ,48.8, ,86, ,44.8, ,3.8, ,135, ,55, 
211,2/24/2014,2200,55,0, ,0, ,0, ,9.2, ,46.4, ,86, ,42.5, ,2.2, ,64, ,54.8, 
211,2/24/2014,2300,55,0, ,0, ,0, ,9, ,44.6, ,90, ,41.8, ,1.9, ,84, ,54.6, 
211,2/24/2014,2400,55,0, ,0, ,0, ,8.8, ,44, ,90, ,41.2, ,3.9, ,129, ,54.4, 
211,2/25/2014,0100,56,0, ,0, ,0, ,9.4, ,44.9, ,92, ,42.9, ,3.7, ,115, ,54.1, 
211,2/25/2014,0200,56,0, ,0, ,0, ,9.2, ,44.1, ,93, ,42.3, ,5.7, ,134, ,53.9, 
211,2/25/2014,0300,56,0, ,0, ,0, ,9.8, ,44.6, ,98, ,44.1, ,6, ,137, ,53.8, 
211,2/25/2014,0400,56,0, ,0, ,0, ,10.6, ,46.1, ,100, ,46.1, ,5.3, ,125, ,53.7, 
211,2/25/2014,0500,56,0, ,0, ,0, ,10.7, ,46.4, ,100, ,46.4, ,4.5, ,131, ,53.6, 
211,2/25/2014,0600,56,0, ,0, ,0, ,10.7, ,46.2, ,100, ,46.2, ,3.6, ,139, ,53.6, 
211,2/25/2014,0700,56,0, ,0, ,2, ,10.7, ,46.4, ,100, ,46.4, ,4.7, ,132, ,53.6, 
211,2/25/2014,0800,56,0, ,0, ,62, ,10.6, ,46.8, ,98, ,46.2, ,4.2, ,113, ,53.6, 
211,2/25/2014,0900,56,0, ,0, ,196, ,10.2, ,47.6, ,91, ,45.1, ,3.8, ,125, ,53.5, 
211,2/25/2014,1000,56,0, ,0, ,387, ,10.3, ,48.5, ,89, ,45.4, ,3.6, ,138, ,53.6, 
211,2/25/2014,1100,56,0.01, ,0, ,1135, ,10.8, ,51.8, ,82, ,46.6, ,3.6, ,116, ,53.7, 
211,2/25/2014,1200,56,0.01, ,0, ,1366, ,12.1, ,56.8, ,76, ,49.5, ,3.8, ,149, ,53.9, 
211,2/25/2014,1300,56,0.02, ,0, ,1357, ,12.3, ,61.9, ,65, ,50.1, ,4.1, ,106, ,54.5, 
211,2/25/2014,1400,56,0.01, ,0, ,1003, ,12.2, ,64.5, ,59, ,49.8, ,4.3, ,347, ,55.9, 
211,2/25/2014,1500,56,0.01, ,0, ,1031, ,10.6, ,65.8, ,49, ,46.1, ,8.2, ,280, ,57.5, 
211,2/25/2014,1600,56,0.01, ,0, ,896, ,10.4, ,67, ,46, ,45.5, ,5.1, ,278, ,58.2, 
211,2/25/2014,1700,56,0.01, ,0, ,464, ,10.4, ,62.5, ,54, ,45.6, ,8, ,269, ,58.3, 
211,2/25/2014,1800,56,0, ,0, ,115, ,10.3, ,57.5, ,64, ,45.4, ,4.7, ,266, ,58.2, 
211,2/25/2014,1900,56,0, ,0, ,0, ,10.1, ,54.4, ,70, ,44.7, ,3.9, ,75, ,58, 
211,2/25/2014,2000,56,0, ,0, ,0, ,10.5, ,53.1, ,76, ,45.8, ,6.2, ,112, ,57.7, 
211,2/25/2014,2100,56,0, ,0, ,0, ,10.6, ,52.4, ,79, ,46, ,6.2, ,122, ,57.4, 
211,2/25/2014,2200,56,0, ,0, ,0, ,10.4, ,51.4, ,81, ,45.7, ,6, ,133, ,57.1, 
211,2/25/2014,2300,56,0, ,0, ,0, ,10.2, ,50.4, ,82, ,45.1, ,5, ,147, ,56.9, 
211,2/25/2014,2400,56,0, ,0, ,0, ,10.2, ,49.6, ,84, ,45.1, ,3.2, ,178, ,56.6, 
211,2/26/2014,0100,57,0, ,0, ,0, ,10.1, ,49.5, ,84, ,44.7, ,2.3, ,18, ,56.4, 
211,2/26/2014,0200,57,0, ,0, ,0, ,10.2, ,50, ,83, ,45, ,3.6, ,50, ,56.2, 
211,2/26/2014,0300,57,0, ,0, ,0, ,10.4, ,50.5, ,83, ,45.6, ,2.5, ,333, ,56, 
211,2/26/2014,0400,57,0, ,0, ,0, ,10.4, ,50.7, ,83, ,45.6, ,2.8, ,162, ,55.9, 
211,2/26/2014,0500,57,0, ,0, ,0, ,10.4, ,50.5, ,83, ,45.6, ,2.9, ,100, ,55.8, 
211,2/26/2014,0600,57,0, ,0, ,0, ,10.5, ,50.6, ,83, ,45.8, ,3.9, ,165, ,55.7, 
211,2/26/2014,0700,57,0, ,0, ,1, ,10.5, ,50.3, ,84, ,45.8, ,4, ,198, ,55.5, 
211,2/26/2014,0800,57,0, ,0, ,69, ,10.7, ,50.9, ,84, ,46.4, ,2.4, ,322, ,55.5, 
211,2/26/2014,0900,57,0, ,0.04, ,46, ,11.2, ,52.6, ,83, ,47.5, ,3.3, ,6, ,55.4, 
211,2/26/2014,1000,57,0, ,0.02, ,155, ,12.1, ,52.5, ,89, ,49.5, ,3.6, ,301, ,55.3, 
211,2/26/2014,1100,57,0.01, ,0.01, ,653, ,13, ,55, ,88, ,51.5, ,3.6, ,136, ,55.3, 
211,2/26/2014,1200,57,0.01, ,0, ,590, ,13.7, ,58.7, ,81, ,52.9, ,10.2, ,135, ,55.4, 
211,2/26/2014,1300,57,0, ,0, ,340, ,13.7, ,60.3, ,77, ,53, ,10.1, ,131, ,55.5, 
211,2/26/2014,1400,57,0, ,0, ,334, ,13.5, ,61.2, ,73, ,52.5, ,10.6, ,123, ,55.7, 
211,2/26/2014,1500,57,0, ,0, ,193, ,13.1, ,60.9, ,72, ,51.8, ,13.3, ,127, ,55.8, 
211,2/26/2014,1600,57,0, ,0.11, ,57, ,13.5, ,58.2, ,81, ,52.5, ,15.4, ,136, ,55.8, 
211,2/26/2014,1700,57,0, ,0.17, ,22, ,14, ,56.2, ,91, ,53.5, ,7.9, ,125, ,55.9, 
211,2/26/2014,1800,57,0, ,0.14, ,23, ,14, ,56.3, ,91, ,53.6, ,8.6, ,118, ,55.9, 
211,2/26/2014,1900,57,0, ,0, ,0, ,13.8, ,58, ,84, ,53.1, ,10.9, ,124, ,55.9, 
211,2/26/2014,2000,57,0, ,0.04, ,0, ,13.9, ,57.2, ,87, ,53.3, ,12.4, ,131, ,55.9, 
211,2/26/2014,2100,57,0, ,0.07, ,0, ,14.1, ,56, ,92, ,53.7, ,8.9, ,142, ,55.9, 
211,2/26/2014,2200,57,0, ,0.07, ,0, ,14.4, ,55.6, ,96, ,54.4, ,6.6, ,148, ,55.8, 
211,2/26/2014,2300,57,0, ,0, ,0, ,13.9, ,55.9, ,92, ,53.4, ,6.5, ,176, ,55.8, 
211,2/26/2014,2400,57,0, ,0, ,0, ,13.3, ,56.2, ,86, ,52.2, ,8.5, ,197, ,55.8, 
211,2/27/2014,0100,58,0, ,0, ,0, ,12.7, ,56.6, ,81, ,50.9, ,7.9, ,209, ,55.8, 
211,2/27/2014,0200,58,0, ,0.01, ,0, ,12.9, ,56.3, ,83, ,51.3, ,8.4, ,211, ,55.8, 
211,2/27/2014,0300,58,0, ,0, ,0, ,12.6, ,55.8, ,83, ,50.6, ,6.3, ,240, ,55.7, 
211,2/27/2014,0400,58,0, ,0, ,0, ,12.1, ,56, ,79, ,49.6, ,5.5, ,233, ,55.7, 
211,2/27/2014,0500,58,0, ,0, ,0, ,11.8, ,55.7, ,78, ,49, ,4.5, ,225, ,55.7, 
211,2/27/2014,0600,58,0, ,0, ,0, ,11.8, ,55.2, ,80, ,49, ,5.7, ,211, ,55.6, 
211,2/27/2014,0700,58,0, ,0, ,6, ,12.2, ,53.8, ,87, ,49.8, ,6.4, ,188, ,55.6, 
211,2/27/2014,0800,58,0, ,0, ,296, ,12.4, ,54.3, ,86, ,50.3, ,7.6, ,176, ,55.5, 
211,2/27/2014,0900,58,0, ,0, ,339, ,12.6, ,55.5, ,84, ,50.6, ,7, ,183, ,55.5, 
211,2/27/2014,1000,58,0, ,0, ,341, ,12.6, ,56.8, ,80, ,50.7, ,7.2, ,174, ,55.5, 
211,2/27/2014,1100,58,0.01, ,0, ,648, ,12.5, ,58.6, ,74, ,50.4, ,7.1, ,166, ,55.5, 
211,2/27/2014,1200,58,0.01, ,0, ,958, ,12.6, ,59.9, ,71, ,50.6, ,7.7, ,129, ,55.7, 
211,2/27/2014,1300,58,0.02, ,0, ,1466, ,12.1, ,63.4, ,61, ,49.7, ,6.3, ,139, ,55.8, 
211,2/27/2014,1400,58,0.02, ,0, ,1366, ,11.9, ,65.4, ,56, ,49.1, ,5.9, ,126, ,56.1, 
211,2/27/2014,1500,58,0.01, ,0, ,952, ,11.6, ,66.2, ,53, ,48.4, ,5.8, ,176, ,56.5, 
211,2/27/2014,1600,58,0.01, ,0, ,466, ,11.9, ,65, ,57, ,49.2, ,5.1, ,168, ,56.9, 
211,2/27/2014,1700,58,0, ,0, ,238, ,12.1, ,64.4, ,59, ,49.6, ,3.7, ,114, ,57.1, 
211,2/27/2014,1800,58,0, ,0, ,58, ,11.3, ,62.8, ,58, ,47.7, ,8.4, ,99, ,57.2, 
211,2/27/2014,1900,58,0, ,0, ,0, ,10.9, ,60.9, ,60, ,46.8, ,7, ,99, ,57.2, 
211,2/27/2014,2000,58,0, ,0, ,0, ,10.9, ,57.7, ,67, ,46.8, ,5.2, ,144, ,57.1, 
211,2/27/2014,2100,58,0, ,0, ,0, ,11, ,55.3, ,74, ,47.1, ,3, ,151, ,57, 
211,2/27/2014,2200,58,0, ,0, ,0, ,11.4, ,55.6, ,76, ,48, ,2.8, ,156, ,56.8, 
211,2/27/2014,2300,58,0, ,0, ,0, ,10.9, ,58.7, ,64, ,46.7, ,9.5, ,134, ,56.7, 
211,2/27/2014,2400,58,0,Y,0, ,0, ,10.1, ,60.5,Y,56,Y,44.8,Y,11.8, ,130, ,56.5, 
211,2/28/2014,0100,59,0,Y,0.02, ,0, ,9.5, ,61,Y,52,Y,43.3,Y,13.5, ,132, ,56.4, 
211,2/28/2014,0200,59,0, ,0.08, ,0, ,11.7, ,56.7, ,74, ,48.7, ,9.3, ,129, ,56.3, 
211,2/28/2014,0300,59,0, ,0.09, ,0, ,12.5, ,56.2, ,81, ,50.5, ,8.9, ,100, ,56.2, 
211,2/28/2014,0400,59,0, ,0.49, ,0, ,13.2, ,55.4, ,88, ,51.9, ,7.5, ,141, ,56.1, 
211,2/28/2014,0500,59,0, ,0.28, ,0, ,13.5, ,53.4, ,97, ,52.6, ,4.7, ,315, ,55.9, 
211,2/28/2014,0600,59,0, ,0.17, ,0, ,14, ,53.8, ,100, ,53.6, ,6.6, ,218, ,55.7, 
211,2/28/2014,0700,59,0, ,0.09, ,2, ,13.9, ,55.1, ,94, ,53.3, ,4, ,179, ,55.6, 
211,2/28/2014,0800,59,0, ,0.34, ,25, ,13.1, ,54.3, ,91, ,51.8, ,7.4, ,195, ,55.6, 
211,2/28/2014,0900,59,0, ,0.03, ,321, ,12.9, ,54.6, ,88, ,51.3, ,4.5, ,125, ,55.5, 
211,2/28/2014,1000,59,0.01, ,0, ,485, ,12.6, ,58, ,77, ,50.8, ,5.5, ,225, ,55.5, 
211,2/28/2014,1100,59,0, ,0.04, ,150, ,11.9, ,56.4, ,77, ,49.2, ,5, ,306, ,55.5, 
211,2/28/2014,1200,59,0, ,0.06, ,305, ,12.7, ,54.9, ,86, ,50.9, ,4.3, ,68, ,55.7, 
211,2/28/2014,1300,59,0, ,0.01, ,317, ,13.1, ,56.1, ,85, ,51.7, ,3.7, ,205, ,55.8, 
211,2/28/2014,1400,59,0.01, ,0, ,549, ,13, ,57.7, ,80, ,51.6, ,7.2, ,179, ,55.9, 
211,2/28/2014,1500,59,0.01, ,0, ,685, ,12.5, ,57.2, ,78, ,50.4, ,6.2, ,213, ,56.1, 
211,2/28/2014,1600,59,0, ,0.01, ,302, ,12.4, ,56.8, ,78, ,50.2, ,8.4, ,187, ,56.2, 
211,2/28/2014,1700,59,0, ,0.03, ,293, ,12.3, ,54.8, ,84, ,50.1, ,5.4, ,187, ,56.4, 
211,2/28/2014,1800,59,0, ,0, ,97, ,12.4, ,55, ,84, ,50.3, ,3.7, ,49, ,56.4, 
211,2/28/2014,1900,59,0, ,0, ,0, ,12.2, ,54.8, ,83, ,49.8, ,2.6, ,349, ,56.5, 
211,2/28/2014,2000,59,0, ,0, ,0, ,12.3, ,53.7, ,88, ,50.1, ,2.3, ,116, ,56.5, 
211,2/28/2014,2100,59,0, ,0, ,0, ,11.6, ,52.6, ,86, ,48.5, ,4.7, ,115, ,56.4, 
211,2/28/2014,2200,59,0, ,0, ,0, ,11.2, ,53.1, ,81, ,47.5, ,6.6, ,125, ,56.4, 
211,2/28/2014,2300,59,0, ,0.01, ,0, ,11.1, ,53.8, ,79, ,47.3, ,6.9, ,124, ,56.3, 
211,2/28/2014,2400,59,0, ,0, ,0, ,11.2, ,53.9, ,79, ,47.5, ,7.3, ,126, ,56.2, 
211,3/1/2014,0100,60,0, ,0, ,0, ,11.1, ,54.3, ,77, ,47.3, ,10, ,125, ,56.1, 
211,3/1/2014,0200,60,0, ,0, ,0, ,10.9, ,54.9, ,74, ,46.9, ,11.6, ,125, ,56, 
211,3/1/2014,0300,60,0, ,0, ,0, ,10.7, ,55.2, ,72, ,46.2, ,12.6, ,127, ,55.9, 
211,3/1/2014,0400,60,0, ,0, ,0, ,10.7, ,55.5, ,71, ,46.2, ,11.4, ,123, ,55.9, 
211,3/1/2014,0500,60,0, ,0.07, ,0, ,11.1, ,54, ,78, ,47.3, ,10.3, ,117, ,55.8, 
211,3/1/2014,0600,60,0, ,0, ,0, ,10.9, ,54.1, ,76, ,46.8, ,10.4, ,103, ,55.7, 
211,3/1/2014,0700,60,0, ,0.02, ,1, ,10.7, ,54.4, ,74, ,46.4, ,11.3, ,102, ,55.6, 
211,3/1/2014,0800,60,0, ,0, ,77, ,10.9, ,54.7, ,75, ,46.9, ,9.6, ,105, ,55.6, 
211,3/1/2014,0900,60,0, ,0, ,256, ,11.4, ,56.1, ,74, ,48.1, ,10.5, ,109, ,55.5, 
211,3/1/2014,1000,60,0.01, ,0, ,495, ,12.3, ,58.4, ,74, ,50.1, ,13.1, ,125, ,55.5, 
211,3/1/2014,1100,60,0.02, ,0, ,1151, ,13.1, ,61.8, ,70, ,51.7, ,16.1, ,128, ,55.5, 
211,3/1/2014,1200,60,0.02, ,0, ,1396, ,13.4, ,63.6, ,67, ,52.3, ,16.1, ,128, ,55.6, 
211,3/1/2014,1300,60,0.02, ,0, ,1353, ,13.3, ,64.3, ,64, ,52.1, ,16.6, ,128, ,55.8, 
211,3/1/2014,1400,60,0.02, ,0, ,981, ,11.9, ,64.4, ,58, ,49.2, ,18.4, ,133, ,56, 
211,3/1/2014,1500,60,0.01, ,0, ,939, ,13, ,63.8, ,64, ,51.5, ,15.1, ,135, ,56.2, 
211,3/1/2014,1600,60,0.01, ,0, ,658, ,13.2, ,63.5, ,66, ,51.9, ,12.8, ,129, ,56.4, 
211,3/1/2014,1700,60,0.01, ,0, ,566, ,12.3, ,63.1, ,62, ,50.1, ,15.2, ,136, ,56.5, 
211,3/1/2014,1800,60,0, ,0, ,96, ,12.1, ,60, ,69, ,49.7, ,14.3, ,133, ,56.6, 
211,3/1/2014,1900,60,0, ,0, ,1, ,11.7, ,57.7, ,72, ,48.8, ,11.7, ,143, ,56.6, 
211,3/1/2014,2000,60,0, ,0, ,0, ,11.6, ,56.4, ,75, ,48.5, ,11.1, ,143, ,56.5, 
211,3/1/2014,2100,60,0, ,0, ,0, ,11.5, ,55, ,78, ,48.3, ,9.3, ,133, ,56.4, 
211,3/1/2014,2200,60,0, ,0, ,0, ,11.2, ,54.5, ,77, ,47.6, ,7.4, ,130, ,56.3, 
211,3/1/2014,2300,60,0, ,0, ,0, ,11.2, ,54.2, ,78, ,47.4, ,7, ,130, ,56.2, 
211,3/1/2014,2400,60,0, ,0, ,0, ,11.2, ,54.6, ,77, ,47.5, ,8.4, ,133, ,56.1, 
211,3/2/2014,0100,61,0, ,0, ,0, ,11.2, ,54.2, ,78, ,47.5, ,7.1, ,122, ,56, 
211,3/2/2014,0200,61,0, ,0, ,0, ,11.1, ,54.3, ,77, ,47.4, ,6.7, ,134, ,55.9, 
211,3/2/2014,0300,61,0, ,0, ,0, ,11.3, ,54.6, ,77, ,47.7, ,7, ,131, ,55.9, 
211,3/2/2014,0400,61,0, ,0, ,0, ,11.6, ,55, ,78, ,48.4, ,6.4, ,158, ,55.8, 
211,3/2/2014,0500,61,0, ,0, ,0, ,12, ,54.6, ,82, ,49.3, ,4.9, ,169, ,55.7, 
211,3/2/2014,0600,61,0, ,0, ,0, ,12.2, ,54.6, ,84, ,49.9, ,3.9, ,160, ,55.7, 
211,3/2/2014,0700,61,0, ,0, ,4, ,12.4, ,54.1, ,87, ,50.2, ,2.6, ,132, ,55.7, 
211,3/2/2014,0800,61,0, ,0, ,40, ,12.6, ,53.9, ,89, ,50.8, ,2.1, ,135, ,55.7, 
211,3/2/2014,0900,61,0, ,0, ,134, ,13.1, ,55, ,88, ,51.7, ,1.9, ,189, ,55.7, 
211,3/2/2014,1000,61,0, ,0, ,158, ,13.1, ,55.7, ,87, ,51.8, ,3.5, ,197, ,55.7, 
211,3/2/2014,1100,61,0, ,0.01, ,205, ,13.2, ,56.4, ,85, ,51.9, ,5.9, ,201, ,55.8, 
211,3/2/2014,1200,61,0, ,0.02, ,277, ,13.7, ,55.3, ,92, ,53, ,5, ,209, ,55.8, 
211,3/2/2014,1300,61,0, ,0.01, ,428, ,13.7, ,56.2, ,89, ,53, ,5.1, ,222, ,55.9, 
211,3/2/2014,1400,61,0, ,0.01, ,279, ,13.8, ,55.7, ,91, ,53.1, ,2.7, ,244, ,56, 
211,3/2/2014,1500,61,0, ,0.02, ,325, ,13.7, ,55.6, ,90, ,52.9, ,3, ,274, ,56.2, 
211,3/2/2014,1600,61,0, ,0, ,438, ,13.6, ,57.5, ,84, ,52.8, ,2.5, ,204, ,56.3, 
211,3/2/2014,1700,61,0, ,0, ,412, ,13, ,58.7, ,77, ,51.5, ,4.8, ,250, ,56.5, 
211,3/2/2014,1800,61,0, ,0, ,129, ,12.8, ,57.3, ,79, ,51, ,4.3, ,195, ,56.7, 
211,3/2/2014,1900,61,0, ,0, ,2, ,12.6, ,54.8, ,86, ,50.7, ,2.1, ,136, ,56.8, 
211,3/2/2014,2000,61,0, ,0, ,0, ,12.4, ,53.1, ,90, ,50.2, ,3.8, ,162, ,56.8, 
211,3/2/2014,2100,61,0, ,0, ,0, ,12.8, ,52.9, ,93, ,51, ,3, ,111, ,56.7, 
211,3/2/2014,2200,61,0, ,0, ,0, ,12.6, ,52.1, ,95, ,50.7, ,3.9, ,124, ,56.6, 
211,3/2/2014,2300,61,0, ,0, ,0, ,12.4, ,50.9, ,98, ,50.3, ,2.1, ,163, ,56.5, 
211,3/2/2014,2400,61,0, ,0, ,0, ,12.2, ,49.7, ,100, ,49.7, ,2.2, ,173, ,56.4, 
211,3/3/2014,0100,62,0, ,0, ,0, ,12, ,49.3, ,100, ,49.3, ,2.9, ,159, ,56.2, 
211,3/3/2014,0200,62,0, ,0, ,0, ,11.3, ,47.8, ,100, ,47.8, ,4.6, ,152, ,56.1, 
211,3/3/2014,0300,62,0, ,0, ,0, ,11.2, ,47.5, ,100, ,47.5, ,3.2, ,173, ,56, 
211,3/3/2014,0400,62,0, ,0, ,0, ,11.3, ,47.8, ,100, ,47.8, ,2.6, ,333, ,55.9, 
211,3/3/2014,0500,62,0, ,0, ,0, ,11.6, ,48.4, ,100, ,48.4, ,3.4, ,43, ,55.8, 
211,3/3/2014,0600,62,0, ,0, ,0, ,11.4, ,47.9, ,100, ,47.9, ,2.8, ,254, ,55.7, 
211,3/3/2014,0700,62,0, ,0, ,6, ,10.6, ,46.2, ,100, ,46.2, ,4.4, ,163, ,55.6, 
211,3/3/2014,0800,62,0, ,0, ,90, ,10.9, ,46.1, ,100, ,46.1, ,3, ,147, ,55.5, 
211,3/3/2014,0900,62,0,R,0, ,268, ,12.4,R,48.1, ,100,R,48.1,R,2.7, ,51, ,55.5, 
211,3/3/2014,1000,62,0, ,0, ,495, ,12.3, ,52.1, ,93, ,50.1, ,2.5, ,186, ,55.4, 
211,3/3/2014,1100,62,0, ,0, ,556, ,12.3, ,54.3, ,85, ,50, ,4.6, ,161, ,55.5, 
211,3/3/2014,1200,62,0.01, ,0, ,813, ,12.4, ,57.4, ,77, ,50.3, ,3.9, ,157, ,55.6, 
211,3/3/2014,1300,62,0.01, ,0, ,643, ,12.4, ,58.8, ,73, ,50.2, ,3.4, ,132, ,55.8, 
211,3/3/2014,1400,62,0.01, ,0, ,657, ,12.6, ,60.2, ,71, ,50.7, ,3.3, ,101, ,56.1, 
211,3/3/2014,1500,62,0, ,0, ,386, ,12.7, ,61.3, ,68, ,50.8, ,2.8, ,348, ,56.4, 
211,3/3/2014,1600,62,0, ,0, ,312, ,13, ,60.1, ,73, ,51.5, ,5.5, ,314, ,56.7, 
211,3/3/2014,1700,62,0, ,0, ,160, ,12.7, ,59.2, ,74, ,51, ,4.6, ,318, ,56.9, 
211,3/3/2014,1800,62,0, ,0, ,53, ,12.9, ,58.3, ,78, ,51.4, ,3.3, ,303, ,57, 
211,3/3/2014,1900,62,0, ,0, ,0, ,13.1, ,57.1, ,82, ,51.8, ,2.5, ,98, ,57.1, 
211,3/3/2014,2000,62,0, ,0, ,0, ,12.9, ,54.8, ,88, ,51.3, ,3.1, ,91, ,57, 
211,3/3/2014,2100,62,0, ,0.02, ,0, ,12.6, ,53.2, ,91, ,50.6, ,4.3, ,133, ,57, 
211,3/3/2014,2200,62,0, ,0.02, ,0, ,12.7, ,52.5, ,94, ,51, ,4, ,138, ,56.9, 
211,3/3/2014,2300,62,0, ,0.03, ,0, ,12.8, ,52.2, ,96, ,51, ,4.2, ,143, ,56.8, 
211,3/3/2014,2400,62,0, ,0.04, ,0, ,13, ,52.1, ,98, ,51.5, ,3.9, ,177, ,56.7, 
211,3/4/2014,0100,63,0, ,0.03, ,0, ,13.1, ,51.7, ,100, ,51.7, ,6.7, ,156, ,56.6, 
211,3/4/2014,0200,63,0, ,0, ,0, ,13.1, ,51.7, ,100, ,51.7, ,2.5, ,233, ,56.6, 
211,3/4/2014,0300,63,0, ,0, ,0, ,13.1, ,51.7, ,100, ,51.7, ,2.6, ,193, ,56.5, 
211,3/4/2014,0400,63,0, ,0, ,0, ,13.1, ,51.7, ,100, ,51.7, ,1.8, ,281, ,56.4, 
211,3/4/2014,0500,63,0, ,0.01, ,0, ,13.1, ,51.7, ,100, ,51.7, ,3.3, ,316, ,56.4, 
211,3/4/2014,0600,63,0,R,0, ,0, ,13.9,R,51.6, ,100,R,51.6,R,3.3, ,299, ,56.3, 
211,3/4/2014,0700,63,0,R,0, ,6, ,14.3,R,51.8, ,100,R,51.8,R,2.6, ,279, ,56.3, 
211,3/4/2014,0800,63,0,R,0, ,96, ,14.7,R,52.5, ,100,R,52.5,R,1.7, ,319, ,56.3, 
211,3/4/2014,0900,63,0,R,0, ,268, ,15.6,R,54.1, ,100,R,54.1,R,2, ,333, ,56.3, 
211,3/4/2014,1000,63,0.01, ,0, ,699, ,15.1, ,56.7, ,96, ,55.7, ,3.5, ,184, ,56.3, 
211,3/4/2014,1100,63,0.01, ,0, ,844, ,14.8, ,59, ,87, ,55.1, ,4.6, ,147, ,56.4, 
211,3/4/2014,1200,63,0.01, ,0, ,958, ,15, ,61.3, ,81, ,55.4, ,4.1, ,158, ,56.7, 
211,3/4/2014,1300,63,0.01, ,0, ,1078, ,15.1, ,64.2, ,74, ,55.6, ,2.6, ,133, ,57, 
211,3/4/2014,1400,63,0.01, ,0, ,1138, ,15, ,65.8, ,69, ,55.4, ,3.8, ,153, ,57.3, 
211,3/4/2014,1500,63,0.01, ,0, ,826, ,14.3, ,66.7, ,64, ,54.1, ,3.4, ,174, ,57.8, 
211,3/4/2014,1600,63,0.01, ,0, ,638, ,15.1, ,66.5, ,68, ,55.6, ,5.2, ,251, ,58.2, 
211,3/4/2014,1700,63,0.01, ,0, ,522, ,14.8, ,66.4, ,67, ,55.1, ,5.2, ,290, ,58.6, 
211,3/4/2014,1800,63,0, ,0, ,75, ,15.1, ,62.7, ,78, ,55.6, ,4.1, ,168, ,58.7, 
211,3/4/2014,1900,63,0, ,0, ,1, ,14.6, ,57.7, ,90, ,54.8, ,4.8, ,114, ,58.8, 
211,3/4/2014,2000,63,0, ,0, ,0, ,14.2, ,56.2, ,92, ,54, ,5.8, ,141, ,58.7, 
211,3/4/2014,2100,63,0, ,0, ,0, ,14.2, ,54.8, ,97, ,53.8, ,5, ,158, ,58.6, 
211,3/4/2014,2200,63,0, ,0, ,0, ,14, ,53.5, ,100, ,53.5, ,3.6, ,153, ,58.5, 
211,3/4/2014,2300,63,0, ,0, ,0, ,13.7, ,53, ,100, ,53, ,3.5, ,139, ,58.3, 
211,3/4/2014,2400,63,0, ,0, ,0, ,13.5, ,52.5, ,100, ,52.5, ,2, ,183, ,58.1, 
211,3/5/2014,0100,64,0, ,0, ,0, ,12.7, ,50.9, ,100, ,50.9, ,1.2, ,15, ,58, 
211,3/5/2014,0200,64,0, ,0, ,0, ,13.3, ,51.7, ,100, ,51.7, ,1.3, ,228, ,57.8, 
211,3/5/2014,0300,64,0,R,0, ,0, ,14.3,R,51.8, ,100,R,51.8,R,2.8, ,323, ,57.6, 
211,3/5/2014,0400,64,0,R,0, ,0, ,14.5,R,51.9, ,100,R,51.9,R,2.5, ,237, ,57.5, 
211,3/5/2014,0500,64,0,R,0, ,0, ,14.6,R,52.1, ,100,R,52.1,R,1.7, ,359, ,57.4, 
211,3/5/2014,0600,64,0,R,0, ,0, ,14.7,R,52.1, ,100,R,52.1,R,3.4, ,136, ,57.4, 
211,3/5/2014,0700,64,0,R,0, ,4, ,14.5,R,51.6, ,100,R,51.6,R,2.8, ,137, ,57.3, 
211,3/5/2014,0800,64,0,R,0, ,62, ,14.5,R,51.4, ,100,R,51.4,R,2.9, ,141, ,57.3, 
211,3/5/2014,0900,64,0,R,0, ,155, ,14.7,R,51.8, ,100,R,51.8,R,2.1, ,159, ,57.3, 
211,3/5/2014,1000,64,0,R,0, ,357, ,15.6,R,53.2, ,100,R,53.2,R,2.6, ,350, ,57.2, 
211,3/5/2014,1100,64,0.01,R,0, ,1124, ,17.5,R,56.4, ,100,R,56.4,R,2.3, ,134, ,57.3, 
211,3/5/2014,1200,64,0.01, ,0, ,907, ,15.7, ,61.7, ,84, ,56.8, ,5.8, ,138, ,57.4, 
211,3/5/2014,1300,64,0.01, ,0, ,996, ,16, ,65.5, ,74, ,57.2, ,3.9, ,132, ,57.7, 
211,3/5/2014,1400,64,0.02, ,0, ,1474, ,15.1, ,69.5, ,61, ,55.6, ,7.5, ,206, ,58.1, 
211,3/5/2014,1500,64,0.01, ,0, ,636, ,14.2, ,67, ,63, ,54, ,6.2, ,248, ,58.5, 
211,3/5/2014,1600,64,0, ,0, ,325, ,13.5, ,66.8, ,60, ,52.6, ,5, ,198, ,58.9, 
211,3/5/2014,1700,64,0, ,0, ,194, ,11.6, ,65.9, ,53, ,48.5, ,6.8, ,232, ,59.1, 
211,3/5/2014,1800,64,0, ,0, ,26, ,10.1, ,64.5, ,49, ,44.9, ,4.3, ,238, ,59.2, 
211,3/5/2014,1900,64,0, ,0, ,0, ,12.4, ,62.3, ,65, ,50.3, ,4.6, ,183, ,59.2, 
211,3/5/2014,2000,64,0, ,0, ,0, ,13.5, ,60, ,76, ,52.6, ,5.4, ,161, ,59.1, 
211,3/5/2014,2100,64,0, ,0, ,0, ,13.9, ,58.4, ,83, ,53.4, ,4.8, ,141, ,58.9, 
211,3/5/2014,2200,64,0, ,0, ,0, ,13.8, ,58.2, ,83, ,53.2, ,3.2, ,123, ,58.8, 
211,3/5/2014,2300,64,0,Y,0, ,0, ,13.8, ,58.5,Y,82,Y,53.1,Y,3.2, ,148, ,58.7, 
211,3/5/2014,2400,64,0, ,0, ,0, ,14.3, ,57.7, ,88, ,54.1, ,3.9, ,349, ,58.7, 
211,3/6/2014,0100,65,0, ,0.02, ,0, ,14.9, ,56.4, ,96, ,55.2, ,2.4, ,44, ,58.6, 
211,3/6/2014,0200,65,0, ,0.01, ,0, ,15.1, ,55.8, ,99, ,55.6, ,2, ,109, ,58.5, 
211,3/6/2014,0300,65,0, ,0, ,0, ,15.1, ,55.7, ,100, ,55.7, ,1.8, ,111, ,58.5, 
211,3/6/2014,0400,65,0,R,0, ,0, ,16.2,R,55.8, ,100,R,55.8,R,2.7, ,72, ,58.4, 
211,3/6/2014,0500,65,0,R,0, ,0, ,16.9,R,55.9, ,100,R,55.9,R,2.5, ,86, ,58.4, 
211,3/6/2014,0600,65,0,R,0, ,0, ,16.6,R,55.3, ,100,R,55.3,R,2.3, ,108, ,58.3, 
211,3/6/2014,0700,65,0,R,0, ,6, ,16.5,R,55.1, ,100,R,55.1,R,3.6, ,143, ,58.3, 
211,3/6/2014,0800,65,0,R,0, ,57, ,16.7,R,55.4, ,100,R,55.4,R,2.8, ,131, ,58.2, 
211,3/6/2014,0900,65,0, ,0, ,479, ,16.7, ,57.6, ,100, ,57.6, ,2.9, ,197, ,58.1, 
211,3/6/2014,1000,65,0.01, ,0, ,811, ,14.8, ,59.8, ,84, ,55, ,4.4, ,306, ,58.1, 
211,3/6/2014,1100,65,0.02, ,0, ,1277, ,14.6, ,63.1, ,74, ,54.7, ,5.7, ,309, ,58.2, 
211,3/6/2014,1200,65,0.02, ,0, ,1356, ,12.4, ,65.2, ,58, ,50.2, ,7.1, ,305, ,58.5, 
211,3/6/2014,1300,65,0.02, ,0, ,1285, ,10.1, ,67, ,45, ,44.9, ,9.5, ,326, ,58.8, 
211,3/6/2014,1400,65,0.02, ,0, ,1230, ,10.3, ,67.5, ,45, ,45.4, ,11.3, ,322, ,59.1, 
211,3/6/2014,1500,65,0.01, ,0, ,695, ,10.3, ,66.2, ,47, ,45.3, ,12, ,318, ,59.5, 
211,3/6/2014,1600,65,0.01, ,0, ,594, ,10.6, ,65.2, ,50, ,46.1, ,12, ,317, ,59.6, 
211,3/6/2014,1700,65,0.01, ,0, ,431, ,10.3, ,64.6, ,49, ,45.3, ,10.2, ,311, ,59.7, 
211,3/6/2014,1800,65,0, ,0, ,142, ,10.6, ,62.7, ,54, ,46, ,9.3, ,317, ,59.6, 
211,3/6/2014,1900,65,0, ,0, ,3, ,10.9, ,59.3, ,63, ,46.8, ,6.9, ,321, ,59.5, 
211,3/6/2014,2000,65,0, ,0, ,0, ,11.1, ,58, ,67, ,47.3, ,6.7, ,300, ,59.4, 
211,3/6/2014,2100,65,0, ,0, ,0, ,10.9, ,56.6, ,70, ,46.8, ,7.5, ,290, ,59.2, 
211,3/6/2014,2200,65,0, ,0, ,0, ,11.9, ,54.6, ,82, ,49.2, ,5.7, ,313, ,59, 
211,3/6/2014,2300,65,0, ,0, ,0, ,11.9, ,53, ,87, ,49.2, ,4.4, ,303, ,58.7, 
211,3/6/2014,2400,65,0, ,0, ,0, ,11.7, ,51.8, ,89, ,48.7, ,6.6, ,315, ,58.6, 
211,3/7/2014,0100,66,0, ,0, ,0, ,11.5, ,51.2, ,90, ,48.3, ,5.6, ,318, ,58.4, 
211,3/7/2014,0200,66,0, ,0, ,0, ,11.2, ,49.9, ,92, ,47.5, ,3.4, ,336, ,58.2, 
211,3/7/2014,0300,66,0, ,0, ,0, ,11, ,49.2, ,92, ,46.9, ,4.4, ,313, ,58, 
211,3/7/2014,0400,66,0, ,0, ,0, ,11.3, ,50.3, ,91, ,47.8, ,3.5, ,299, ,57.9, 
211,3/7/2014,0500,66,0, ,0, ,0, ,11.2, ,49.2, ,94, ,47.6, ,1.9, ,181, ,57.7, 
211,3/7/2014,0600,66,0, ,0, ,0, ,11.6, ,49.8, ,96, ,48.6, ,2.2, ,334, ,57.6, 
211,3/7/2014,0700,66,0, ,0, ,25, ,10.9, ,49.4, ,91, ,46.8, ,3.7, ,304, ,57.5, 
211,3/7/2014,0800,66,0, ,0, ,184, ,11.1, ,51.7, ,85, ,47.3, ,6.6, ,319, ,57.4, 
211,3/7/2014,0900,66,0.01, ,0, ,659, ,11.4, ,54.2, ,80, ,48.1, ,8.6, ,331, ,57.3, 
211,3/7/2014,1000,66,0.01, ,0, ,840, ,11.5, ,55.7, ,76, ,48.2, ,8.8, ,322, ,57.2, 
211,3/7/2014,1100,66,0.01, ,0, ,1068, ,11.5, ,58.4, ,69, ,48.2, ,7.2, ,325, ,57.3, 
211,3/7/2014,1200,66,0.02, ,0, ,1525, ,11.6, ,62.5, ,60, ,48.5, ,5.9, ,342, ,57.5, 
211,3/7/2014,1300,66,0.02, ,0, ,1275, ,11.7, ,64.7, ,56, ,48.7, ,5.6, ,324, ,57.8, 
211,3/7/2014,1400,66,0.02, ,0, ,1456, ,11.6, ,67.4, ,51, ,48.4, ,8.9, ,332, ,58.2, 
211,3/7/2014,1500,66,0.02, ,0, ,1251, ,10.9, ,69.1, ,45, ,46.8, ,8.4, ,325, ,58.7, 
211,3/7/2014,1600,66,0.01, ,0, ,945, ,10.5, ,69.5, ,43, ,45.8, ,7.8, ,316, ,59.2, 
211,3/7/2014,1700,66,0.01, ,0, ,574, ,10.3, ,68.3, ,44, ,45.4, ,10, ,316, ,59.5, 
211,3/7/2014,1800,66,0, ,0, ,184, ,10.5, ,65.4, ,49, ,45.8, ,8, ,312, ,59.5, 
211,3/7/2014,1900,66,0, ,0, ,3, ,10.4, ,61.4, ,56, ,45.5, ,4.8, ,307, ,59.4, 
211,3/7/2014,2000,66,0, ,0, ,0, ,10.7, ,57, ,68, ,46.4, ,3.1, ,319, ,59.3, 
211,3/7/2014,2100,66,0, ,0, ,0, ,10.6, ,55.1, ,72, ,46.1, ,4.4, ,308, ,59, 
211,3/7/2014,2200,66,0, ,0, ,0, ,10.6, ,54.2, ,74, ,46, ,6.6, ,316, ,58.7, 
211,3/7/2014,2300,66,0, ,0, ,0, ,10.9, ,52.3, ,81, ,46.7, ,5.1, ,306, ,58.5, 
211,3/7/2014,2400,66,0, ,0, ,0, ,10.3, ,50.2, ,83, ,45.4, ,2.7, ,291, ,58.2, 
211,3/8/2014,0100,67,0, ,0, ,0, ,9.7, ,47, ,88, ,43.6, ,1.9, ,333, ,58, 
211,3/8/2014,0200,67,0, ,0, ,0, ,9.3, ,45, ,91, ,42.7, ,1.5, ,223, ,57.8, 
211,3/8/2014,0300,67,0, ,0, ,0, ,8.9, ,43.4, ,93, ,41.5, ,2.1, ,317, ,57.5, 
211,3/8/2014,0400,67,0, ,0, ,0, ,8.8, ,42.5, ,95, ,41.2, ,1.7, ,301, ,57.3, 
211,3/8/2014,0500,67,0, ,0, ,0, ,8.7, ,42.2, ,95, ,40.9, ,3.1, ,301, ,57, 
211,3/8/2014,0600,67,0, ,0, ,0, ,8.3, ,40.8, ,95, ,39.6, ,1.8, ,356, ,56.8, 
211,3/8/2014,0700,67,0, ,0, ,33, ,8.3, ,40.4, ,97, ,39.6, ,2.6, ,162, ,56.5, 
211,3/8/2014,0800,67,0, ,0, ,355, ,9.5, ,44.5, ,95, ,43.2, ,2.2, ,64, ,56.3, 
211,3/8/2014,0900,67,0.01, ,0, ,742, ,10.2, ,50.6, ,81, ,45.1, ,2.3, ,332, ,56.2, 
211,3/8/2014,1000,67,0.01, ,0, ,1003, ,11.1, ,56.2, ,72, ,47.2, ,3.1, ,302, ,56.1, 
211,3/8/2014,1100,67,0.01, ,0, ,1243, ,11.2, ,61.1, ,61, ,47.6, ,4.1, ,299, ,56.2, 
211,3/8/2014,1200,67,0.02, ,0, ,1484, ,10.9, ,66.9, ,48, ,46.8, ,3.9, ,298, ,56.6, 
211,3/8/2014,1300,67,0.02, ,0, ,1383, ,11.3, ,70.6, ,44, ,47.7, ,4.3, ,300, ,57, 
211,3/8/2014,1400,67,0.02, ,0, ,1226, ,10.9, ,74.5, ,37, ,46.7, ,3.3, ,2, ,57.6, 
211,3/8/2014,1500,67,0.02,Y,0, ,1329, ,9.7, ,77.5,Y,30,Y,43.8,Y,4.4, ,338, ,58.3, 
211,3/8/2014,1600,67,0.01,Y,0, ,925, ,10, ,76.7,Y,32,Y,44.5,Y,5.5, ,75, ,58.9, 
211,3/8/2014,1700,67,0.01,Y,0, ,453, ,11, ,74.8,Y,37,Y,47,Y,6.4, ,65, ,59.3, 
211,3/8/2014,1800,67,0,Y,0, ,120, ,10.8, ,72.4,Y,40,Y,46.5,Y,5.1, ,356, ,59.5, 
211,3/8/2014,1900,67,0,Y,0, ,1, ,11.6, ,67,Y,51,Y,48.5,Y,3.2, ,138, ,59.5, 
211,3/8/2014,2000,67,0,Y,0, ,0, ,11.6, ,63.3,Y,58,Y,48.5,Y,4.4, ,155, ,59.4, 
211,3/8/2014,2100,67,0,Y,0, ,0, ,11.4, ,62.1,Y,60,Y,48.1,Y,2.2, ,271, ,59.2, 
211,3/8/2014,2200,67,0,Y,0, ,0, ,11.9, ,60.1,Y,67,Y,49.2,Y,4.1, ,310, ,59, 
211,3/8/2014,2300,67,0,Y,0, ,0, ,11.9, ,58.4,Y,71,Y,49.1,Y,3.5, ,303, ,58.8, 
211,3/8/2014,2400,67,0, ,0, ,0, ,12.1, ,57.8, ,74, ,49.6, ,3.5, ,319, ,58.6, 
211,3/9/2014,0100,68,0, ,0, ,0, ,12.2, ,56.6, ,78, ,49.8, ,1.5, ,125, ,58.5, 
211,3/9/2014,0200,68,0, ,0, ,0, ,12.3, ,56.4, ,79, ,50, ,2.5, ,165, ,58.3, 
211,3/9/2014,0300,68,0, ,0, ,0, ,12.3, ,55.3, ,82, ,50, ,1.9, ,12, ,58.2, 
211,3/9/2014,0400,68,0, ,0, ,0, ,12.4, ,54.6, ,85, ,50.2, ,1.7, ,246, ,58.1, 
211,3/9/2014,0500,68,0, ,0, ,0, ,12.4, ,54.8, ,85, ,50.3, ,2.2, ,319, ,58, 
211,3/9/2014,0600,68,0, ,0, ,0, ,12.3, ,54.8, ,84, ,50.1, ,3, ,290, ,57.9, 
211,3/9/2014,0700,68,0, ,0, ,26, ,12, ,54.5, ,83, ,49.4, ,3.7, ,306, ,57.8, 
211,3/9/2014,0800,68,0, ,0, ,234, ,12.5, ,56.4, ,81, ,50.6, ,1.6, ,348, ,57.7, 
211,3/9/2014,0900,68,0, ,0, ,346, ,12.9, ,59.6, ,74, ,51.3, ,4.2, ,318, ,57.7, 
211,3/9/2014,1000,68,0, ,0, ,398, ,12.9, ,61.8, ,68, ,51.2, ,2.6, ,285, ,57.7, 
211,3/9/2014,1100,68,0.01, ,0, ,692, ,13, ,64.1, ,64, ,51.5, ,3.6, ,317, ,57.8, 
211,3/9/2014,1200,68,0.01, ,0, ,1114, ,12.9, ,68.6, ,54, ,51.3, ,4.5, ,318, ,58, 
211,3/9/2014,1300,68,0.02, ,0, ,1319, ,11.6, ,73.8, ,41, ,48.4, ,4, ,157, ,58.3, 
211,3/9/2014,1400,68,0.02, ,0, ,1073, ,10.7, ,75.4, ,36, ,46.4, ,3.8, ,105, ,58.7, 
211,3/9/2014,1500,68,0.01,Y,0, ,995, ,10, ,77.6,Y,31,Y,44.4,Y,3.2, ,282, ,59.2, 
211,3/9/2014,1600,68,0.01,Y,0, ,729, ,8.3, ,77,Y,26,Y,39.7,Y,5.7, ,302, ,59.7, 
211,3/9/2014,1700,68,0.01,Y,0, ,415, ,7.2, ,74.9,Y,24,Y,36.2,Y,7.4, ,268, ,60, 
211,3/9/2014,1800,68,0.01,Y,0, ,219, ,7.3, ,71.5,Y,28,Y,36.5,Y,8, ,292, ,60.1, 
211,3/9/2014,1900,68,0,Y,0, ,3, ,7, ,66.9,Y,31,Y,35.5,Y,6.1, ,316, ,60.1, 
211,3/9/2014,2000,68,0,Y,0, ,0, ,8.8, ,62.1,Y,46,Y,41.3,Y,4.1, ,139, ,59.9, 
211,3/9/2014,2100,68,0, ,0, ,0, ,9.2, ,59.8, ,53, ,42.5, ,3.8, ,146, ,59.7, 
211,3/9/2014,2200,68,0, ,0, ,0, ,9.4, ,58.1, ,57, ,42.9, ,4.3, ,134, ,59.4, 
211,3/9/2014,2300,68,0, ,0, ,0, ,9.4, ,56.9, ,60, ,42.9, ,5.4, ,140, ,59.2, 
211,3/9/2014,2400,68,0, ,0, ,0, ,9.8, ,56.1, ,64, ,43.9, ,5.1, ,144, ,59, 
211,3/10/2014,0100,69,0, ,0, ,0, ,10, ,53.6, ,71, ,44.4, ,3.7, ,129, ,58.8, 
211,3/10/2014,0200,69,0, ,0, ,0, ,10.1, ,52.1, ,76, ,44.7, ,1.7, ,343, ,58.6, 
211,3/10/2014,0300,69,0, ,0, ,0, ,9.9, ,52.1, ,74, ,44.2, ,3.2, ,256, ,58.4, 
211,3/10/2014,0400,69,0, ,0, ,0, ,10.2, ,51.4, ,78, ,44.9, ,2.3, ,36, ,58.2, 
211,3/10/2014,0500,69,0, ,0, ,0, ,10.2, ,51.2, ,80, ,45.1, ,2.1, ,215, ,58.1, 
211,3/10/2014,0600,69,0, ,0, ,0, ,10.4, ,51.4, ,80, ,45.5, ,4.1, ,261, ,57.9, 
211,3/10/2014,0700,69,0, ,0, ,8, ,11, ,52.9, ,80, ,47, ,4.8, ,343, ,57.8, 
211,3/10/2014,0800,69,0, ,0, ,49, ,12.6, ,54.8, ,86, ,50.7, ,8.1, ,317, ,57.7, 
211,3/10/2014,0900,69,0, ,0, ,306, ,13.3, ,56.3, ,86, ,52.2, ,9.3, ,324, ,57.7, 
211,3/10/2014,1000,69,0.01, ,0, ,650, ,12.3, ,59, ,72, ,50, ,12.7, ,314, ,57.7, 
211,3/10/2014,1100,69,0.02, ,0, ,1215, ,12.2, ,61.7, ,65, ,49.8, ,14.3, ,316, ,57.8, 
211,3/10/2014,1200,69,0.02, ,0, ,1487, ,12.5, ,64.3, ,61, ,50.4, ,12.1, ,313, ,57.9, 
211,3/10/2014,1300,69,0.02, ,0, ,1433, ,12.4, ,65.7, ,58, ,50.3, ,11.2, ,313, ,58.1, 
211,3/10/2014,1400,69,0.02, ,0, ,1501, ,12.3, ,67.8, ,53, ,50, ,12.7, ,319, ,58.4, 
211,3/10/2014,1500,69,0.02, ,0, ,1236, ,11.8, ,69.2, ,48, ,48.8, ,11, ,313, ,58.8, 
211,3/10/2014,1600,69,0.02, ,0, ,958, ,11.1, ,69.8, ,45, ,47.3, ,10.9, ,308, ,59.1, 
211,3/10/2014,1700,69,0.01, ,0, ,606, ,10.7, ,69.1, ,44, ,46.4, ,12.8, ,317, ,59.3, 
211,3/10/2014,1800,69,0.01, ,0, ,209, ,10.3, ,66.5, ,46, ,45.4, ,11.7, ,311, ,59.3, 
211,3/10/2014,1900,69,0, ,0, ,5, ,10.3, ,62.8, ,53, ,45.4, ,9.8, ,319, ,59.2, 
211,3/10/2014,2000,69,0, ,0, ,0, ,10.7, ,60.1, ,60, ,46.4, ,9.2, ,332, ,59.1, 
211,3/10/2014,2100,69,0, ,0, ,0, ,10.7, ,57.3, ,66, ,46.2, ,4.7, ,313, ,58.9, 
211,3/10/2014,2200,69,0, ,0, ,0, ,10.3, ,55.2, ,69, ,45.3, ,5.5, ,331, ,58.7, 
211,3/10/2014,2300,69,0, ,0, ,0, ,9.8, ,52.5, ,72, ,43.9, ,4.2, ,338, ,58.5, 
211,3/10/2014,2400,69,0, ,0, ,0, ,9.3, ,50.7, ,73, ,42.5, ,4, ,354, ,58.2, 
211,3/11/2014,0100,70,0, ,0, ,0, ,8.4, ,47.1, ,76, ,40.1, ,1.5, ,150, ,58, 
211,3/11/2014,0200,70,0, ,0, ,0, ,8, ,45.4, ,77, ,38.8, ,2.5, ,147, ,57.8, 
211,3/11/2014,0300,70,0, ,0, ,0, ,7.7, ,43.7, ,80, ,37.9, ,2.3, ,138, ,57.5, 
211,3/11/2014,0400,70,0, ,0, ,0, ,7.6, ,42.2, ,84, ,37.6, ,2.2, ,151, ,57.3, 
211,3/11/2014,0500,70,0, ,0, ,0, ,7.7, ,42, ,84, ,37.6, ,1.6, ,191, ,57, 
211,3/11/2014,0600,70,0, ,0, ,0, ,7.3, ,40, ,86, ,36.3, ,1.8, ,177, ,56.8, 
211,3/11/2014,0700,70,0, ,0, ,41, ,7.3, ,40.1, ,87, ,36.6, ,2.6, ,218, ,56.6, 
211,3/11/2014,0800,70,0, ,0, ,381, ,8.1, ,45.5, ,78, ,39.1, ,2.7, ,166, ,56.4, 
211,3/11/2014,0900,70,0.01, ,0, ,773, ,8.1, ,54, ,57, ,39.1, ,3, ,212, ,56.2, 
211,3/11/2014,1000,70,0.01, ,0, ,1136, ,6.5, ,60.4, ,36, ,33.5, ,4.3, ,301, ,56.1, 
211,3/11/2014,1100,70,0.02, ,0, ,1418, ,5.8, ,64.1, ,28, ,30.6, ,8.9, ,315, ,56.3, 
211,3/11/2014,1200,70,0.02, ,0, ,1588, ,6.1, ,66.7, ,27, ,31.8, ,8.4, ,318, ,56.6, 
211,3/11/2014,1300,70,0.02, ,0, ,1627, ,6.1, ,68.5, ,26, ,32.1, ,8.9, ,323, ,56.9, 
211,3/11/2014,1400,70,0.02, ,0, ,1540, ,6.2, ,69.9, ,25, ,32.5, ,9.4, ,323, ,57.4, 
211,3/11/2014,1500,70,0.02, ,0, ,1330, ,6.2, ,70.8, ,24, ,32.5, ,10.5, ,315, ,57.9, 
211,3/11/2014,1600,70,0.02, ,0, ,1012, ,6.4, ,70.8, ,25, ,33.2, ,11, ,314, ,58.3, 
211,3/11/2014,1700,70,0.01, ,0, ,624, ,6.8, ,69.7, ,27, ,34.6, ,8.8, ,19, ,58.4, 
211,3/11/2014,1800,70,0, ,0, ,221, ,7.2, ,66.1, ,33, ,36.2, ,7, ,89, ,58.4, 
211,3/11/2014,1900,70,0, ,0, ,4, ,7.5, ,61.5, ,41, ,37.3, ,3.3, ,107, ,58.3, 
211,3/11/2014,2000,70,0, ,0, ,0, ,7.6, ,57.9, ,46, ,37.4, ,2.6, ,321, ,58.2, 
211,3/11/2014,2100,70,0, ,0, ,0, ,7.9, ,54, ,55, ,38.5, ,2, ,308, ,57.9, 
211,3/11/2014,2200,70,0, ,0, ,0, ,7.8, ,50.3, ,63, ,38.2, ,2.1, ,180, ,57.6, 
211,3/11/2014,2300,70,0, ,0, ,0, ,8.1, ,48.8, ,69, ,39, ,1.8, ,166, ,57.3, 
211,3/11/2014,2400,70,0, ,0, ,0, ,7.6, ,46.5, ,70, ,37.3, ,2.1, ,355, ,57, 
211,3/12/2014,0100,71,0, ,0, ,0, ,7.8, ,45.9, ,74, ,38.1, ,2.5, ,290, ,56.8, 
211,3/12/2014,0200,71,0, ,0, ,0, ,7.6, ,44.5, ,76, ,37.4, ,2.6, ,323, ,56.5, 
211,3/12/2014,0300,71,0, ,0, ,0, ,7.3, ,42.4, ,79, ,36.4, ,2.5, ,187, ,56.3, 
211,3/12/2014,0400,71,0, ,0, ,0, ,7.2, ,41.1, ,82, ,36.1, ,2.5, ,315, ,56.1, 
211,3/12/2014,0500,71,0, ,0, ,0, ,7.1, ,40.5, ,83, ,35.6, ,3.7, ,325, ,55.9, 
211,3/12/2014,0600,71,0, ,0, ,0, ,7, ,41.4, ,79, ,35.4, ,2.7, ,234, ,55.7, 
211,3/12/2014,0700,71,0, ,0, ,38, ,6.8, ,40.1, ,81, ,34.6, ,2.3, ,7, ,55.5, 
211,3/12/2014,0800,71,0, ,0, ,361, ,7.6, ,45.8, ,72, ,37.3, ,2.2, ,321, ,55.4, 
211,3/12/2014,0900,71,0.01, ,0, ,760, ,8, ,53, ,58, ,38.6, ,2.8, ,322, ,55.3, 
211,3/12/2014,1000,71,0.01, ,0, ,1116, ,8.9, ,60.9, ,49, ,41.4, ,2.4, ,132, ,55.3, 
211,3/12/2014,1100,71,0.02, ,0, ,1384, ,9.6, ,66.9, ,42, ,43.4, ,2.8, ,238, ,55.5, 
211,3/12/2014,1200,71,0.02, ,0, ,1551, ,8.6, ,71.8, ,32, ,40.7, ,3.5, ,252, ,56, 
211,3/12/2014,1300,71,0.02, ,0, ,1572, ,8, ,74.1, ,28, ,38.7, ,3.8, ,227, ,56.5, 
211,3/12/2014,1400,71,0.02, ,0, ,1526, ,6.9, ,75.4, ,23, ,34.9, ,8.7, ,80, ,57.1, 
211,3/12/2014,1500,71,0.02, ,0, ,1315, ,6.7, ,75.8, ,22, ,34.4, ,10.3, ,83, ,57.7, 
211,3/12/2014,1600,71,0.02, ,0, ,994, ,6.5, ,75.2, ,22, ,33.4, ,9.3, ,80, ,58.1, 
211,3/12/2014,1700,71,0.01,Y,0, ,618, ,6.3, ,74.4,Y,22,Y,32.6,Y,7.2, ,87, ,58.2, 
211,3/12/2014,1800,71,0.01,Y,0, ,220, ,6.2, ,72.2,Y,23,Y,32.4,Y,7.2, ,86, ,58.2, 
211,3/12/2014,1900,71,0,Y,0, ,5, ,6, ,66.1,Y,28,Y,31.7,Y,3.9, ,83, ,58.2, 
211,3/12/2014,2000,71,0,Y,0, ,0, ,6.2, ,63.1,Y,31,Y,32.2,Y,3, ,267, ,58, 
211,3/12/2014,2100,71,0, ,0, ,0, ,7, ,58.2, ,42, ,35.3, ,3, ,291, ,57.8, 
211,3/12/2014,2200,71,0, ,0, ,0, ,6.9, ,55.8, ,46, ,35.1, ,2.8, ,312, ,57.5, 
211,3/12/2014,2300,71,0, ,0, ,0, ,6.9, ,52.7, ,51, ,35.1, ,3.4, ,324, ,57.2, 
211,3/12/2014,2400,71,0, ,0, ,0, ,6.7, ,49, ,57, ,34.4, ,1.7, ,128, ,57, 
211,3/13/2014,0100,72,0, ,0, ,0, ,7.2, ,46.9, ,66, ,36.1, ,1.5, ,321, ,56.7, 
211,3/13/2014,0200,72,0, ,0, ,0, ,7, ,44.9, ,69, ,35.4, ,1.8, ,320, ,56.5, 
211,3/13/2014,0300,72,0, ,0, ,0, ,6.8, ,42.7, ,73, ,34.7, ,2, ,329, ,56.2, 
211,3/13/2014,0400,72,0, ,0, ,0, ,6.7, ,41.5, ,75, ,34.3, ,2.1, ,314, ,56, 
211,3/13/2014,0500,72,0, ,0, ,0, ,6.6, ,40.2, ,78, ,33.9, ,1.5, ,299, ,55.7, 
211,3/13/2014,0600,72,0, ,0, ,0, ,6.4, ,38.7, ,80, ,33.2, ,2.4, ,329, ,55.5, 
211,3/13/2014,0700,72,0, ,0, ,47, ,6.5, ,38.8, ,81, ,33.6, ,2.5, ,319, ,55.3, 
211,3/13/2014,0800,72,0, ,0, ,388, ,7.2, ,45.7, ,69, ,36.1, ,2.6, ,148, ,55.1, 
211,3/13/2014,0900,72,0.01, ,0, ,796, ,7.9, ,50.4, ,63, ,38.5, ,5.2, ,153, ,55, 
211,3/13/2014,1000,72,0.01, ,0, ,1157, ,8, ,58.1, ,48, ,38.7, ,2.6, ,161, ,55, 
211,3/13/2014,1100,72,0.02, ,0, ,1434, ,8.7, ,64.8, ,42, ,41, ,3.1, ,134, ,55.2, 
211,3/13/2014,1200,72,0.02, ,0, ,1595, ,8.4, ,69.7, ,34, ,40.1, ,3.6, ,202, ,55.6, 
211,3/13/2014,1300,72,0.02, ,0, ,1586, ,9.4, ,70.4, ,37, ,42.9, ,4.9, ,329, ,56.1, 
211,3/13/2014,1400,72,0.02, ,0, ,1530, ,8, ,73.2, ,29, ,38.9, ,10.3, ,321, ,57.1, 
211,3/13/2014,1500,72,0.02, ,0, ,1338, ,6.1, ,76.8, ,19, ,32, ,11.4, ,311, ,58.4, 
211,3/13/2014,1600,72,0.02,Y,0, ,1028, ,5, ,77.2,Y,16,Y,27.3,Y,11.6, ,300, ,59.1, 
211,3/13/2014,1700,72,0.01,Y,0, ,649, ,4.6, ,76.5,Y,15,Y,25.2,Y,11.2, ,312, ,59.2, 
211,3/13/2014,1800,72,0.01,Y,0, ,238, ,4.2, ,73.5,Y,15,Y,22.7,Y,9.1, ,306, ,59.1, 
211,3/13/2014,1900,72,0,Y,0, ,6, ,5.9, ,67.7,Y,25,Y,31.1,Y,7.4, ,297, ,59, 
211,3/13/2014,2000,72,0,Y,0, ,0, ,6, ,62.6,Y,31,Y,31.4,Y,5.8, ,306, ,58.8, 
211,3/13/2014,2100,72,0, ,0, ,0, ,6.1, ,58, ,37, ,31.8, ,4.3, ,338, ,58.5, 
211,3/13/2014,2200,72,0, ,0, ,0, ,7.5, ,53, ,55, ,37.1, ,2.8, ,169, ,58.3, 
211,3/13/2014,2300,72,0, ,0, ,0, ,8.5, ,48.6, ,73, ,40.2, ,2, ,62, ,58, 
211,3/13/2014,2400,72,0, ,0, ,0, ,7.6, ,46.8, ,70, ,37.6, ,2.2, ,316, ,57.7, 
211,3/14/2014,0100,73,0, ,0, ,0, ,7.5, ,44.9, ,73, ,37, ,1.8, ,141, ,57.3, 
211,3/14/2014,0200,73,0, ,0, ,0, ,7.5, ,43.3, ,78, ,37, ,1.9, ,303, ,57, 
211,3/14/2014,0300,73,0, ,0, ,0, ,7, ,41.5, ,78, ,35.4, ,2.3, ,290, ,56.7, 
211,3/14/2014,0400,73,0, ,0, ,0, ,6.9, ,41.2, ,78, ,34.9, ,2.1, ,269, ,56.4, 
211,3/14/2014,0500,73,0, ,0, ,0, ,6.4, ,39.1, ,79, ,33.1, ,2.4, ,343, ,56.2, 
211,3/14/2014,0600,73,0, ,0, ,0, ,6.5, ,38.4, ,82, ,33.5, ,1.5, ,335, ,55.9, 
211,3/14/2014,0700,73,0, ,0, ,31, ,6.6, ,37.8, ,86, ,33.9, ,1.4, ,263, ,55.7, 
211,3/14/2014,0800,73,0, ,0, ,217, ,7.5, ,42.7, ,81, ,37.2, ,1.4, ,313, ,55.5, 
211,3/14/2014,0900,73,0, ,0, ,543, ,9.4, ,48.5, ,81, ,43, ,2.8, ,148, ,55.3, 
211,3/14/2014,1000,73,0.01, ,0, ,1132, ,10.7, ,52.6, ,79, ,46.3, ,4.3, ,144, ,55.3, 
211,3/14/2014,1100,73,0.02, ,0, ,1450, ,11.3, ,57.9, ,69, ,47.8, ,3.1, ,191, ,55.4, 
211,3/14/2014,1200,73,0.02, ,0, ,1473, ,11.1, ,62.8, ,57, ,47.2, ,3.3, ,270, ,55.8, 
211,3/14/2014,1300,73,0.02, ,0, ,1581, ,10.7, ,66.5, ,48, ,46.4, ,4.7, ,296, ,56.3, 
211,3/14/2014,1400,73,0.02, ,0, ,1516, ,10.1, ,70.4, ,40, ,44.9, ,9.2, ,313, ,56.8, 
211,3/14/2014,1500,73,0.02, ,0, ,1304, ,9.3, ,72, ,35, ,42.6, ,9.8, ,321, ,57.4, 
211,3/14/2014,1600,73,0.02, ,0, ,988, ,8.8, ,72.7, ,32, ,41.1, ,9.8, ,311, ,57.8, 
211,3/14/2014,1700,73,0.01, ,0, ,609, ,9, ,72.6, ,33, ,41.8, ,10.1, ,323, ,58, 
211,3/14/2014,1800,73,0.01,Y,0, ,216, ,8.3, ,70.5,Y,33,Y,39.8,Y,9.9, ,320, ,58.1, 
211,3/14/2014,1900,73,0,Y,0, ,7, ,9.5, ,65.9,Y,43,Y,43.1,Y,5.5, ,304, ,58.1, 
211,3/14/2014,2000,73,0, ,0, ,0, ,9.8, ,61.3, ,53, ,44.1, ,3.3, ,282, ,58, 
211,3/14/2014,2100,73,0, ,0, ,0, ,10.3, ,55.7, ,68, ,45.4, ,2.5, ,149, ,57.8, 
211,3/14/2014,2200,73,0, ,0, ,0, ,10.1, ,53.2, ,73, ,44.8, ,2.3, ,131, ,57.6, 
211,3/14/2014,2300,73,0, ,0, ,0, ,10.1, ,51.4, ,78, ,44.7, ,2.3, ,137, ,57.4, 
211,3/14/2014,2400,73,0, ,0, ,0, ,9.4, ,49.3, ,79, ,43, ,1.8, ,127, ,57.2, 
211,3/15/2014,0100,74,0, ,0, ,0, ,9.1, ,47.2, ,83, ,42.2, ,1.3, ,11, ,56.9, 
211,3/15/2014,0200,74,0, ,0, ,0, ,9, ,45.8, ,85, ,41.7, ,2.7, ,326, ,56.7, 
211,3/15/2014,0300,74,0, ,0, ,0, ,9.3, ,46, ,88, ,42.7, ,3.5, ,292, ,56.5, 
211,3/15/2014,0400,74,0, ,0, ,0, ,8.8, ,44.8, ,88, ,41.3, ,3.3, ,329, ,56.2, 
211,3/15/2014,0500,74,0, ,0, ,0, ,8.5, ,43.4, ,89, ,40.2, ,1.5, ,7, ,56.1, 
211,3/15/2014,0600,74,0, ,0, ,0, ,7.9, ,41.6, ,89, ,38.5, ,1.8, ,130, ,55.9, 
211,3/15/2014,0700,74,0, ,0, ,55, ,8, ,41.4, ,90, ,38.7, ,1.6, ,116, ,55.7, 
211,3/15/2014,0800,74,0, ,0, ,394, ,9.4, ,47.7, ,83, ,42.8, ,1.1, ,25, ,55.5, 
211,3/15/2014,0900,74,0.01, ,0, ,780, ,10.5, ,54.4, ,73, ,45.9, ,1.9, ,322, ,55.4, 
211,3/15/2014,1000,74,0.01, ,0, ,1142, ,11.8, ,59.8, ,67, ,48.8, ,2.2, ,148, ,55.4, 
211,3/15/2014,1100,74,0.02, ,0, ,1412, ,12.5, ,66.5, ,56, ,50.5, ,3.3, ,344, ,55.6, 
211,3/15/2014,1200,74,0.02, ,0, ,1587, ,12.1, ,71.3, ,46, ,49.7, ,6.1, ,292, ,56, 
211,3/15/2014,1300,74,0.02,Y,0, ,1626, ,10.8, ,76.1,Y,35,Y,46.5,Y,6, ,313, ,56.5, 
211,3/15/2014,1400,74,0.02,Y,0, ,1526, ,10.9, ,79.2,Y,32,Y,46.7,Y,4.6, ,329, ,57.1, 
211,3/15/2014,1500,74,0.02,Y,0, ,1315, ,10.6, ,81.1,Y,29,Y,46,Y,7.3, ,340, ,57.7, 
211,3/15/2014,1600,74,0.02,Y,0, ,1012, ,8.8, ,81.1,Y,24,Y,41.2,Y,12.7, ,324, ,58.4, 
211,3/15/2014,1700,74,0.01,Y,0, ,635, ,7.8, ,80.1,Y,22,Y,38.3,Y,11.1, ,311, ,58.6, 
211,3/15/2014,1800,74,0.01,R,0, ,234, ,7.2, ,77.8,R,22,R,36.1,R,8.7, ,315, ,58.7, 
211,3/15/2014,1900,74,0,R,0, ,6, ,7.5, ,71.5,R,28,R,37,R,3.7, ,349, ,58.7, 
211,3/15/2014,2000,74,0,R,0, ,0, ,8.9, ,67.9,R,38,R,41.4,R,3.7, ,296, ,58.5, 
211,3/15/2014,2100,74,0,Y,0, ,0, ,9.9, ,64.7,Y,47,Y,44.2,Y,5.6, ,305, ,58.3, 
211,3/15/2014,2200,74,0,Y,0, ,0, ,10, ,61.1,Y,55,Y,44.7,Y,4.7, ,303, ,58.1, 
211,3/15/2014,2300,74,0, ,0, ,0, ,9.8, ,58.1, ,59, ,44.1, ,4.3, ,310, ,57.9, 
211,3/15/2014,2400,74,0, ,0, ,0, ,9.3, ,54.8, ,63, ,42.5, ,2.8, ,2, ,57.7, 
211,3/16/2014,0100,75,0, ,0, ,0, ,8.6, ,51.2, ,67, ,40.6, ,1.7, ,141, ,57.5, 
211,3/16/2014,0200,75,0, ,0, ,0, ,8.5, ,48.8, ,73, ,40.4, ,1.9, ,316, ,57.3, 
211,3/16/2014,0300,75,0, ,0, ,0, ,8.4, ,47.2, ,76, ,40, ,2.3, ,311, ,57.1, 
211,3/16/2014,0400,75,0, ,0, ,0, ,7.9, ,45.1, ,77, ,38.5, ,1.8, ,329, ,56.8, 
211,3/16/2014,0500,75,0, ,0, ,0, ,8, ,44.2, ,81, ,38.7, ,2.2, ,325, ,56.6, 
211,3/16/2014,0600,75,0, ,0, ,0, ,8, ,43.3, ,83, ,38.6, ,1.7, ,323, ,56.3, 
211,3/16/2014,0700,75,0, ,0, ,66, ,7.9, ,42.9, ,84, ,38.5, ,1.8, ,288, ,56.1, 
211,3/16/2014,0800,75,0, ,0, ,417, ,8.8, ,48.5, ,76, ,41.3, ,2.3, ,128, ,55.9, 
211,3/16/2014,0900,75,0.01, ,0, ,817, ,9.7, ,55.1, ,66, ,43.8, ,2.5, ,167, ,55.7, 
211,3/16/2014,1000,75,0.01, ,0, ,1177, ,10.4, ,62.6, ,53, ,45.5, ,2.4, ,319, ,55.7, 
211,3/16/2014,1100,75,0.02, ,0, ,1447, ,10.7, ,69.9, ,43, ,46.3, ,4.3, ,295, ,56, 
211,3/16/2014,1200,75,0.02,Y,0, ,1620, ,9.9, ,75.7,Y,33,Y,44.3,Y,5.1, ,296, ,56.4, 
211,3/16/2014,1300,75,0.02,Y,0, ,1648, ,9.8, ,79.6,Y,28,Y,44,Y,5.1, ,303, ,56.9, 
211,3/16/2014,1400,75,0.03,Y,0, ,1559, ,8.8, ,82.3,Y,23,Y,41.1,Y,6.9, ,313, ,57.5, 
211,3/16/2014,1500,75,0.02,Y,0, ,1380, ,7.7, ,83.8,Y,19,Y,37.7,Y,8.6, ,324, ,58.1, 
211,3/16/2014,1600,75,0.02,Y,0, ,1015, ,8.4, ,83.6,Y,21,Y,40,Y,11.3, ,325, ,58.6, 
211,3/16/2014,1700,75,0.02,Y,0, ,659, ,7.5, ,80.9,Y,21,Y,37,Y,13.2, ,318, ,58.9, 
211,3/16/2014,1800,75,0.01,Y,0, ,250, ,7.9, ,76,Y,26,Y,38.3,Y,11.9, ,309, ,58.9, 
211,3/16/2014,1900,75,0,Y,0, ,7, ,7.6, ,70.4,Y,30,Y,37.6,Y,10.8, ,312, ,58.8, 
211,3/16/2014,2000,75,0,Y,0, ,0, ,7.6, ,63.4,Y,38,Y,37.4,Y,11.4, ,310, ,58.7, 
211,3/16/2014,2100,75,0, ,0, ,0, ,8.1, ,58.8, ,48, ,39.1, ,10.1, ,319, ,58.4, 
211,3/16/2014,2200,75,0, ,0, ,0, ,8.7, ,55.8, ,57, ,40.9, ,9.9, ,324, ,58.2, 
211,3/16/2014,2300,75,0, ,0, ,0, ,9.1, ,52.6, ,67, ,42.1, ,5.5, ,321, ,58, 
211,3/16/2014,2400,75,0, ,0, ,0, ,9.5, ,51.9, ,72, ,43.1, ,8, ,309, ,57.8, 
211,3/17/2014,0100,76,0, ,0, ,0, ,10.1, ,52.1, ,76, ,44.8, ,12.4, ,309, ,57.5, 
211,3/17/2014,0200,76,0, ,0, ,0, ,9.9, ,50.9, ,78, ,44.3, ,9.1, ,306, ,57.3, 
211,3/17/2014,0300,76,0, ,0, ,0, ,9.8, ,49.5, ,81, ,43.9, ,7.9, ,313, ,57.2, 
211,3/17/2014,0400,76,0, ,0, ,0, ,9.5, ,48.5, ,82, ,43.3, ,7.7, ,324, ,57, 
211,3/17/2014,0500,76,0, ,0, ,0, ,9.2, ,47.7, ,82, ,42.5, ,4.6, ,305, ,56.9, 
211,3/17/2014,0600,76,0, ,0, ,0, ,8.7, ,45.4, ,85, ,41, ,2.6, ,9, ,56.8, 
211,3/17/2014,0700,76,0, ,0, ,48, ,9.2, ,46.8, ,85, ,42.4, ,2.7, ,275, ,56.6, 
211,3/17/2014,0800,76,0, ,0, ,384, ,9.7, ,49.2, ,82, ,43.8, ,4.8, ,152, ,56.4, 
211,3/17/2014,0900,76,0.01, ,0, ,887, ,10.6, ,54.2, ,74, ,46.2, ,3.5, ,138, ,56.3, 
211,3/17/2014,1000,76,0.01, ,0, ,1210, ,11.6, ,58.9, ,68, ,48.4, ,5.1, ,309, ,56.4, 
211,3/17/2014,1100,76,0.02, ,0, ,1472, ,11, ,61.9, ,58, ,47.1, ,12, ,314, ,56.6, 
211,3/17/2014,1200,76,0.02, ,0, ,1628, ,11, ,62.9, ,56, ,47.2, ,10.9, ,315, ,56.9, 
211,3/17/2014,1300,76,0.02, ,0, ,1658, ,11.2, ,64.5, ,54, ,47.5, ,9.7, ,315, ,57.2, 
211,3/17/2014,1400,76,0.02, ,0, ,1555, ,11.6, ,66.6, ,52, ,48.4, ,9.8, ,322, ,57.5, 
211,3/17/2014,1500,76,0.02, ,0, ,1343, ,11.5, ,68.1, ,49, ,48.3, ,9.4, ,308, ,57.9, 
211,3/17/2014,1600,76,0.02, ,0, ,1033, ,10.1, ,69.4, ,41, ,44.9, ,9.6, ,311, ,58.2, 
211,3/17/2014,1700,76,0.01, ,0, ,660, ,9.1, ,68.9, ,38, ,42.1, ,11.6, ,312, ,58.4, 
211,3/17/2014,1800,76,0.01, ,0, ,231, ,8.5, ,66.6, ,38, ,40.4, ,12.2, ,314, ,58.4, 
211,3/17/2014,1900,76,0, ,0, ,7, ,9.3, ,62.6, ,48, ,42.7, ,11.5, ,323, ,58.3, 
211,3/17/2014,2000,76,0, ,0, ,0, ,9.9, ,58.6, ,59, ,44.3, ,11.7, ,321, ,58.1, 
211,3/17/2014,2100,76,0, ,0, ,0, ,10.1, ,55.9, ,66, ,44.7, ,10.4, ,314, ,58, 
211,3/17/2014,2200,76,0, ,0, ,0, ,10.2, ,54.4, ,71, ,45.2, ,9.9, ,325, ,57.8, 
211,3/17/2014,2300,76,0, ,0, ,0, ,10.2, ,52.8, ,75, ,45.1, ,8.5, ,320, ,57.6, 
211,3/17/2014,2400,76,0, ,0, ,0, ,9.6, ,50.6, ,76, ,43.5, ,4.4, ,311, ,57.4, 
211,3/18/2014,0100,77,0, ,0, ,0, ,9.2, ,48.3, ,80, ,42.4, ,2.8, ,241, ,57.2, 
211,3/18/2014,0200,77,0, ,0, ,0, ,7.9, ,43.8, ,81, ,38.3, ,1.2, ,127, ,57, 
211,3/18/2014,0300,77,0, ,0, ,0, ,7.5, ,41.8, ,83, ,37.1, ,1.4, ,340, ,56.8, 
211,3/18/2014,0400,77,0, ,0, ,0, ,7.3, ,40.3, ,85, ,36.3, ,1.4, ,334, ,56.5, 
211,3/18/2014,0500,77,0, ,0, ,0, ,7, ,38.9, ,87, ,35.5, ,1.8, ,331, ,56.3, 
211,3/18/2014,0600,77,0, ,0, ,0, ,7.2, ,38.9, ,89, ,36, ,2.2, ,313, ,56, 
211,3/18/2014,0700,77,0, ,0, ,78, ,7.1, ,38.5, ,90, ,35.8, ,2.3, ,331, ,55.7, 
211,3/18/2014,0800,77,0, ,0, ,458, ,8.3, ,45.2, ,80, ,39.6, ,1.8, ,328, ,55.5, 
211,3/18/2014,0900,77,0.01, ,0, ,859, ,9.2, ,50.3, ,74, ,42.4, ,2.9, ,152, ,55.4, 
211,3/18/2014,1000,77,0.01, ,0, ,1215, ,9.9, ,56.1, ,64, ,44.3, ,3.1, ,147, ,55.4, 
211,3/18/2014,1100,77,0.02, ,0, ,1486, ,9.2, ,60.5, ,51, ,42.4, ,3.5, ,266, ,55.6, 
211,3/18/2014,1200,77,0.02, ,0, ,1651, ,7.9, ,65.4, ,37, ,38.4, ,3.3, ,274, ,56.1, 
211,3/18/2014,1300,77,0.02, ,0, ,1669, ,6.5, ,69.3, ,27, ,33.5, ,5.2, ,310, ,56.5, 
211,3/18/2014,1400,77,0.02, ,0, ,1593, ,6.3, ,71.5, ,24, ,32.6, ,8.2, ,328, ,57.1, 
211,3/18/2014,1500,77,0.02, ,0, ,1372, ,5.9, ,72.3, ,22, ,31.3, ,10.4, ,319, ,57.6, 
211,3/18/2014,1600,77,0.02, ,0, ,1055, ,5.9, ,72.2, ,22, ,31, ,9.2, ,310, ,58, 
211,3/18/2014,1700,77,0.01, ,0, ,666, ,5.8, ,71.5, ,22, ,30.9, ,10.4, ,318, ,58.1, 
211,3/18/2014,1800,77,0.01, ,0, ,260, ,5.7, ,69.1, ,24, ,30.4, ,8.9, ,314, ,58.1, 
211,3/18/2014,1900,77,0, ,0, ,9, ,5.7, ,64, ,28, ,30.1, ,3.9, ,344, ,58, 
211,3/18/2014,2000,77,0, ,0, ,0, ,6.1, ,61.1, ,33, ,32, ,7.3, ,335, ,57.8, 
211,3/18/2014,2100,77,0, ,0, ,0, ,7.2, ,58.4, ,43, ,36, ,8, ,315, ,57.6, 
211,3/18/2014,2200,77,0, ,0, ,0, ,7.2, ,55.5, ,48, ,36.2, ,6, ,319, ,57.4, 
211,3/18/2014,2300,77,0, ,0, ,0, ,7.2, ,51.7, ,55, ,36.1, ,3.6, ,310, ,57.2, 
211,3/18/2014,2400,77,0, ,0, ,0, ,6.9, ,48.1, ,60, ,35.1, ,2.8, ,331, ,56.9, 
211,3/19/2014,0100,78,0, ,0, ,0, ,6.5, ,45.1, ,63, ,33.4, ,1.8, ,298, ,56.7, 
211,3/19/2014,0200,78,0, ,0, ,0, ,6.4, ,43.7, ,66, ,33.1, ,2, ,323, ,56.5, 
211,3/19/2014,0300,78,0, ,0, ,0, ,6.5, ,42.9, ,69, ,33.5, ,3.1, ,309, ,56.2, 
211,3/19/2014,0400,78,0, ,0, ,0, ,6.5, ,42.1, ,71, ,33.5, ,3.1, ,295, ,56, 
211,3/19/2014,0500,78,0, ,0, ,0, ,6, ,39.2, ,74, ,31.6, ,1.5, ,141, ,55.7, 
211,3/19/2014,0600,78,0, ,0, ,0, ,6, ,38.2, ,77, ,31.7, ,1.5, ,26, ,55.5, 
211,3/19/2014,0700,78,0, ,0, ,76, ,6.2, ,38.4, ,78, ,32.3, ,2, ,315, ,55.3, 
211,3/19/2014,0800,78,0, ,0, ,446, ,7.1, ,45.7, ,68, ,35.8, ,2.3, ,87, ,55.1, 
211,3/19/2014,0900,78,0.01, ,0, ,852, ,7.7, ,52.5, ,57, ,37.7, ,2.4, ,167, ,55, 
211,3/19/2014,1000,78,0.01, ,0, ,1197, ,8.1, ,59.2, ,47, ,39, ,3.3, ,305, ,55, 
211,3/19/2014,1100,78,0.02, ,0, ,1473, ,8.6, ,65.7, ,40, ,40.6, ,6.7, ,302, ,55.3, 
211,3/19/2014,1200,78,0.02, ,0, ,1643, ,8.2, ,71.3, ,31, ,39.4, ,5.4, ,304, ,55.7, 
211,3/19/2014,1300,78,0.02, ,0, ,1679, ,7.8, ,74.3, ,27, ,38.1, ,3.9, ,240, ,56.2, 
211,3/19/2014,1400,78,0.02, ,0, ,1598, ,7.6, ,76.7, ,24, ,37.6, ,3.7, ,233, ,56.8, 
211,3/19/2014,1500,78,0.02, ,0, ,1279, ,7.3, ,77.1, ,23, ,36.3, ,6, ,266, ,57.6, 
211,3/19/2014,1600,78,0.02, ,0, ,763, ,6.8, ,74.1, ,24, ,34.8, ,9.3, ,256, ,58.2, 
211,3/19/2014,1700,78,0.01, ,0, ,398, ,6.4, ,71.5, ,24, ,33, ,9.1, ,251, ,58.3, 
211,3/19/2014,1800,78,0.01,Y,0, ,268, ,6.4, ,70.6,Y,25,Y,33.2,Y,6, ,260, ,58.3, 
211,3/19/2014,1900,78,0,Y,0, ,13, ,6.9, ,65.5,Y,32,Y,35.1,Y,4.1, ,158, ,58.2, 
211,3/19/2014,2000,78,0, ,0, ,0, ,7.4, ,58.5, ,44, ,36.7, ,5.4, ,124, ,58, 
211,3/19/2014,2100,78,0, ,0, ,0, ,7.1, ,55.7, ,47, ,35.6, ,2.6, ,121, ,57.7, 
211,3/19/2014,2200,78,0, ,0, ,0, ,7.2, ,52.7, ,53, ,36, ,2.2, ,327, ,57.5, 
211,3/19/2014,2300,78,0, ,0, ,0, ,7.2, ,49.7, ,59, ,36, ,1.8, ,236, ,57.2, 
211,3/19/2014,2400,78,0, ,0, ,0, ,7.2, ,48.6, ,62, ,36, ,2.2, ,296, ,56.9, 
211,3/20/2014,0100,79,0, ,0, ,0, ,6.8, ,46.2, ,64, ,34.7, ,2.1, ,326, ,56.6, 
211,3/20/2014,0200,79,0, ,0, ,0, ,7.2, ,46.2, ,67, ,36.1, ,2.1, ,337, ,56.4, 
211,3/20/2014,0300,79,0, ,0, ,0, ,7.6, ,47.7, ,67, ,37.3, ,2.9, ,304, ,56.1, 
211,3/20/2014,0400,79,0, ,0, ,0, ,7.1, ,44.9, ,70, ,35.8, ,2.3, ,166, ,56, 
211,3/20/2014,0500,79,0, ,0, ,0, ,6.9, ,42.3, ,75, ,34.9, ,2.2, ,113, ,55.8, 
211,3/20/2014,0600,79,0, ,0, ,0, ,7.1, ,41.6, ,79, ,35.7, ,1.6, ,315, ,55.6, 
211,3/20/2014,0700,79,0, ,0, ,77, ,7.1, ,42.3, ,77, ,35.8, ,1.9, ,311, ,55.5, 
211,3/20/2014,0800,79,0, ,0, ,280, ,7.8, ,47.6, ,70, ,38.2, ,1.3, ,7, ,55.3, 
211,3/20/2014,0900,79,0.01, ,0, ,859, ,8.5, ,54.9, ,58, ,40.2, ,1.8, ,117, ,55.1, 
211,3/20/2014,1000,79,0.01, ,0, ,1177, ,9.1, ,60, ,51, ,42, ,2.4, ,213, ,55.2, 
211,3/20/2014,1100,79,0.01, ,0, ,1003, ,9, ,64.7, ,43, ,41.7, ,2.5, ,272, ,55.6, 
211,3/20/2014,1200,79,0.02, ,0, ,1423, ,8.6, ,69.5, ,35, ,40.5, ,2.9, ,291, ,56, 
211,3/20/2014,1300,79,0.02, ,0, ,1658, ,8.3, ,73.8, ,29, ,39.6, ,3.9, ,257, ,56.5, 
211,3/20/2014,1400,79,0.02, ,0, ,1585, ,7.7, ,76.2, ,25, ,37.6, ,4.1, ,214, ,57.1, 
211,3/20/2014,1500,79,0.02, ,0, ,1338, ,8.2, ,76.7, ,26, ,39.4, ,6.8, ,192, ,57.8, 
211,3/20/2014,1600,79,0.02, ,0, ,1069, ,8.5, ,76.4, ,27, ,40.2, ,8.5, ,207, ,58.3, 
211,3/20/2014,1700,79,0.01,Y,0, ,671, ,7.1, ,74.5,Y,24,Y,35.6,Y,8.2, ,265, ,58.5, 
211,3/20/2014,1800,79,0.01,Y,0, ,196, ,6.3, ,70.5,Y,25,Y,32.8,Y,6.3, ,282, ,58.5, 
211,3/20/2014,1900,79,0, ,0, ,7, ,9.6, ,62.3, ,50, ,43.6, ,4.4, ,109, ,58.4, 
211,3/20/2014,2000,79,0, ,0, ,0, ,10.3, ,56.3, ,67, ,45.4, ,5.6, ,126, ,58.2, 
211,3/20/2014,2100,79,0, ,0, ,0, ,10.5, ,54.9, ,71, ,45.8, ,3.6, ,123, ,58, 
211,3/20/2014,2200,79,0, ,0, ,0, ,10.2, ,54.2, ,71, ,45, ,2.4, ,113, ,57.8, 
211,3/20/2014,2300,79,0, ,0, ,0, ,9.9, ,51.7, ,76, ,44.4, ,3, ,127, ,57.6, 
211,3/20/2014,2400,79,0, ,0, ,0, ,10, ,51, ,78, ,44.4, ,3.8, ,140, ,57.4, 
211,3/21/2014,0100,80,0, ,0, ,0, ,9.3, ,48.4, ,80, ,42.5, ,2.1, ,101, ,57.2, 
211,3/21/2014,0200,80,0, ,0, ,0, ,9.3, ,47.3, ,84, ,42.8, ,1.9, ,315, ,57, 
211,3/21/2014,0300,80,0, ,0, ,0, ,8.7, ,45.8, ,83, ,41, ,2, ,308, ,56.7, 
211,3/21/2014,0400,80,0, ,0, ,0, ,8.4, ,44.2, ,85, ,39.9, ,2.4, ,98, ,56.5, 
211,3/21/2014,0500,80,0, ,0, ,0, ,8.7, ,43.7, ,89, ,40.8, ,1.6, ,269, ,56.2, 
211,3/21/2014,0600,80,0, ,0, ,0, ,8.1, ,41.7, ,90, ,39, ,1.4, ,114, ,56, 
211,3/21/2014,0700,80,0, ,0, ,30, ,9.5, ,46.2, ,89, ,43.1, ,3.4, ,138, ,55.8, 
211,3/21/2014,0800,80,0, ,0, ,178, ,10.1, ,49.5, ,84, ,44.9, ,4.9, ,147, ,55.7, 
211,3/21/2014,0900,80,0, ,0, ,415, ,10.4, ,51.4, ,80, ,45.5, ,6.2, ,162, ,55.7, 
211,3/21/2014,1000,80,0.01, ,0, ,1072, ,10.5, ,54.2, ,73, ,45.7, ,7.8, ,163, ,55.7, 
211,3/21/2014,1100,80,0.02, ,0, ,1516, ,11, ,57.3, ,68, ,46.9, ,8, ,165, ,55.9, 
211,3/21/2014,1200,80,0.02, ,0, ,1683, ,11.1, ,59.8, ,64, ,47.4, ,6.9, ,166, ,56.2, 
211,3/21/2014,1300,80,0.02, ,0, ,1724, ,11.1, ,62.7, ,57, ,47.3, ,6.2, ,165, ,56.6, 
211,3/21/2014,1400,80,0.02, ,0, ,1628, ,10.6, ,65.7, ,49, ,46.1, ,5.3, ,147, ,57.1, 
211,3/21/2014,1500,80,0.02, ,0, ,1405, ,10.7, ,67.6, ,46, ,46.3, ,6.3, ,171, ,57.7, 
211,3/21/2014,1600,80,0.01, ,0, ,1095, ,9.7, ,66.1, ,44, ,43.6, ,6.5, ,220, ,58.2, 
211,3/21/2014,1700,80,0.01, ,0, ,690, ,9.8, ,63.6, ,49, ,44, ,7.7, ,170, ,58.3, 
211,3/21/2014,1800,80,0, ,0, ,253, ,10.1, ,60.2, ,57, ,44.8, ,5, ,312, ,58.4, 
211,3/21/2014,1900,80,0, ,0, ,12, ,9.9, ,55.5, ,66, ,44.4, ,4.8, ,89, ,58.3, 
211,3/21/2014,2000,80,0, ,0, ,0, ,9.7, ,51.9, ,74, ,43.8, ,5.6, ,107, ,58, 
211,3/21/2014,2100,80,0, ,0, ,0, ,9.7, ,50.3, ,78, ,43.7, ,5.5, ,108, ,57.8, 
211,3/21/2014,2200,80,0, ,0, ,0, ,9.5, ,48.9, ,81, ,43.2, ,4.9, ,112, ,57.5, 
211,3/21/2014,2300,80,0, ,0, ,0, ,9.3, ,47.9, ,82, ,42.8, ,4.7, ,122, ,57.3, 
211,3/21/2014,2400,80,0, ,0, ,0, ,9.3, ,47.2, ,84, ,42.6, ,5.7, ,136, ,57.1, 
211,3/22/2014,0100,81,0, ,0, ,0, ,9.1, ,46.1, ,85, ,42, ,5, ,140, ,56.9, 
211,3/22/2014,0200,81,0, ,0, ,0, ,8.9, ,45.4, ,86, ,41.6, ,5.8, ,142, ,56.7, 
211,3/22/2014,0300,81,0, ,0, ,0, ,9.7, ,48.1, ,85, ,43.7, ,6.2, ,127, ,56.5, 
211,3/22/2014,0400,81,0, ,0, ,0, ,9.7, ,48.5, ,84, ,43.8, ,5.9, ,139, ,56.4, 
211,3/22/2014,0500,81,0, ,0, ,0, ,9.7, ,48.7, ,83, ,43.7, ,6, ,132, ,56.3, 
211,3/22/2014,0600,81,0, ,0, ,0, ,9.6, ,48.7, ,82, ,43.6, ,5.7, ,132, ,56.2, 
211,3/22/2014,0700,81,0, ,0, ,24, ,9.6, ,48.9, ,82, ,43.5, ,5.2, ,130, ,56.1, 
211,3/22/2014,0800,81,0, ,0, ,142, ,10, ,49.3, ,84, ,44.5, ,5, ,129, ,56.1, 
211,3/22/2014,0900,81,0, ,0, ,343, ,10.2, ,49.7, ,84, ,45, ,5.8, ,157, ,56, 
211,3/22/2014,1000,81,0.01, ,0, ,889, ,10.3, ,51.9, ,78, ,45.3, ,4.8, ,130, ,56, 
211,3/22/2014,1100,81,0.02, ,0, ,1537, ,10.7, ,56.4, ,69, ,46.4, ,4.8, ,142, ,56.1, 
211,3/22/2014,1200,81,0.02, ,0, ,1691, ,11.1, ,60.3, ,62, ,47.2, ,5.3, ,135, ,56.4, 
211,3/22/2014,1300,81,0.02, ,0, ,1718, ,11.3, ,63.5, ,56, ,47.7, ,4.7, ,156, ,56.8, 
211,3/22/2014,1400,81,0.02, ,0, ,1613, ,11.2, ,66.9, ,50, ,47.4, ,3.9, ,115, ,57.4, 
211,3/22/2014,1500,81,0.02, ,0, ,1384, ,11.6, ,70.2, ,46, ,48.4, ,5.2, ,24, ,58.1, 
211,3/22/2014,1600,81,0.02, ,0, ,1062, ,11.2, ,70.6, ,44, ,47.6, ,6.3, ,57, ,58.7, 
211,3/22/2014,1700,81,0.01, ,0, ,679, ,10.8, ,65.9, ,50, ,46.7, ,9.9, ,148, ,59.1, 
211,3/22/2014,1800,81,0, ,0, ,266, ,10.8, ,59.9, ,61, ,46.6, ,10.2, ,145, ,59.1, 
211,3/22/2014,1900,81,0, ,0, ,12, ,10.5, ,54.5, ,72, ,45.8, ,7.6, ,122, ,59, 
211,3/22/2014,2000,81,0, ,0, ,0, ,10.4, ,51.7, ,79, ,45.5, ,7.4, ,109, ,58.8, 
211,3/22/2014,2100,81,0, ,0, ,0, ,10.2, ,50.2, ,82, ,45.1, ,6, ,119, ,58.5, 
211,3/22/2014,2200,81,0, ,0, ,0, ,9.9, ,48.6, ,85, ,44.3, ,4.4, ,123, ,58.2, 
211,3/22/2014,2300,81,0, ,0, ,0, ,9.4, ,46.9, ,86, ,42.8, ,3.2, ,127, ,58, 
211,3/22/2014,2400,81,0, ,0, ,0, ,8.9, ,45, ,88, ,41.6, ,2.1, ,147, ,57.7, 
211,3/23/2014,0100,82,0, ,0, ,0, ,9.1, ,44.7, ,90, ,42, ,3, ,188, ,57.5, 
211,3/23/2014,0200,82,0, ,0, ,0, ,9.7, ,46.1, ,91, ,43.6, ,2.7, ,199, ,57.2, 
211,3/23/2014,0300,82,0, ,0, ,0, ,9.7, ,46.8, ,89, ,43.8, ,3, ,171, ,57, 
211,3/23/2014,0400,82,0, ,0, ,0, ,9.9, ,47.2, ,89, ,44.2, ,2.8, ,149, ,56.9, 
211,3/23/2014,0500,82,0, ,0, ,0, ,9.9, ,46.9, ,91, ,44.4, ,2.8, ,89, ,56.8, 
211,3/23/2014,0600,82,0, ,0, ,0, ,9.9, ,46.4, ,92, ,44.2, ,2.8, ,92, ,56.7, 
211,3/23/2014,0700,82,0, ,0, ,19, ,9.7, ,46.1, ,92, ,43.9, ,4, ,82, ,56.7, 
211,3/23/2014,0800,82,0, ,0, ,99, ,9.9, ,46.4, ,93, ,44.4, ,2.8, ,96, ,56.6, 
211,3/23/2014,0900,82,0, ,0, ,216, ,10.1, ,47, ,92, ,44.9, ,3, ,31, ,56.6, 
211,3/23/2014,1000,82,0, ,0, ,417, ,10.5, ,48.7, ,90, ,45.8, ,4.1, ,351, ,56.6, 
211,3/23/2014,1100,82,0.01, ,0, ,1061, ,11, ,51.6, ,85, ,47.1, ,4.1, ,305, ,56.7, 
211,3/23/2014,1200,82,0.02, ,0, ,1677, ,12, ,57.9, ,73, ,49.3, ,2.9, ,220, ,56.9, 
211,3/23/2014,1300,82,0.02, ,0, ,1708, ,12, ,63.5, ,60, ,49.3, ,3.5, ,313, ,57.2, 
211,3/23/2014,1400,82,0.02, ,0, ,1601, ,12.8, ,69, ,53, ,51.1, ,3.1, ,288, ,57.8, 
211,3/23/2014,1500,82,0.02, ,0, ,1380, ,12.8, ,72.5, ,47, ,51.1, ,3.4, ,258, ,58.5, 
211,3/23/2014,1600,82,0.02, ,0, ,1056, ,12.4, ,72.1, ,46, ,50.2, ,6.6, ,151, ,59.2, 
211,3/23/2014,1700,82,0.01, ,0, ,668, ,11.9, ,66.7, ,53, ,49.2, ,9.1, ,143, ,59.5, 
211,3/23/2014,1800,82,0, ,0, ,254, ,11.4, ,62.7, ,59, ,48, ,7.9, ,142, ,59.6, 
211,3/23/2014,1900,82,0, ,0, ,14, ,10.9, ,57.3, ,68, ,46.9, ,6.5, ,138, ,59.5, 
211,3/23/2014,2000,82,0, ,0, ,0, ,10.5, ,53.3, ,76, ,45.9, ,4.8, ,122, ,59.2, 
211,3/23/2014,2100,82,0, ,0, ,0, ,10.4, ,50.9, ,82, ,45.7, ,4.3, ,118, ,58.9, 
211,3/23/2014,2200,82,0, ,0, ,0, ,9.8, ,48.6, ,84, ,43.9, ,2.5, ,121, ,58.7, 
211,3/23/2014,2300,82,0, ,0, ,0, ,9.2, ,46.4, ,86, ,42.4, ,1.6, ,51, ,58.4, 
211,3/23/2014,2400,82,0, ,0, ,0, ,9.2, ,45.2, ,90, ,42.4, ,1.6, ,304, ,58.1, 
211,3/24/2014,0100,83,0, ,0, ,0, ,8.8, ,44.1, ,90, ,41.3, ,2.8, ,314, ,57.8, 
211,3/24/2014,0200,83,0, ,0, ,0, ,8.6, ,43.1, ,91, ,40.7, ,2, ,296, ,57.5, 
211,3/24/2014,0300,83,0, ,0, ,0, ,7.5, ,39.9, ,89, ,37, ,1.2, ,58, ,57.2, 
211,3/24/2014,0400,83,0, ,0, ,0, ,7.7, ,39.8, ,93, ,37.9, ,1.8, ,187, ,56.9, 
211,3/24/2014,0500,83,0, ,0, ,0, ,7.8, ,39.4, ,95, ,38.1, ,2.2, ,313, ,56.6, 
211,3/24/2014,0600,83,0, ,0, ,0, ,7.5, ,38.3, ,96, ,37.3, ,1.7, ,335, ,56.4, 
211,3/24/2014,0700,83,0, ,0, ,110, ,7.7, ,38.7, ,96, ,37.7, ,2.6, ,325, ,56.2, 
211,3/24/2014,0800,83,0, ,0, ,494, ,8.8, ,42.6, ,95, ,41.1, ,3.2, ,144, ,56, 
211,3/24/2014,0900,83,0.01, ,0, ,889, ,10.2, ,50, ,83, ,44.9, ,2.3, ,153, ,55.9, 
211,3/24/2014,1000,83,0.01, ,0, ,1239, ,11.6, ,57, ,73, ,48.4, ,1.9, ,303, ,56, 
211,3/24/2014,1100,83,0.02, ,0, ,1535, ,10.8, ,65.1, ,51, ,46.6, ,2.9, ,293, ,56.4, 
211,3/24/2014,1200,83,0.02, ,0, ,1697, ,9.4, ,71.7, ,35, ,43, ,4.4, ,290, ,57, 
211,3/24/2014,1300,83,0.02, ,0, ,1733, ,8.3, ,75.9, ,27, ,39.6, ,4.4, ,272, ,57.6, 
211,3/24/2014,1400,83,0.02,Y,0, ,1626, ,8.1, ,79.4,Y,24,Y,39.2,Y,4.1, ,297, ,58.2, 
211,3/24/2014,1500,83,0.02,Y,0, ,1403, ,8, ,80.6,Y,22,Y,38.7,Y,5.4, ,296, ,59, 
211,3/24/2014,1600,83,0.02,Y,0, ,1074, ,8.6, ,79.9,Y,25,Y,40.6,Y,10.5, ,318, ,59.6, 
211,3/24/2014,1700,83,0.02,Y,0, ,686, ,8, ,77.5,Y,25,Y,38.9,Y,11.7, ,318, ,59.9, 
211,3/24/2014,1800,83,0.01,Y,0, ,278, ,7.5, ,74.4,Y,26,Y,37.2,Y,10, ,309, ,59.9, 
211,3/24/2014,1900,83,0,Y,0, ,13, ,8, ,68.3,Y,34,Y,38.9,Y,5, ,297, ,59.8, 
211,3/24/2014,2000,83,0, ,0, ,0, ,10.4, ,59.6, ,60, ,45.6, ,5.1, ,131, ,59.6, 
211,3/24/2014,2100,83,0, ,0, ,0, ,10.1, ,57, ,64, ,44.9, ,3.1, ,128, ,59.3, 
211,3/24/2014,2200,83,0, ,0, ,0, ,9.3, ,53.4, ,67, ,42.5, ,2, ,112, ,59.1, 
211,3/24/2014,2300,83,0, ,0, ,0, ,8.7, ,50.3, ,70, ,41, ,3, ,152, ,58.8, 
211,3/24/2014,2400,83,0, ,0, ,0, ,8.5, ,48, ,74, ,40.2, ,2.4, ,51, ,58.5, 
211,3/25/2014,0100,84,0, ,0, ,0, ,8.7, ,48.5, ,75, ,40.8, ,4.1, ,330, ,58.2, 
211,3/25/2014,0200,84,0, ,0, ,0, ,8.8, ,49.2, ,74, ,41.3, ,5.2, ,319, ,57.9, 
211,3/25/2014,0300,84,0, ,0, ,0, ,8.8, ,48, ,77, ,41.2, ,3.8, ,242, ,57.6, 
211,3/25/2014,0400,84,0, ,0, ,0, ,8, ,44.4, ,80, ,38.7, ,2.5, ,144, ,57.4, 
211,3/25/2014,0500,84,0, ,0, ,0, ,7.9, ,42.7, ,84, ,38.3, ,2.1, ,270, ,57.2, 
211,3/25/2014,0600,84,0, ,0, ,1, ,7.6, ,41.2, ,87, ,37.5, ,2, ,309, ,57, 
211,3/25/2014,0700,84,0, ,0, ,163, ,7.6, ,41.4, ,86, ,37.6, ,2.2, ,116, ,56.8, 
211,3/25/2014,0800,84,0, ,0, ,447, ,9.1, ,47.6, ,81, ,42.1, ,2.8, ,160, ,56.5, 
211,3/25/2014,0900,84,0.01, ,0, ,671, ,10, ,51.1, ,78, ,44.5, ,4.3, ,129, ,56.4, 
211,3/25/2014,1000,84,0.01, ,0, ,957, ,10.8, ,55.8, ,71, ,46.7, ,3.9, ,123, ,56.5, 
211,3/25/2014,1100,84,0.02, ,0, ,1541, ,10.8, ,60.6, ,60, ,46.5, ,3.5, ,35, ,56.7, 
211,3/25/2014,1200,84,0.02, ,0, ,1449, ,9.2, ,64, ,45, ,42.3, ,4.3, ,224, ,57.1, 
211,3/25/2014,1300,84,0, ,0, ,356, ,9.4, ,64.5, ,46, ,43, ,4.3, ,238, ,57.5, 
211,3/25/2014,1400,84,0.01, ,0, ,764, ,10, ,65.7, ,46, ,44.5, ,5.3, ,179, ,57.9, 
211,3/25/2014,1500,84,0.02, ,0, ,1240, ,11.5, ,67.3, ,50, ,48.3, ,7.4, ,252, ,58.1, 
211,3/25/2014,1600,84,0.01, ,0, ,536, ,12, ,64.4, ,58, ,49.4, ,8.4, ,252, ,58.3, 
211,3/25/2014,1700,84,0.01, ,0, ,382, ,12.8, ,61.3, ,69, ,51.1, ,7.9, ,272, ,58.5, 
211,3/25/2014,1800,84,0, ,0, ,66, ,12.7, ,58.5, ,76, ,50.9, ,8.2, ,270, ,58.6, 
211,3/25/2014,1900,84,0, ,0, ,3, ,12.8, ,57.2, ,80, ,51, ,6.2, ,288, ,58.6, 
211,3/25/2014,2000,84,0, ,0, ,0, ,12.9, ,55.3, ,87, ,51.3, ,4.4, ,338, ,58.5, 
211,3/25/2014,2100,84,0, ,0, ,0, ,11.8, ,53.7, ,84, ,48.8, ,3.2, ,170, ,58.4, 
211,3/25/2014,2200,84,0, ,0, ,0, ,11.3, ,51.7, ,86, ,47.8, ,2.6, ,106, ,58.2, 
211,3/25/2014,2300,84,0, ,0, ,0, ,11.6, ,52.8, ,85, ,48.4, ,2.1, ,43, ,58, 
211,3/25/2014,2400,84,0, ,0, ,0, ,11.7, ,52.4, ,87, ,48.8, ,3.5, ,146, ,57.9, 
211,3/26/2014,0100,85,0, ,0.07, ,0, ,12.6, ,52.6, ,93, ,50.6, ,3.2, ,159, ,57.7, 
211,3/26/2014,0200,85,0, ,0, ,0, ,12.5, ,52.3, ,93, ,50.4, ,4.3, ,319, ,57.6, 
211,3/26/2014,0300,85,0, ,0, ,0, ,11.8, ,52.3, ,88, ,48.9, ,3.9, ,286, ,57.6, 
211,3/26/2014,0400,85,0, ,0, ,0, ,11.5, ,51.8, ,88, ,48.3, ,1.9, ,298, ,57.5, 
211,3/26/2014,0500,85,0, ,0.01, ,0, ,11.5, ,51.7, ,88, ,48.3, ,2.9, ,150, ,57.4, 
211,3/26/2014,0600,85,0, ,0.01, ,0, ,10.8, ,51.2, ,84, ,46.7, ,2.4, ,222, ,57.4, 
211,3/26/2014,0700,85,0, ,0.01, ,28, ,11.5, ,51.6, ,88, ,48.2, ,4.1, ,134, ,57.3, 
211,3/26/2014,0800,85,0, ,0.09, ,78, ,11.8, ,51.8, ,90, ,48.9, ,4.4, ,173, ,57.2, 
211,3/26/2014,0900,85,0, ,0.14, ,129, ,11.7, ,50.9, ,92, ,48.7, ,5, ,155, ,57.1, 
211,3/26/2014,1000,85,0, ,0.24, ,135, ,11.7, ,50.1, ,95, ,48.7, ,5.9, ,136, ,57, 
211,3/26/2014,1100,85,0, ,0.02, ,442, ,12.3, ,51.9, ,94, ,50.1, ,5.5, ,127, ,56.8, 
211,3/26/2014,1200,85,0, ,0.02, ,428, ,12.5, ,54.5, ,86, ,50.5, ,8, ,218, ,56.7, 
211,3/26/2014,1300,85,0.01, ,0, ,654, ,12.6, ,57.1, ,79, ,50.6, ,7, ,235, ,56.8, 
211,3/26/2014,1400,85,0.01, ,0, ,1108, ,12.7, ,58.9, ,74, ,50.8, ,8.2, ,246, ,57, 
211,3/26/2014,1500,85,0.02, ,0, ,1481, ,12.4, ,60.8, ,68, ,50.2, ,8.5, ,238, ,57.3, 
211,3/26/2014,1600,85,0.01, ,0, ,1093, ,11.7, ,60.7, ,65, ,48.7, ,9.6, ,231, ,57.6, 
211,3/26/2014,1700,85,0.01, ,0, ,683, ,11.7, ,59.2, ,68, ,48.7, ,9.1, ,225, ,57.8, 
211,3/26/2014,1800,85,0, ,0, ,186, ,11.5, ,57, ,72, ,48.1, ,7.2, ,228, ,58, 
211,3/26/2014,1900,85,0, ,0, ,17, ,11.2, ,55, ,75, ,47.4, ,5.4, ,226, ,58, 
211,3/26/2014,2000,85,0, ,0, ,0, ,11.1, ,53.9, ,78, ,47.2, ,5.3, ,233, ,57.9, 
211,3/26/2014,2100,85,0, ,0, ,0, ,10.8, ,52.2, ,81, ,46.7, ,3.2, ,257, ,57.8, 
211,3/26/2014,2200,85,0, ,0, ,0, ,11.2, ,51, ,88, ,47.5, ,3.1, ,59, ,57.7, 
211,3/26/2014,2300,85,0, ,0, ,0, ,11.3, ,51.3, ,88, ,47.8, ,2.8, ,67, ,57.5, 
211,3/26/2014,2400,85,0, ,0.02, ,0, ,11.4, ,50.5, ,91, ,48.1, ,3, ,155, ,57.4, 
211,3/27/2014,0100,86,0, ,0, ,0, ,11.3, ,49.5, ,94, ,47.8, ,2.7, ,140, ,57.3, 
211,3/27/2014,0200,86,0, ,0, ,0, ,10.6, ,47.3, ,95, ,46, ,2, ,140, ,57.2, 
211,3/27/2014,0300,86,0, ,0, ,0, ,10.4, ,46.6, ,96, ,45.5, ,2.7, ,132, ,57, 
211,3/27/2014,0400,86,0, ,0, ,0, ,10.5, ,46.7, ,96, ,45.7, ,2.7, ,141, ,56.9, 
211,3/27/2014,0500,86,0, ,0, ,0, ,10.7, ,47, ,97, ,46.2, ,3.2, ,138, ,56.7, 
211,3/27/2014,0600,86,0, ,0, ,0, ,11.2, ,48.5, ,97, ,47.5, ,3.3, ,166, ,56.6, 
211,3/27/2014,0700,86,0, ,0, ,43, ,11.3, ,48.9, ,96, ,47.7, ,2.5, ,217, ,56.5, 
211,3/27/2014,0800,86,0, ,0, ,208, ,11.4, ,50.1, ,93, ,48.1, ,3.1, ,161, ,56.4, 
211,3/27/2014,0900,86,0, ,0, ,516, ,11.8, ,52.7, ,87, ,49, ,4, ,118, ,56.4, 
211,3/27/2014,1000,86,0.01, ,0, ,1077, ,12.3, ,56.2, ,79, ,49.9, ,4.3, ,125, ,56.5, 
211,3/27/2014,1100,86,0.01, ,0, ,666, ,11.6, ,57.8, ,71, ,48.5, ,3.6, ,197, ,56.7, 
211,3/27/2014,1200,86,0.01, ,0, ,1155, ,11.4, ,60.3, ,64, ,47.9, ,3.1, ,42, ,57, 
211,3/27/2014,1300,86,0.01, ,0, ,1012, ,11.8, ,60.9, ,65, ,49, ,6.2, ,196, ,57.4, 
211,3/27/2014,1400,86,0.01, ,0, ,559, ,11, ,59.5, ,64, ,47.2, ,6, ,251, ,57.8, 
211,3/27/2014,1500,86,0.02, ,0, ,1487, ,11, ,62.1, ,58, ,47, ,7.5, ,263, ,58.1, 
211,3/27/2014,1600,86,0.01, ,0, ,1225, ,11, ,62.2, ,57, ,47, ,6.9, ,269, ,58.3, 
211,3/27/2014,1700,86,0.01, ,0, ,691, ,10.9, ,61.8, ,58, ,46.8, ,5.9, ,260, ,58.6, 
211,3/27/2014,1800,86,0, ,0, ,139, ,10.9, ,58.6, ,65, ,46.8, ,5.1, ,264, ,58.8, 
211,3/27/2014,1900,86,0, ,0, ,10, ,11.1, ,56.9, ,70, ,47.3, ,3.4, ,302, ,58.8, 
211,3/27/2014,2000,86,0, ,0, ,0, ,11.5, ,55, ,78, ,48.2, ,3.6, ,333, ,58.7, 
211,3/27/2014,2100,86,0, ,0, ,0, ,11.4, ,52.6, ,85, ,48.1, ,3.5, ,117, ,58.6, 
211,3/27/2014,2200,86,0, ,0, ,0, ,11.4, ,51.1, ,89, ,48.1, ,3, ,59, ,58.4, 
211,3/27/2014,2300,86,0, ,0, ,0, ,11, ,49.4, ,92, ,47.2, ,2.7, ,124, ,58.2, 
211,3/27/2014,2400,86,0, ,0, ,0, ,11.2, ,49.4, ,93, ,47.4, ,2.7, ,157, ,58, 
211,3/28/2014,0100,87,0, ,0, ,0, ,10.9, ,48.7, ,93, ,46.9, ,4.2, ,160, ,57.8, 
211,3/28/2014,0200,87,0, ,0, ,0, ,10.6, ,48.3, ,92, ,46, ,2.5, ,300, ,57.6, 
211,3/28/2014,0300,87,0, ,0, ,0, ,10.6, ,47.8, ,94, ,46, ,3.2, ,182, ,57.4, 
211,3/28/2014,0400,87,0, ,0, ,0, ,10, ,47.1, ,91, ,44.7, ,5.9, ,151, ,57.3, 
211,3/28/2014,0500,87,0, ,0, ,0, ,9.7, ,46.4, ,91, ,43.8, ,3.1, ,139, ,57.1, 
211,3/28/2014,0600,87,0, ,0, ,0, ,9.6, ,46.1, ,91, ,43.6, ,3.4, ,206, ,57, 
211,3/28/2014,0700,87,0, ,0, ,60, ,9.7, ,46.2, ,91, ,43.7, ,1.8, ,166, ,56.9, 
211,3/28/2014,0800,87,0, ,0, ,256, ,10.3, ,48.9, ,87, ,45.3, ,2.1, ,163, ,56.8, 
211,3/28/2014,0900,87,0.01, ,0, ,691, ,11.3, ,53.6, ,80, ,47.7, ,2.1, ,155, ,56.7, 
211,3/28/2014,1000,87,0.01, ,0, ,1148, ,12.4, ,57.9, ,76, ,50.3, ,3.3, ,118, ,56.8, 
211,3/28/2014,1100,87,0.02, ,0, ,1530, ,13, ,60.4, ,72, ,51.5, ,4.6, ,176, ,57.1, 
211,3/28/2014,1200,87,0.02, ,0, ,1693, ,13.3, ,63.5, ,66, ,52.1, ,4.8, ,149, ,57.5, 
211,3/28/2014,1300,87,0.02, ,0, ,1689, ,13, ,66.1, ,60, ,51.6, ,6.3, ,157, ,57.9, 
211,3/28/2014,1400,87,0.02, ,0, ,1571, ,12.8, ,68.3, ,54, ,51.1, ,6.7, ,178, ,58.4, 
211,3/28/2014,1500,87,0.02, ,0, ,1274, ,11.9, ,68.3, ,50, ,49.2, ,7.7, ,213, ,59, 
211,3/28/2014,1600,87,0.01, ,0, ,926, ,11.2, ,67.3, ,49, ,47.6, ,6.2, ,228, ,59.5, 
211,3/28/2014,1700,87,0.01, ,0, ,657, ,11.3, ,65.8, ,52, ,47.7, ,6.1, ,254, ,59.7, 
211,3/28/2014,1800,87,0, ,0, ,209, ,11.2, ,63, ,57, ,47.4, ,4.4, ,250, ,59.7, 
211,3/28/2014,1900,87,0, ,0, ,20, ,11, ,60.2, ,62, ,47.1, ,3.5, ,263, ,59.7, 
211,3/28/2014,2000,87,0, ,0, ,0, ,11.7, ,57.5, ,73, ,48.8, ,3.1, ,135, ,59.6, 
211,3/28/2014,2100,87,0, ,0, ,0, ,12.5, ,55.6, ,83, ,50.5, ,5.3, ,125, ,59.4, 
211,3/28/2014,2200,87,0, ,0, ,0, ,12.4, ,53.9, ,87, ,50.2, ,4.3, ,119, ,59.2, 
211,3/28/2014,2300,87,0, ,0, ,0, ,11.8, ,51.9, ,90, ,48.9, ,2.9, ,127, ,59, 
211,3/28/2014,2400,87,0, ,0, ,0, ,11.6, ,50.7, ,92, ,48.4, ,2.6, ,113, ,58.9, 
211,3/29/2014,0100,88,0, ,0, ,0, ,11.4, ,50.3, ,92, ,47.9, ,1.6, ,101, ,58.7, 
211,3/29/2014,0200,88,0, ,0, ,0, ,11.2, ,49.3, ,93, ,47.4, ,3.3, ,140, ,58.5, 
211,3/29/2014,0300,88,0, ,0, ,0, ,10.8, ,48.4, ,94, ,46.6, ,4.3, ,154, ,58.3, 
211,3/29/2014,0400,88,0, ,0, ,0, ,10.3, ,47.4, ,93, ,45.4, ,3.9, ,163, ,58.2, 
211,3/29/2014,0500,88,0, ,0, ,0, ,10.3, ,47.6, ,92, ,45.3, ,3.5, ,157, ,58, 
211,3/29/2014,0600,88,0, ,0, ,0, ,10, ,47.1, ,91, ,44.6, ,2.9, ,153, ,57.9, 
211,3/29/2014,0700,88,0, ,0, ,54, ,10.2, ,47.1, ,93, ,45, ,3.4, ,153, ,57.7, 
211,3/29/2014,0800,88,0, ,0, ,358, ,10.7, ,49.2, ,90, ,46.4, ,5.7, ,165, ,57.6, 
211,3/29/2014,0900,88,0.01, ,0, ,740, ,11.6, ,54, ,81, ,48.4, ,5.6, ,162, ,57.6, 
211,3/29/2014,1000,88,0.01, ,0, ,1004, ,12.8, ,59.4, ,74, ,51.1, ,4.3, ,173, ,57.6, 
211,3/29/2014,1100,88,0.01, ,0, ,729, ,13.2, ,61.4, ,71, ,51.9, ,5.9, ,217, ,57.8, 
211,3/29/2014,1200,88,0.01, ,0, ,874, ,13.3, ,62.4, ,69, ,52.2, ,6.8, ,190, ,58.1, 
211,3/29/2014,1300,88,0.01, ,0, ,592, ,13.4, ,62.4, ,70, ,52.4, ,6.7, ,228, ,58.3, 
211,3/29/2014,1400,88,0, ,0.01, ,397, ,13.9, ,60.9, ,76, ,53.4, ,6.9, ,250, ,58.5, 
211,3/29/2014,1500,88,0, ,0, ,241, ,13.7, ,58.7, ,81, ,53, ,3.9, ,234, ,58.7, 
211,3/29/2014,1600,88,0, ,0, ,135, ,13.3, ,58.4, ,79, ,52.1, ,4.2, ,223, ,58.7, 
211,3/29/2014,1700,88,0, ,0.01, ,104, ,13.1, ,58.2, ,79, ,51.7, ,4, ,242, ,58.8, 
211,3/29/2014,1800,88,0, ,0.13, ,25, ,12.8, ,54.3, ,89, ,51.1, ,8.5, ,301, ,58.8, 
211,3/29/2014,1900,88,0, ,0.07, ,3, ,12.1, ,51.6, ,93, ,49.6, ,7.2, ,309, ,58.7, 
211,3/29/2014,2000,88,0, ,0.05, ,0, ,12.1, ,51.5, ,93, ,49.6, ,4.6, ,301, ,58.6, 
211,3/29/2014,2100,88,0, ,0.05, ,0, ,12.2, ,51.4, ,94, ,49.7, ,2.2, ,252, ,58.4, 
211,3/29/2014,2200,88,0, ,0, ,0, ,12.1, ,51, ,95, ,49.6, ,1.9, ,16, ,58.3, 
211,3/29/2014,2300,88,0, ,0.01, ,0, ,12.1, ,50.9, ,95, ,49.5, ,2.3, ,332, ,58.2, 
211,3/29/2014,2400,88,0, ,0.01, ,0, ,11.7, ,50.3, ,94, ,48.7, ,2.3, ,294, ,58, 
211,3/30/2014,0100,89,0, ,0, ,0, ,11.5, ,50.1, ,94, ,48.3, ,2.4, ,292, ,58, 
211,3/30/2014,0200,89,0, ,0, ,0, ,11.2, ,49.1, ,94, ,47.5, ,1.8, ,228, ,57.9, 
211,3/30/2014,0300,89,0, ,0, ,0, ,10.9, ,48.2, ,95, ,46.9, ,1.4, ,281, ,57.8, 
211,3/30/2014,0400,89,0, ,0, ,0, ,10.5, ,47, ,96, ,45.8, ,2.3, ,259, ,57.7, 
211,3/30/2014,0500,89,0, ,0.01, ,0, ,10.3, ,46.6, ,95, ,45.2, ,3.5, ,284, ,57.5, 
211,3/30/2014,0600,89,0, ,0, ,1, ,10, ,45.8, ,95, ,44.5, ,2, ,191, ,57.4, 
211,3/30/2014,0700,89,0, ,0, ,94, ,9.9, ,45.6, ,95, ,44.3, ,2.8, ,292, ,57.3, 
211,3/30/2014,0800,89,0, ,0, ,383, ,10.6, ,48.6, ,91, ,46.1, ,1.3, ,220, ,57.1, 
211,3/30/2014,0900,89,0.01, ,0, ,672, ,11, ,51.6, ,85, ,47.1, ,2.5, ,206, ,57, 
211,3/30/2014,1000,89,0.01, ,0, ,1239, ,11, ,56.3, ,71, ,47.1, ,4.3, ,342, ,57.1, 
211,3/30/2014,1100,89,0.02, ,0, ,1320, ,10.5, ,58.1, ,63, ,45.8, ,4.7, ,327, ,57.3, 
211,3/30/2014,1200,89,0.01, ,0, ,1042, ,9.9, ,58.1, ,60, ,44.2, ,3.7, ,269, ,57.6, 
211,3/30/2014,1300,89,0.01, ,0, ,1110, ,10.8, ,59.5, ,62, ,46.6, ,4.2, ,161, ,58, 
211,3/30/2014,1400,89,0.01, ,0, ,661, ,10.9, ,59, ,64, ,46.7, ,6.3, ,183, ,58.4, 
211,3/30/2014,1500,89,0.02, ,0, ,1239, ,10.7, ,60.3, ,60, ,46.3, ,8.8, ,223, ,58.7, 
211,3/30/2014,1600,89,0.01, ,0, ,1110, ,10, ,59.5, ,58, ,44.7, ,8.4, ,252, ,58.9, 
211,3/30/2014,1700,89,0.01, ,0, ,438, ,10.7, ,57.5, ,66, ,46.4, ,8.1, ,320, ,59.1, 
211,3/30/2014,1800,89,0, ,0, ,267, ,10.5, ,56.9, ,66, ,45.7, ,5.3, ,275, ,59.1, 
211,3/30/2014,1900,89,0, ,0, ,22, ,9.6, ,53.7, ,68, ,43.5, ,5.2, ,253, ,59.1, 
211,3/30/2014,2000,89,0, ,0, ,0, ,9.8, ,51, ,76, ,43.9, ,3.6, ,86, ,59, 
211,3/30/2014,2100,89,0, ,0, ,0, ,10, ,49.2, ,84, ,44.6, ,3.4, ,93, ,58.8, 
211,3/30/2014,2200,89,0, ,0, ,0, ,9.8, ,47.9, ,87, ,44, ,2.5, ,113, ,58.6, 
211,3/30/2014,2300,89,0, ,0, ,0, ,9.5, ,46.2, ,89, ,43.3, ,1.8, ,289, ,58.3, 
211,3/30/2014,2400,89,0, ,0, ,0, ,9.2, ,44.4, ,93, ,42.4, ,2.2, ,331, ,58.1, 
211,3/31/2014,0100,90,0, ,0, ,0, ,8.9, ,43, ,95, ,41.6, ,2, ,313, ,57.8, 
211,3/31/2014,0200,90,0, ,0, ,0, ,8.6, ,41.8, ,95, ,40.5, ,1.4, ,338, ,57.6, 
211,3/31/2014,0300,90,0, ,0, ,0, ,8.5, ,41.3, ,96, ,40.2, ,2.3, ,321, ,57.4, 
211,3/31/2014,0400,90,0, ,0, ,0, ,8.5, ,41.2, ,96, ,40.2, ,1.7, ,240, ,57.1, 
211,3/31/2014,0500,90,0, ,0, ,0, ,8.7, ,41.9, ,96, ,40.9, ,2, ,25, ,56.9, 
211,3/31/2014,0600,90,0, ,0, ,1, ,9, ,42.6, ,97, ,41.7, ,2, ,183, ,56.8, 
211,3/31/2014,0700,90,0, ,0, ,93, ,9.1, ,43, ,97, ,42.1, ,2.1, ,74, ,56.6, 
211,3/31/2014,0800,90,0, ,0, ,231, ,9.9, ,45.5, ,96, ,44.3, ,3.2, ,144, ,56.5, 
211,3/31/2014,0900,90,0.01, ,0, ,731, ,10.4, ,49.9, ,85, ,45.7, ,5.9, ,166, ,56.5, 
211,3/31/2014,1000,90,0.01, ,0, ,1257, ,10.8, ,54.6, ,74, ,46.5, ,5, ,155, ,56.5, 
211,3/31/2014,1100,90,0.01, ,0, ,1118, ,9.8, ,57.9, ,60, ,43.9, ,5.1, ,162, ,56.7, 
211,3/31/2014,1200,90,0.01, ,0, ,813, ,8.8, ,58.7, ,52, ,41.3, ,6.9, ,211, ,57, 
211,3/31/2014,1300,90,0.01, ,0, ,617, ,9.2, ,59.2, ,53, ,42.3, ,9.4, ,182, ,57.3, 
211,3/31/2014,1400,90,0, ,0, ,203, ,9.4, ,55.7, ,62, ,42.9, ,7.6, ,204, ,57.5, 
211,3/31/2014,1500,90,0, ,0.11, ,164, ,10.2, ,50.3, ,82, ,45.1, ,7.8, ,215, ,57.6, 
211,3/31/2014,1600,90,0, ,0.03, ,109, ,9.7, ,48.6, ,84, ,43.8, ,4.6, ,170, ,57.5, 
211,3/31/2014,1700,90,0, ,0, ,127, ,10.1, ,47.9, ,89, ,44.8, ,7.3, ,142, ,57.4, 
211,3/31/2014,1800,90,0, ,0, ,140, ,9.9, ,48.1, ,87, ,44.3, ,5, ,148, ,57.3, 
211,3/31/2014,1900,90,0, ,0.08, ,3, ,9.1, ,45.9, ,87, ,42.2, ,6.1, ,327, ,57.3, 
211,3/31/2014,2000,90,0, ,0.03, ,0, ,9, ,45, ,88, ,41.7, ,2.9, ,121, ,57.2, 
211,3/31/2014,2100,90,0, ,0, ,0, ,8.6, ,42.9, ,92, ,40.6, ,3.2, ,127, ,57, 
211,3/31/2014,2200,90,0, ,0, ,0, ,8.3, ,41.6, ,93, ,39.8, ,2.6, ,144, ,56.8, 
211,3/31/2014,2300,90,0, ,0, ,0, ,8.3, ,41.1, ,95, ,39.7, ,1.7, ,313, ,56.6, 
211,3/31/2014,2400,90,0, ,0, ,0, ,8.4, ,41.2, ,96, ,40, ,2, ,245, ,56.4, 
211,4/1/2014,0100,91,0, ,0, ,0, ,8.7, ,42.1, ,96, ,40.9, ,2, ,154, ,56.2, 
211,4/1/2014,0200,91,0, ,0.02, ,0, ,8.7, ,42.1, ,96, ,41, ,3.2, ,129, ,56.1, 
211,4/1/2014,0300,91,0, ,0.11, ,0, ,8.8, ,42.2, ,96, ,41.1, ,3.1, ,336, ,56, 
211,4/1/2014,0400,91,0, ,0.01, ,0, ,8.9, ,42.6, ,96, ,41.5, ,3, ,151, ,55.8, 
211,4/1/2014,0500,91,0, ,0, ,0, ,9, ,43.1, ,95, ,41.8, ,5.6, ,152, ,55.6, 
211,4/1/2014,0600,91,0, ,0.08, ,0, ,8.9, ,43.1, ,94, ,41.5, ,4.7, ,178, ,55.5, 
211,4/1/2014,0700,91,0, ,0.02, ,29, ,9, ,43.4, ,94, ,41.9, ,3.3, ,123, ,55.4, 
211,4/1/2014,0800,91,0, ,0.06, ,76, ,9.2, ,44.4, ,92, ,42.3, ,6, ,138, ,55.2, 
211,4/1/2014,0900,91,0, ,0.01, ,326, ,9.4, ,46, ,89, ,43, ,5.6, ,141, ,55.1, 
211,4/1/2014,1000,91,0.01, ,0, ,911, ,9.9, ,49.9, ,81, ,44.4, ,5.9, ,156, ,55.1, 
211,4/1/2014,1100,91,0.01, ,0.01, ,576, ,9.8, ,52.3, ,73, ,44, ,3.8, ,129, ,55.1, 
211,4/1/2014,1200,91,0, ,0.04, ,456, ,10.2, ,53.2, ,74, ,45.2, ,3.1, ,30, ,55.3, 
211,4/1/2014,1300,91,0.01, ,0.03, ,735, ,10.3, ,51.7, ,78, ,45.2, ,6.7, ,154, ,55.6, 
211,4/1/2014,1400,91,0.02, ,0, ,1378, ,10.9, ,56.3, ,70, ,46.7, ,6.9, ,144, ,55.9, 
211,4/1/2014,1500,91,0.01, ,0, ,1024, ,9.4, ,57.6, ,58, ,42.9, ,6.7, ,234, ,56.2, 
211,4/1/2014,1600,91,0.01, ,0, ,798, ,9.2, ,55.7, ,61, ,42.4, ,7.3, ,194, ,56.6, 
211,4/1/2014,1700,91,0, ,0, ,244, ,8.7, ,53.6, ,62, ,40.8, ,8.4, ,235, ,56.9, 
211,4/1/2014,1800,91,0, ,0.12, ,21, ,9.5, ,49, ,81, ,43.3, ,5.8, ,219, ,57.1, 
211,4/1/2014,1900,91,0, ,0.08, ,2, ,9.1, ,45.9, ,87, ,42.2, ,4.9, ,301, ,57, 
211,4/1/2014,2000,91,0, ,0, ,0, ,9.1, ,45, ,89, ,42, ,3.5, ,360, ,56.8, 
211,4/1/2014,2100,91,0, ,0, ,0, ,9.2, ,44.7, ,91, ,42.3, ,2.1, ,123, ,56.6, 
211,4/1/2014,2200,91,0, ,0.11, ,0, ,9.3, ,44.8, ,92, ,42.6, ,3.2, ,228, ,56.4, 
211,4/1/2014,2300,91,0, ,0.04, ,0, ,9.4, ,44.4, ,94, ,42.8, ,1.9, ,347, ,56.1, 
211,4/1/2014,2400,91,0, ,0, ,0, ,9.1, ,43.5, ,95, ,42.2, ,2.7, ,278, ,55.9, 
211,4/2/2014,0100,92,0, ,0, ,0, ,9.1, ,43.3, ,96, ,42.2, ,2.1, ,348, ,55.7, 
211,4/2/2014,0200,92,0, ,0, ,0, ,8.7, ,41.7, ,96, ,40.8, ,2.5, ,299, ,55.6, 
211,4/2/2014,0300,92,0, ,0, ,0, ,8.5, ,41.2, ,97, ,40.4, ,2.1, ,278, ,55.4, 
211,4/2/2014,0400,92,0, ,0, ,0, ,8.6, ,41.4, ,97, ,40.7, ,2, ,297, ,55.3, 
211,4/2/2014,0500,92,0, ,0, ,0, ,8.7, ,41.4, ,98, ,40.8, ,2.5, ,291, ,55.2, 
211,4/2/2014,0600,92,0, ,0, ,1, ,8.9, ,41.8, ,99, ,41.5, ,3, ,334, ,55.1, 
211,4/2/2014,0700,92,0, ,0, ,145, ,9, ,42.1, ,99, ,41.8, ,3.2, ,316, ,55, 
211,4/2/2014,0800,92,0, ,0, ,591, ,9.8, ,45.5, ,94, ,44, ,3.9, ,316, ,55, 
211,4/2/2014,0900,92,0.01, ,0, ,998, ,9.7, ,50.5, ,78, ,43.8, ,3.4, ,316, ,55, 
211,4/2/2014,1000,92,0.01, ,0, ,1397, ,9.8, ,53.8, ,69, ,44.1, ,3.4, ,178, ,55, 
211,4/2/2014,1100,92,0.02, ,0, ,1859,Y,10, ,56.5, ,64, ,44.7, ,3.5, ,117, ,55.2, 
211,4/2/2014,1200,92,0.01, ,0, ,1170, ,9.5, ,56.8, ,60, ,43.3, ,4, ,217, ,55.7, 
211,4/2/2014,1300,92,0.02, ,0, ,1399, ,9.5, ,59, ,56, ,43.2, ,4, ,330, ,56.2, 
211,4/2/2014,1400,92,0.02, ,0, ,1749, ,9.9, ,60.9, ,54, ,44.2, ,5.5, ,307, ,56.7, 
211,4/2/2014,1500,92,0.02, ,0, ,1133, ,9.5, ,62, ,50, ,43.3, ,8.3, ,331, ,57.3, 
211,4/2/2014,1600,92,0.02, ,0, ,1195, ,9.6, ,62.4, ,50, ,43.5, ,10.5, ,318, ,57.8, 
211,4/2/2014,1700,92,0.01, ,0, ,792, ,9.4, ,61.4, ,50, ,42.8, ,11.2, ,314, ,58.2, 
211,4/2/2014,1800,92,0, ,0, ,236, ,9.2, ,59.1, ,54, ,42.3, ,8.6, ,308, ,58.3, 
211,4/2/2014,1900,92,0, ,0, ,29, ,9.1, ,56.4, ,58, ,42, ,4.5, ,286, ,58.2, 
211,4/2/2014,2000,92,0, ,0, ,0, ,9.6, ,53, ,70, ,43.5, ,2.5, ,17, ,58.1, 
211,4/2/2014,2100,92,0, ,0, ,0, ,9.6, ,49.4, ,80, ,43.4, ,2.2, ,346, ,57.8, 
211,4/2/2014,2200,92,0, ,0, ,0, ,9.2, ,47.4, ,82, ,42.3, ,3.1, ,295, ,57.6, 
211,4/2/2014,2300,92,0, ,0, ,0, ,9, ,46.1, ,85, ,41.7, ,3.2, ,323, ,57.3, 
211,4/2/2014,2400,92,0, ,0, ,0, ,8.8, ,44.2, ,89, ,41.2, ,2.5, ,337, ,57, 
211,4/3/2014,0100,93,0, ,0, ,0, ,8.5, ,42.1, ,93, ,40.2, ,1.6, ,176, ,56.8, 
211,4/3/2014,0200,93,0, ,0, ,0, ,8.3, ,41.1, ,94, ,39.6, ,1.8, ,328, ,56.5, 
211,4/3/2014,0300,93,0, ,0, ,0, ,7.9, ,39.9, ,95, ,38.6, ,1.6, ,325, ,56.2, 
211,4/3/2014,0400,93,0, ,0, ,0, ,7.9, ,39.6, ,96, ,38.5, ,1.8, ,305, ,56, 
211,4/3/2014,0500,93,0, ,0, ,0, ,7.5, ,38.2, ,96, ,37.2, ,1.9, ,340, ,55.8, 
211,4/3/2014,0600,93,0, ,0, ,2, ,7.8, ,38.9, ,97, ,38.1, ,2.2, ,306, ,55.6, 
211,4/3/2014,0700,93,0, ,0, ,88, ,8, ,39.4, ,97, ,38.7, ,2, ,334, ,55.4, 
211,4/3/2014,0800,93,0, ,0, ,440, ,9.2, ,43.5, ,96, ,42.5, ,1.8, ,321, ,55.2, 
211,4/3/2014,0900,93,0.01, ,0, ,888, ,9.8, ,49, ,83, ,44, ,2.2, ,313, ,55.1, 
211,4/3/2014,1000,93,0.01, ,0, ,1348, ,10.6, ,55, ,72, ,46, ,3, ,166, ,55.2, 
211,4/3/2014,1100,93,0.02, ,0, ,1572, ,10, ,59, ,59, ,44.6, ,3.9, ,174, ,55.4, 
211,4/3/2014,1200,93,0.02, ,0, ,1597, ,10.1, ,61.5, ,54, ,44.7, ,6.1, ,165, ,55.8, 
211,4/3/2014,1300,93,0.02, ,0, ,1654, ,9.7, ,63.1, ,49, ,43.8, ,5.9, ,203, ,56.3, 
211,4/3/2014,1400,93,0.02, ,0, ,1743, ,9.5, ,63, ,48, ,43.1, ,8.4, ,254, ,56.8, 
211,4/3/2014,1500,93,0.02, ,0, ,1441, ,8.6, ,62.9, ,44, ,40.7, ,7.6, ,257, ,57.3, 
211,4/3/2014,1600,93,0.02, ,0, ,1168, ,8.5, ,62.6, ,44, ,40.4, ,7.5, ,250, ,57.8, 
211,4/3/2014,1700,93,0.01, ,0, ,584, ,8.5, ,60.3, ,47, ,40.2, ,7.8, ,255, ,58.1, 
211,4/3/2014,1800,93,0, ,0, ,212, ,8.1, ,57.7, ,50, ,39.1, ,6.2, ,270, ,58.2, 
211,4/3/2014,1900,93,0, ,0, ,23, ,8.4, ,55.4, ,56, ,40, ,6.6, ,276, ,58.2, 
211,4/3/2014,2000,93,0, ,0, ,0, ,8.4, ,54.2, ,58, ,40, ,3.6, ,234, ,58, 
211,4/3/2014,2100,93,0, ,0, ,0, ,9.2, ,53.5, ,66, ,42.3, ,2.7, ,200, ,57.9, 
211,4/3/2014,2200,93,0, ,0, ,0, ,9.6, ,52.3, ,72, ,43.6, ,2.4, ,151, ,57.7, 
211,4/3/2014,2300,93,0, ,0, ,0, ,10.3, ,50.5, ,82, ,45.4, ,2.4, ,116, ,57.5, 
211,4/3/2014,2400,93,0, ,0, ,0, ,10, ,48.2, ,87, ,44.6, ,2.1, ,115, ,57.4, 
211,4/4/2014,0100,94,0, ,0, ,0, ,9.4, ,45.6, ,90, ,42.9, ,1.5, ,99, ,57.2, 
211,4/4/2014,0200,94,0, ,0, ,0, ,9, ,43.7, ,92, ,41.7, ,1.4, ,118, ,57, 
211,4/4/2014,0300,94,0, ,0, ,0, ,9.3, ,44.3, ,94, ,42.7, ,1.4, ,275, ,56.7, 
211,4/4/2014,0400,94,0, ,0, ,0, ,9.7, ,45.2, ,95, ,43.8, ,1.5, ,149, ,56.5, 
211,4/4/2014,0500,94,0, ,0, ,0, ,10, ,46, ,95, ,44.6, ,1.7, ,169, ,56.3, 
211,4/4/2014,0600,94,0, ,0, ,1, ,10.1, ,46.5, ,94, ,44.8, ,1.9, ,149, ,56.2, 
211,4/4/2014,0700,94,0, ,0, ,48, ,10.1, ,47.3, ,91, ,44.8, ,4, ,141, ,56.1, 
211,4/4/2014,0800,94,0, ,0, ,478, ,10.6, ,50.1, ,86, ,46.1, ,5.7, ,166, ,56.1, 
211,4/4/2014,0900,94,0, ,0, ,439, ,10.9, ,51.7, ,83, ,46.8, ,5.6, ,161, ,56.1, 
211,4/4/2014,1000,94,0.01, ,0, ,735, ,10.8, ,53.2, ,78, ,46.6, ,4.2, ,283, ,56.2, 
211,4/4/2014,1100,94,0.01, ,0, ,1067, ,11, ,57, ,69, ,47, ,4.6, ,331, ,56.3, 
211,4/4/2014,1200,94,0, ,0.06, ,276, ,10.9, ,54.2, ,76, ,46.8, ,6.3, ,318, ,56.6, 
211,4/4/2014,1300,94,0.01, ,0.01, ,809, ,11.6, ,53.1, ,84, ,48.4, ,5, ,265, ,56.9, 
211,4/4/2014,1400,94,0, ,0.1, ,417, ,11.4, ,53, ,83, ,48, ,6, ,325, ,57.1, 
211,4/4/2014,1500,94,0, ,0.02, ,493, ,11.4, ,53.5, ,82, ,48.1, ,3.7, ,268, ,57.3, 
211,4/4/2014,1600,94,0, ,0, ,427, ,11.4, ,54.6, ,78, ,47.9, ,2.7, ,103, ,57.5, 
211,4/4/2014,1700,94,0, ,0.05, ,136, ,11.3, ,53.4, ,81, ,47.8, ,3.8, ,214, ,57.6, 
211,4/4/2014,1800,94,0, ,0, ,112, ,11.4, ,52.1, ,86, ,48, ,3.9, ,116, ,57.7, 
211,4/4/2014,1900,94,0, ,0, ,20, ,11, ,51.8, ,84, ,47.1, ,2.3, ,96, ,57.7, 
211,4/4/2014,2000,94,0, ,0, ,0, ,11, ,50.5, ,88, ,47.2, ,2, ,299, ,57.7, 
211,4/4/2014,2100,94,0, ,0, ,0, ,10.4, ,49.4, ,87, ,45.6, ,3.6, ,301, ,57.6, 
211,4/4/2014,2200,94,0, ,0, ,0, ,9.9, ,47.4, ,89, ,44.4, ,4, ,294, ,57.4, 
211,4/4/2014,2300,94,0, ,0, ,0, ,9.7, ,45.9, ,93, ,43.9, ,2.3, ,346, ,57.2, 
211,4/4/2014,2400,94,0, ,0, ,0, ,9.6, ,45, ,95, ,43.6, ,2.3, ,164, ,57, 
211,4/5/2014,0100,95,0, ,0, ,0, ,10.1, ,46, ,95, ,44.7, ,1.6, ,218, ,56.8, 
211,4/5/2014,0200,95,0, ,0, ,0, ,10.1, ,46, ,95, ,44.8, ,1.9, ,272, ,56.7, 
211,4/5/2014,0300,95,0, ,0, ,0, ,10.3, ,46.7, ,95, ,45.3, ,1.6, ,88, ,56.5, 
211,4/5/2014,0400,95,0, ,0, ,0, ,10.3, ,46.9, ,95, ,45.4, ,2.3, ,192, ,56.4, 
211,4/5/2014,0500,95,0, ,0, ,0, ,10.4, ,47.2, ,94, ,45.5, ,2.1, ,134, ,56.4, 
211,4/5/2014,0600,95,0, ,0, ,1, ,10.5, ,47.7, ,93, ,45.8, ,2, ,187, ,56.3, 
211,4/5/2014,0700,95,0, ,0, ,69, ,10.7, ,48.4, ,93, ,46.4, ,1.4, ,180, ,56.3, 
211,4/5/2014,0800,95,0, ,0, ,303, ,11, ,50.7, ,87, ,47.1, ,4, ,300, ,56.2, 
211,4/5/2014,0900,95,0.01, ,0, ,746, ,11.4, ,53.6, ,81, ,47.9, ,8.2, ,314, ,56.2, 
211,4/5/2014,1000,95,0.02, ,0, ,1358, ,11.5, ,56.4, ,74, ,48.2, ,10.5, ,305, ,56.4, 
211,4/5/2014,1100,95,0.02, ,0, ,1608, ,12, ,59.2, ,69, ,49.3, ,10, ,323, ,56.5, 
211,4/5/2014,1200,95,0.02, ,0, ,1766, ,12, ,62.1, ,63, ,49.4, ,9.8, ,324, ,56.8, 
211,4/5/2014,1300,95,0.02, ,0, ,1786, ,11.4, ,64.6, ,55, ,48, ,11.8, ,317, ,57.2, 
211,4/5/2014,1400,95,0.03, ,0, ,1689, ,10.2, ,66.6, ,46, ,44.9, ,12.3, ,311, ,57.6, 
211,4/5/2014,1500,95,0.02, ,0, ,1468, ,9.6, ,67.5, ,42, ,43.4, ,11.8, ,313, ,58.1, 
211,4/5/2014,1600,95,0.02, ,0, ,1149, ,9.1, ,67.8, ,39, ,42.2, ,12.2, ,317, ,58.5, 
211,4/5/2014,1700,95,0.01, ,0, ,762, ,8.9, ,66.7, ,40, ,41.4, ,13.5, ,309, ,58.8, 
211,4/5/2014,1800,95,0.01, ,0, ,354, ,9.3, ,63.7, ,46, ,42.7, ,13.6, ,313, ,58.8, 
211,4/5/2014,1900,95,0, ,0, ,33, ,9.7, ,59.7, ,55, ,43.6, ,9.9, ,310, ,58.7, 
211,4/5/2014,2000,95,0, ,0, ,0, ,10.5, ,56.7, ,67, ,45.8, ,7.6, ,300, ,58.6, 
211,4/5/2014,2100,95,0, ,0, ,0, ,10.4, ,55.4, ,70, ,45.7, ,5.8, ,293, ,58.4, 
211,4/5/2014,2200,95,0, ,0, ,0, ,10.4, ,52.5, ,77, ,45.5, ,5.2, ,316, ,58.2, 
211,4/5/2014,2300,95,0, ,0, ,0, ,10.2, ,49.7, ,84, ,45.1, ,4.3, ,326, ,57.9, 
211,4/5/2014,2400,95,0, ,0, ,0, ,10.2, ,48.5, ,88, ,45, ,2.7, ,328, ,57.7, 
211,4/6/2014,0100,96,0, ,0, ,0, ,10, ,47.4, ,89, ,44.4, ,2, ,325, ,57.5, 
211,4/6/2014,0200,96,0, ,0, ,0, ,9.5, ,45.1, ,92, ,43.1, ,1.4, ,153, ,57.3, 
211,4/6/2014,0300,96,0, ,0, ,0, ,9.1, ,43.5, ,94, ,42, ,1.5, ,319, ,57, 
211,4/6/2014,0400,96,0, ,0, ,0, ,8.8, ,42.5, ,95, ,41.2, ,1.7, ,325, ,56.8, 
211,4/6/2014,0500,96,0, ,0, ,0, ,8.6, ,41.7, ,96, ,40.5, ,2.2, ,319, ,56.6, 
211,4/6/2014,0600,96,0, ,0, ,5, ,8.5, ,41.5, ,96, ,40.5, ,2.8, ,314, ,56.4, 
211,4/6/2014,0700,96,0, ,0, ,215, ,9, ,42.7, ,96, ,41.7, ,2.1, ,309, ,56.1, 
211,4/6/2014,0800,96,0, ,0, ,597, ,10.5, ,48.8, ,89, ,45.7, ,2.3, ,309, ,56, 
211,4/6/2014,0900,96,0.01, ,0, ,999, ,11.2, ,55.3, ,75, ,47.6, ,2.2, ,292, ,55.9, 
211,4/6/2014,1000,96,0.02, ,0, ,1337, ,12, ,60.2, ,67, ,49.4, ,2.6, ,14, ,56, 
211,4/6/2014,1100,96,0.02, ,0, ,1581, ,12.7, ,63.8, ,63, ,50.9, ,3, ,266, ,56.2, 
211,4/6/2014,1200,96,0.02, ,0, ,1743, ,12.8, ,67.8, ,55, ,51.1, ,6.2, ,306, ,56.7, 
211,4/6/2014,1300,96,0.02, ,0, ,1737, ,13.3, ,70.6, ,52, ,52.1, ,5.1, ,308, ,57.3, 
211,4/6/2014,1400,96,0.02, ,0, ,1660, ,13.2, ,73.8, ,46, ,52, ,4.5, ,323, ,57.9, 
211,4/6/2014,1500,96,0.02, ,0, ,1447, ,13.6, ,76.3, ,44, ,52.7, ,4.2, ,161, ,58.7, 
211,4/6/2014,1600,96,0.02, ,0, ,1136, ,12.7, ,77.5, ,39, ,50.8, ,6.4, ,293, ,59.4, 
211,4/6/2014,1700,96,0.01, ,0, ,757, ,12.1, ,77.2, ,38, ,49.6, ,7.5, ,310, ,59.8, 
211,4/6/2014,1800,96,0.01, ,0, ,351, ,13.2, ,74.1, ,46, ,52, ,4.5, ,230, ,60.1, 
211,4/6/2014,1900,96,0, ,0, ,38, ,12.4, ,71.1, ,48, ,50.2, ,5.9, ,290, ,60.1, 
211,4/6/2014,2000,96,0, ,0, ,0, ,12.6, ,66.7, ,56, ,50.7, ,5.9, ,323, ,60, 
211,4/6/2014,2100,96,0, ,0, ,0, ,12.3, ,64.1, ,60, ,49.9, ,4.4, ,310, ,59.8, 
211,4/6/2014,2200,96,0, ,0, ,0, ,12.1, ,61.3, ,65, ,49.6, ,4.9, ,307, ,59.6, 
211,4/6/2014,2300,96,0, ,0, ,0, ,11.9, ,58.1, ,72, ,49.2, ,4.1, ,338, ,59.3, 
211,4/6/2014,2400,96,0, ,0, ,0, ,11.9, ,54.8, ,81, ,49.2, ,2.6, ,169, ,59.1, 
211,4/7/2014,0100,97,0, ,0, ,0, ,11.6, ,52, ,88, ,48.5, ,1.6, ,316, ,58.9, 
211,4/7/2014,0200,97,0, ,0, ,0, ,11.3, ,50.8, ,89, ,47.8, ,2, ,328, ,58.6, 
211,4/7/2014,0300,97,0, ,0, ,0, ,11, ,49.4, ,91, ,47, ,2, ,307, ,58.4, 
211,4/7/2014,0400,97,0, ,0, ,0, ,10.8, ,48.7, ,92, ,46.6, ,2.5, ,304, ,58.1, 
211,4/7/2014,0500,97,0, ,0, ,0, ,10.2, ,47, ,93, ,45.2, ,2.3, ,333, ,57.9, 
211,4/7/2014,0600,97,0, ,0, ,6, ,10.3, ,47, ,93, ,45.2, ,2.1, ,297, ,57.7, 
211,4/7/2014,0700,97,0, ,0, ,226, ,10.7, ,48.7, ,92, ,46.4, ,1.2, ,8, ,57.5, 
211,4/7/2014,0800,97,0.01, ,0, ,616, ,12, ,55.1, ,81, ,49.3, ,2.4, ,315, ,57.3, 
211,4/7/2014,0900,97,0.01, ,0, ,1007, ,13, ,61.7, ,69, ,51.5, ,2.9, ,305, ,57.2, 
211,4/7/2014,1000,97,0.02, ,0, ,1349, ,13.6, ,67.9, ,58, ,52.8, ,4.3, ,294, ,57.3, 
211,4/7/2014,1100,97,0.02, ,0, ,1610, ,13.8, ,73.1, ,50, ,53.2, ,5.9, ,299, ,57.6, 
211,4/7/2014,1200,97,0.03, ,0, ,1759, ,13.5, ,77.2, ,42, ,52.6, ,5, ,298, ,58.1, 
211,4/7/2014,1300,97,0.03, ,0, ,1782, ,13.9, ,81, ,39, ,53.4, ,4.1, ,331, ,58.7, 
211,4/7/2014,1400,97,0.03, ,0, ,1681, ,12.3, ,83, ,32, ,50.1, ,4, ,342, ,59.3, 
211,4/7/2014,1500,97,0.02, ,0, ,1453, ,12.3, ,84.2, ,31, ,50, ,4.4, ,297, ,60.1, 
211,4/7/2014,1600,97,0.02, ,0, ,1138, ,11.9, ,84.7, ,29, ,49.1, ,4.8, ,294, ,60.9, 
211,4/7/2014,1700,97,0.01,Y,0, ,753, ,12.5, ,84.6,Y,31,Y,50.4,Y,4.1, ,243, ,61.3, 
211,4/7/2014,1800,97,0.01,Y,0, ,351, ,14.2, ,80.3,Y,40,Y,53.9,Y,6, ,156, ,61.5, 
211,4/7/2014,1900,97,0,Y,0, ,37, ,13.8, ,74.2,Y,48,Y,53.2,Y,4.5, ,115, ,61.5, 
211,4/7/2014,2000,97,0,Y,0, ,0, ,13.1, ,69.3,Y,54,Y,51.7,Y,4.6, ,130, ,61.4, 
211,4/7/2014,2100,97,0,Y,0, ,0, ,12.9, ,66.9,Y,57,Y,51.4,Y,2.9, ,202, ,61.1, 
211,4/7/2014,2200,97,0,Y,0, ,0, ,13.1, ,63.7,Y,65,Y,51.7,Y,2.3, ,224, ,60.9, 
211,4/7/2014,2300,97,0,Y,0, ,0, ,13.4, ,60.7,Y,74,Y,52.4,Y,2, ,253, ,60.6, 
211,4/7/2014,2400,97,0, ,0, ,0, ,13.2, ,58.2, ,79, ,51.8, ,1.7, ,139, ,60.4, 
211,4/8/2014,0100,98,0, ,0, ,0, ,13, ,56, ,85, ,51.6, ,1.6, ,317, ,60.1, 
211,4/8/2014,0200,98,0, ,0, ,0, ,12.6, ,54.4, ,87, ,50.7, ,1.8, ,327, ,59.8, 
211,4/8/2014,0300,98,0, ,0, ,0, ,12.4, ,53, ,90, ,50.2, ,2.3, ,309, ,59.5, 
211,4/8/2014,0400,98,0, ,0, ,0, ,12.1, ,51.9, ,92, ,49.6, ,2.9, ,314, ,59.3, 
211,4/8/2014,0500,98,0, ,0, ,0, ,12, ,51.4, ,93, ,49.3, ,2.2, ,299, ,59, 
211,4/8/2014,0600,98,0, ,0, ,8, ,11, ,48.9, ,93, ,47, ,2.3, ,151, ,58.8, 
211,4/8/2014,0700,98,0, ,0, ,230, ,12, ,51.3, ,93, ,49.4, ,1.2, ,138, ,58.6, 
211,4/8/2014,0800,98,0.01, ,0, ,565, ,13.5, ,57.2, ,84, ,52.5, ,3, ,185, ,58.4, 
211,4/8/2014,0900,98,0.01, ,0, ,962, ,14.5, ,62.4, ,75, ,54.5, ,2.3, ,139, ,58.4, 
211,4/8/2014,1000,98,0.02, ,0, ,1320, ,15, ,68.9, ,62, ,55.4, ,2.2, ,310, ,58.5, 
211,4/8/2014,1100,98,0.02, ,0, ,1590, ,15.5, ,73.9, ,54, ,56.3, ,2.8, ,268, ,58.8, 
211,4/8/2014,1200,98,0.03, ,0, ,1751, ,14.8, ,79.1, ,44, ,55.1, ,2.9, ,280, ,59.3, 
211,4/8/2014,1300,98,0.03, ,0, ,1790, ,12, ,82.6, ,32, ,49.5, ,3.9, ,163, ,59.9, 
211,4/8/2014,1400,98,0.03, ,0, ,1708, ,11.2, ,84.3, ,28, ,47.5, ,4.7, ,157, ,60.6, 
211,4/8/2014,1500,98,0.02, ,0, ,1415, ,12.2, ,84.2, ,30, ,49.8, ,7.3, ,205, ,61.3, 
211,4/8/2014,1600,98,0.02, ,0, ,1094, ,9.7, ,82.5, ,25, ,43.6, ,6.6, ,265, ,61.8, 
211,4/8/2014,1700,98,0.01, ,0, ,665, ,13.7, ,76.6, ,44, ,53, ,7.4, ,121, ,62, 
211,4/8/2014,1800,98,0.01, ,0, ,331, ,12.9, ,72.4, ,47, ,51.2, ,8.4, ,129, ,62.1, 
211,4/8/2014,1900,98,0, ,0, ,35, ,12.4, ,65.7, ,57, ,50.3, ,9.4, ,134, ,62, 
211,4/8/2014,2000,98,0, ,0, ,0, ,12.4, ,59.4, ,72, ,50.3, ,7.5, ,138, ,61.8, 
211,4/8/2014,2100,98,0, ,0, ,0, ,12.3, ,56.4, ,79, ,50, ,5.2, ,158, ,61.5, 
211,4/8/2014,2200,98,0, ,0, ,0, ,12.1, ,54.1, ,85, ,49.6, ,2.5, ,97, ,61.3, 
211,4/8/2014,2300,98,0, ,0, ,0, ,11.8, ,52.6, ,87, ,49, ,2.6, ,127, ,61, 
211,4/8/2014,2400,98,0, ,0, ,0, ,11.5, ,51.4, ,89, ,48.2, ,2.9, ,128, ,60.7, 
211,4/9/2014,0100,99,0, ,0, ,0, ,11.4, ,50.8, ,90, ,48, ,1.8, ,97, ,60.4, 
211,4/9/2014,0200,99,0, ,0, ,0, ,11.2, ,49.9, ,91, ,47.4, ,1.9, ,124, ,60.1, 
211,4/9/2014,0300,99,0, ,0, ,0, ,10.8, ,48.8, ,92, ,46.6, ,1.9, ,113, ,59.9, 
211,4/9/2014,0400,99,0, ,0, ,0, ,10.8, ,48.3, ,94, ,46.7, ,3.1, ,114, ,59.6, 
211,4/9/2014,0500,99,0, ,0, ,0, ,11, ,48.2, ,96, ,47.1, ,3.8, ,123, ,59.4, 
211,4/9/2014,0600,99,0, ,0, ,3, ,11.4, ,48.9, ,97, ,48.1, ,4.2, ,137, ,59.2, 
211,4/9/2014,0700,99,0, ,0, ,73, ,11.5, ,48.8, ,98, ,48.2, ,4, ,134, ,59.1, 
211,4/9/2014,0800,99,0, ,0, ,153, ,11.6, ,48.7, ,99, ,48.5, ,3.1, ,149, ,59, 
211,4/9/2014,0900,99,0, ,0, ,585, ,12.2, ,50.1, ,99, ,49.8, ,2.9, ,270, ,59, 
211,4/9/2014,1000,99,0.01, ,0, ,1367, ,13.3, ,57.1, ,83, ,52.1, ,2.6, ,307, ,59, 
211,4/9/2014,1100,99,0.02, ,0, ,1571, ,13.1, ,64.1, ,64, ,51.7, ,2.7, ,226, ,59.3, 
211,4/9/2014,1200,99,0.02, ,0, ,1720, ,13.7, ,69.9, ,55, ,53, ,2.9, ,154, ,59.7, 
211,4/9/2014,1300,99,0.02, ,0, ,1830, ,12.7, ,74.5, ,44, ,50.9, ,3.9, ,267, ,60.2, 
211,4/9/2014,1400,99,0.02, ,0, ,1728, ,10.7, ,78.7, ,32, ,46.3, ,4, ,267, ,60.8, 
211,4/9/2014,1500,99,0.02, ,0, ,1494, ,10.7, ,81.3, ,29, ,46.2, ,4.5, ,290, ,61.5, 
211,4/9/2014,1600,99,0.02, ,0, ,1164, ,10.9, ,81.9, ,29, ,46.7, ,8.5, ,324, ,62.1, 
211,4/9/2014,1700,99,0.01, ,0, ,762, ,13.5, ,77.5, ,42, ,52.5, ,7, ,88, ,62.5, 
211,4/9/2014,1800,99,0.01, ,0, ,404, ,13.4, ,71.4, ,51, ,52.4, ,7.5, ,131, ,62.5, 
211,4/9/2014,1900,99,0, ,0, ,48, ,12.9, ,64.8, ,62, ,51.4, ,6.4, ,142, ,62.3, 
211,4/9/2014,2000,99,0, ,0, ,0, ,12.4, ,58.3, ,75, ,50.3, ,5.5, ,122, ,62.1, 
211,4/9/2014,2100,99,0, ,0, ,0, ,11.8, ,55, ,80, ,48.9, ,5, ,118, ,61.8, 
211,4/9/2014,2200,99,0, ,0, ,0, ,11.5, ,52.9, ,84, ,48.2, ,3.3, ,103, ,61.5, 
211,4/9/2014,2300,99,0, ,0, ,0, ,11.1, ,51.8, ,85, ,47.3, ,2.8, ,143, ,61.2, 
211,4/9/2014,2400,99,0, ,0, ,0, ,10.8, ,50, ,88, ,46.6, ,2.7, ,133, ,60.9, 
211,4/10/2014,0100,100,0, ,0, ,0, ,10.5, ,48.2, ,92, ,45.9, ,2.4, ,121, ,60.5, 
211,4/10/2014,0200,100,0, ,0, ,0, ,10.1, ,46.5, ,93, ,44.7, ,1.3, ,7, ,60.2, 
211,4/10/2014,0300,100,0, ,0, ,0, ,10, ,46, ,94, ,44.5, ,1.6, ,145, ,59.9, 
211,4/10/2014,0400,100,0, ,0, ,0, ,9.3, ,44.3, ,94, ,42.8, ,1.9, ,60, ,59.6, 
211,4/10/2014,0500,100,0, ,0, ,0, ,9.5, ,44.5, ,95, ,43.3, ,1.4, ,121, ,59.4, 
211,4/10/2014,0600,100,0, ,0, ,5, ,9.3, ,43.7, ,96, ,42.7, ,1.8, ,357, ,59.1, 
211,4/10/2014,0700,100,0, ,0, ,104, ,10.9, ,47.1, ,99, ,46.8, ,3.6, ,322, ,58.9, 
211,4/10/2014,0800,100,0, ,0, ,280, ,12, ,49.6, ,99, ,49.5, ,4, ,308, ,58.7, 
211,4/10/2014,0900,100,0.01, ,0, ,984, ,13.3, ,53.3, ,96, ,52.1, ,4.1, ,297, ,58.7, 
211,4/10/2014,1000,100,0.02, ,0, ,1417, ,13.6, ,61.8, ,72, ,52.7, ,3.9, ,284, ,58.9, 
211,4/10/2014,1100,100,0.02, ,0, ,1673, ,12.9, ,68.8, ,54, ,51.3, ,3.2, ,277, ,59.2, 
211,4/10/2014,1200,100,0.02, ,0, ,1803, ,13, ,74.4, ,45, ,51.4, ,3.2, ,261, ,59.8, 
211,4/10/2014,1300,100,0.03, ,0, ,1825, ,12.6, ,79.3, ,37, ,50.7, ,3.6, ,330, ,60.3, 
211,4/10/2014,1400,100,0.03, ,0, ,1728, ,11, ,82.1, ,29, ,47, ,4.2, ,21, ,61, 
211,4/10/2014,1500,100,0.02, ,0, ,1392, ,10.6, ,83.6, ,27, ,46.1, ,4.6, ,290, ,61.7, 
211,4/10/2014,1600,100,0.02, ,0, ,932, ,12.6, ,82.1, ,34, ,50.6, ,5, ,165, ,62.3, 
211,4/10/2014,1700,100,0.01, ,0, ,529, ,13.5, ,74.9, ,46, ,52.5, ,7.6, ,125, ,62.6, 
211,4/10/2014,1800,100,0.01, ,0, ,178, ,12.4, ,67.3, ,54, ,50.3, ,9, ,132, ,62.6, 
211,4/10/2014,1900,100,0, ,0, ,23, ,12.5, ,59.3, ,73, ,50.4, ,8.7, ,123, ,62.4, 
211,4/10/2014,2000,100,0, ,0, ,0, ,12.2, ,54.7, ,83, ,49.7, ,8.5, ,119, ,62.1, 
211,4/10/2014,2100,100,0, ,0, ,0, ,11.9, ,53.3, ,86, ,49.1, ,6, ,160, ,61.8, 
211,4/10/2014,2200,100,0, ,0, ,0, ,11.7, ,53.4, ,84, ,48.7, ,2.8, ,62, ,61.4, 
211,4/10/2014,2300,100,0, ,0, ,0, ,11.5, ,52.8, ,84, ,48.3, ,3, ,13, ,61.1, 
211,4/10/2014,2400,100,0, ,0, ,0, ,11.4, ,52.1, ,86, ,48.1, ,3.9, ,140, ,60.9, 
211,4/11/2014,0100,101,0, ,0, ,0, ,11.3, ,50.6, ,90, ,47.8, ,2.1, ,84, ,60.6, 
211,4/11/2014,0200,101,0, ,0, ,0, ,11.6, ,51.5, ,89, ,48.4, ,5.6, ,101, ,60.4, 
211,4/11/2014,0300,101,0, ,0, ,0, ,11.5, ,50.9, ,90, ,48.2, ,6.9, ,146, ,60.2, 
211,4/11/2014,0400,101,0, ,0, ,0, ,11.3, ,49.8, ,93, ,47.8, ,3.9, ,127, ,60, 
211,4/11/2014,0500,101,0, ,0, ,0, ,10.7, ,48.1, ,93, ,46.3, ,2.1, ,118, ,59.8, 
211,4/11/2014,0600,101,0, ,0, ,10, ,10.2, ,46.6, ,94, ,45.1, ,2.1, ,87, ,59.6, 
211,4/11/2014,0700,101,0, ,0, ,128, ,11.1, ,48.5, ,95, ,47.2, ,1.6, ,4, ,59.4, 
211,4/11/2014,0800,101,0, ,0, ,264, ,11.8, ,50, ,96, ,49, ,3, ,149, ,59.3, 
211,4/11/2014,0900,101,0.01, ,0, ,576, ,12.6, ,51.2, ,98, ,50.6, ,3.6, ,124, ,59.2, 
211,4/11/2014,1000,101,0.01, ,0, ,1095, ,13.4, ,56.6, ,86, ,52.4, ,5, ,117, ,59.3, 
211,4/11/2014,1100,101,0.02, ,0, ,1307, ,13.4, ,60.5, ,75, ,52.4, ,5.9, ,135, ,59.6, 
211,4/11/2014,1200,101,0.02, ,0, ,1695, ,14.3, ,63.6, ,71, ,54.1, ,5.7, ,126, ,59.9, 
211,4/11/2014,1300,101,0.02, ,0, ,1910, ,14.8, ,66.8, ,66, ,55, ,4.7, ,121, ,60.3, 
211,4/11/2014,1400,101,0.02, ,0, ,1311, ,15, ,68.8, ,62, ,55.4, ,6.6, ,161, ,60.8, 
211,4/11/2014,1500,101,0.02, ,0, ,1441, ,15.3, ,70.8, ,59, ,55.9, ,7.4, ,156, ,61.4, 
211,4/11/2014,1600,101,0.01, ,0, ,896, ,14.4, ,67, ,64, ,54.3, ,9.8, ,150, ,61.8, 
211,4/11/2014,1700,101,0.01, ,0, ,793, ,13.5, ,64.2, ,66, ,52.6, ,8.6, ,131, ,62, 
211,4/11/2014,1800,101,0, ,0, ,307, ,12.7, ,60.3, ,71, ,50.9, ,8.9, ,116, ,62, 
211,4/11/2014,1900,101,0, ,0, ,30, ,12, ,56.4, ,78, ,49.5, ,7.7, ,110, ,61.9, 
211,4/11/2014,2000,101,0, ,0, ,0, ,11.7, ,53.7, ,83, ,48.7, ,6.7, ,109, ,61.7, 
211,4/11/2014,2100,101,0, ,0, ,0, ,11.6, ,52.6, ,86, ,48.4, ,5.2, ,147, ,61.4, 
211,4/11/2014,2200,101,0, ,0, ,0, ,11.7, ,52.7, ,86, ,48.7, ,3.6, ,191, ,61.2, 
211,4/11/2014,2300,101,0, ,0, ,0, ,11.8, ,53.5, ,84, ,48.9, ,2.2, ,291, ,60.9, 
211,4/11/2014,2400,101,0, ,0, ,0, ,11.5, ,53.4, ,82, ,48.2, ,3.4, ,77, ,60.8, 
211,4/12/2014,0100,102,0, ,0, ,0, ,11.3, ,53.1, ,82, ,47.7, ,4.7, ,186, ,60.6, 
211,4/12/2014,0200,102,0, ,0, ,0, ,11.1, ,52.8, ,81, ,47.3, ,4.1, ,189, ,60.5, 
211,4/12/2014,0300,102,0, ,0, ,0, ,10.8, ,52.2, ,81, ,46.6, ,4.1, ,195, ,60.4, 
211,4/12/2014,0400,102,0, ,0, ,0, ,10.7, ,52.2, ,80, ,46.4, ,4.2, ,192, ,60.3, 
211,4/12/2014,0500,102,0, ,0, ,0, ,10.7, ,52.2, ,80, ,46.2, ,3.7, ,198, ,60.2, 
211,4/12/2014,0600,102,0, ,0, ,3, ,10.7, ,52.1, ,80, ,46.2, ,4.9, ,189, ,60, 
211,4/12/2014,0700,102,0, ,0, ,70, ,10.5, ,52.3, ,79, ,45.8, ,5.7, ,193, ,59.9, 
211,4/12/2014,0800,102,0, ,0, ,250, ,10.6, ,53.3, ,76, ,46, ,5, ,190, ,59.8, 
211,4/12/2014,0900,102,0.01, ,0, ,493, ,10.8, ,54.7, ,74, ,46.6, ,5.6, ,188, ,59.8, 
211,4/12/2014,1000,102,0.01, ,0, ,962, ,11.2, ,57.1, ,70, ,47.6, ,7.4, ,169, ,59.8, 
211,4/12/2014,1100,102,0.02, ,0, ,1743, ,11.7, ,60.1, ,66, ,48.7, ,7.4, ,169, ,59.9, 
211,4/12/2014,1200,102,0.02, ,0, ,1813, ,11.9, ,62, ,63, ,49.2, ,8.4, ,162, ,60.1, 
211,4/12/2014,1300,102,0.02, ,0, ,1830, ,12.5, ,64.3, ,61, ,50.4, ,8.8, ,183, ,60.4, 
211,4/12/2014,1400,102,0.02, ,0, ,1720, ,12.7, ,65.3, ,60, ,50.9, ,9.2, ,184, ,60.7, 
211,4/12/2014,1500,102,0.02, ,0, ,1491, ,12.7, ,65.8, ,58, ,50.8, ,7.9, ,202, ,61.1, 
211,4/12/2014,1600,102,0.02, ,0, ,1164, ,12.6, ,65.4, ,59, ,50.7, ,7.7, ,200, ,61.4, 
211,4/12/2014,1700,102,0.01, ,0, ,777, ,12.3, ,63.9, ,61, ,50.1, ,6.4, ,197, ,61.7, 
211,4/12/2014,1800,102,0, ,0, ,369, ,12.1, ,61.6, ,64, ,49.5, ,4.3, ,206, ,61.7, 
211,4/12/2014,1900,102,0, ,0, ,48, ,11.4, ,57.4, ,71, ,48, ,3.4, ,179, ,61.7, 
211,4/12/2014,2000,102,0, ,0, ,0, ,11, ,53.7, ,78, ,47, ,4.4, ,153, ,61.5, 
211,4/12/2014,2100,102,0, ,0, ,0, ,10.7, ,52, ,81, ,46.3, ,3.8, ,87, ,61.3, 
211,4/12/2014,2200,102,0, ,0, ,0, ,10.6, ,50.9, ,83, ,46.1, ,3.4, ,121, ,61, 
211,4/12/2014,2300,102,0, ,0, ,0, ,11.3, ,52.5, ,84, ,47.8, ,4.7, ,168, ,60.8, 
211,4/12/2014,2400,102,0, ,0, ,0, ,11.3, ,52.9, ,83, ,47.8, ,2.8, ,272, ,60.5, 
211,4/13/2014,0100,103,0, ,0, ,0, ,11.6, ,53, ,84, ,48.4, ,5, ,198, ,60.4, 
211,4/13/2014,0200,103,0, ,0, ,0, ,11.4, ,53.1, ,83, ,48, ,4.1, ,204, ,60.3, 
211,4/13/2014,0300,103,0, ,0, ,0, ,11.1, ,53.1, ,81, ,47.4, ,3, ,230, ,60.2, 
211,4/13/2014,0400,103,0, ,0, ,0, ,11.2, ,53.2, ,81, ,47.6, ,3.5, ,203, ,60.1, 
211,4/13/2014,0500,103,0, ,0, ,0, ,11.2, ,53.3, ,81, ,47.5, ,2.8, ,208, ,60, 
211,4/13/2014,0600,103,0, ,0, ,2, ,11.1, ,53.3, ,80, ,47.2, ,2.9, ,214, ,60, 
211,4/13/2014,0700,103,0, ,0, ,38, ,11, ,53.3, ,79, ,47, ,2.8, ,228, ,59.9, 
211,4/13/2014,0800,103,0, ,0, ,123, ,11, ,53.9, ,77, ,47, ,3.1, ,347, ,59.8, 
211,4/13/2014,0900,103,0, ,0, ,263, ,11.1, ,54.9, ,75, ,47.3, ,2.8, ,317, ,59.8, 
211,4/13/2014,1000,103,0.01, ,0, ,700, ,11.3, ,56.8, ,71, ,47.7, ,2.8, ,286, ,59.8, 
211,4/13/2014,1100,103,0.01, ,0, ,1226, ,11.7, ,58.9, ,69, ,48.7, ,3.7, ,270, ,59.9, 
211,4/13/2014,1200,103,0.02, ,0, ,1825, ,12.4, ,62.6, ,64, ,50.3, ,4.3, ,273, ,60.2, 
211,4/13/2014,1300,103,0.02, ,0, ,1842, ,13.2, ,65.9, ,61, ,52, ,5, ,299, ,60.6, 
211,4/13/2014,1400,103,0.02, ,0, ,1726, ,13.5, ,69.6, ,55, ,52.6, ,5, ,277, ,61.1, 
211,4/13/2014,1500,103,0.02, ,0, ,1498, ,13.7, ,72.8, ,50, ,52.9, ,4.2, ,249, ,61.7, 
211,4/13/2014,1600,103,0.02, ,0, ,1170, ,14.4, ,71.8, ,54, ,54.3, ,9.5, ,169, ,62.3, 
211,4/13/2014,1700,103,0.01, ,0, ,786, ,13.9, ,68.7, ,58, ,53.3, ,9, ,155, ,62.6, 
211,4/13/2014,1800,103,0.01, ,0, ,371, ,12.9, ,63.9, ,64, ,51.3, ,9.6, ,138, ,62.6, 
211,4/13/2014,1900,103,0, ,0, ,53, ,12.1, ,58.6, ,72, ,49.7, ,8.4, ,135, ,62.5, 
211,4/13/2014,2000,103,0, ,0, ,0, ,11.9, ,55.3, ,79, ,49.1, ,7.6, ,107, ,62.2, 
211,4/13/2014,2100,103,0, ,0, ,0, ,11.7, ,53.5, ,84, ,48.8, ,5.7, ,102, ,62, 
211,4/13/2014,2200,103,0, ,0, ,0, ,11.5, ,52.1, ,87, ,48.2, ,4.9, ,136, ,61.7, 
211,4/13/2014,2300,103,0, ,0, ,0, ,11.1, ,50.9, ,88, ,47.4, ,3.8, ,157, ,61.4, 
211,4/13/2014,2400,103,0, ,0, ,0, ,10.5, ,48.7, ,90, ,45.9, ,3.8, ,140, ,61.1, 
211,4/14/2014,0100,104,0, ,0, ,0, ,10.3, ,47.8, ,90, ,45.2, ,2.7, ,142, ,60.9, 
211,4/14/2014,0200,104,0, ,0, ,0, ,10.2, ,46.9, ,93, ,45, ,2.3, ,308, ,60.6, 
211,4/14/2014,0300,104,0, ,0, ,0, ,9.6, ,45.3, ,93, ,43.5, ,2.4, ,310, ,60.4, 
211,4/14/2014,0400,104,0, ,0, ,0, ,9.5, ,44.7, ,94, ,43.2, ,3.1, ,313, ,60.1, 
211,4/14/2014,0500,104,0, ,0, ,0, ,9.3, ,44, ,95, ,42.6, ,2.2, ,331, ,59.8, 
211,4/14/2014,0600,104,0, ,0, ,12, ,8.2, ,40.9, ,94, ,39.4, ,2.8, ,134, ,59.6, 
211,4/14/2014,0700,104,0, ,0, ,236, ,9.1, ,43.1, ,96, ,42.1, ,2, ,134, ,59.4, 
211,4/14/2014,0800,104,0, ,0, ,499, ,10.7, ,47, ,98, ,46.3, ,4.3, ,144, ,59.2, 
211,4/14/2014,0900,104,0.01, ,0, ,1083, ,12.2, ,52.3, ,91, ,49.7, ,2.8, ,136, ,59.1, 
211,4/14/2014,1000,104,0.02, ,0, ,1427, ,13.3, ,59.6, ,76, ,52.2, ,3, ,61, ,59.2, 
211,4/14/2014,1100,104,0.02, ,0, ,1675, ,14.1, ,65.7, ,65, ,53.7, ,3.2, ,353, ,59.6, 
211,4/14/2014,1200,104,0.02, ,0, ,1821, ,14.4, ,69.9, ,58, ,54.3, ,4.4, ,270, ,60.2, 
211,4/14/2014,1300,104,0.03, ,0, ,1846, ,13.9, ,74.7, ,47, ,53.3, ,4.6, ,293, ,60.7, 
211,4/14/2014,1400,104,0.03, ,0, ,1720, ,12.8, ,78.4, ,38, ,51.1, ,4.3, ,255, ,61.3, 
211,4/14/2014,1500,104,0.02, ,0, ,1493, ,14.4, ,78.8, ,43, ,54.2, ,7.4, ,195, ,62, 
211,4/14/2014,1600,104,0.02, ,0, ,1194, ,14.2, ,77.9, ,43, ,53.9, ,8.9, ,152, ,62.5, 
211,4/14/2014,1700,104,0.01, ,0, ,772, ,14.3, ,73.3, ,51, ,54.2, ,8.9, ,149, ,62.8, 
211,4/14/2014,1800,104,0.01, ,0, ,362, ,14, ,68.9, ,58, ,53.6, ,8, ,144, ,62.8, 
211,4/14/2014,1900,104,0, ,0, ,42, ,13.3, ,62.2, ,69, ,52.1, ,6.8, ,136, ,62.7, 
211,4/14/2014,2000,104,0, ,0, ,0, ,12.6, ,57.5, ,78, ,50.8, ,5.9, ,121, ,62.5, 
211,4/14/2014,2100,104,0, ,0, ,0, ,12.3, ,54.6, ,84, ,50, ,4.5, ,119, ,62.2, 
211,4/14/2014,2200,104,0, ,0, ,0, ,12.2, ,53.3, ,88, ,49.9, ,4, ,98, ,62, 
211,4/14/2014,2300,104,0, ,0, ,0, ,12.1, ,52.5, ,90, ,49.5, ,2.5, ,71, ,61.7, 
211,4/14/2014,2400,104,0, ,0, ,0, ,11.9, ,51.7, ,91, ,49.1, ,5.1, ,129, ,61.4, 
211,4/15/2014,0100,105,0, ,0, ,0, ,11.5, ,50.7, ,91, ,48.3, ,2.6, ,126, ,61.2, 
211,4/15/2014,0200,105,0, ,0, ,0, ,11, ,49.4, ,92, ,47.1, ,1.8, ,66, ,61, 
211,4/15/2014,0300,105,0, ,0, ,0, ,11.5, ,50.3, ,93, ,48.2, ,2.3, ,45, ,60.8, 
211,4/15/2014,0400,105,0, ,0, ,0, ,12.1, ,51.6, ,92, ,49.5, ,1.8, ,100, ,60.5, 
211,4/15/2014,0500,105,0, ,0, ,0, ,12.2, ,52.3, ,91, ,49.7, ,2.3, ,146, ,60.4, 
211,4/15/2014,0600,105,0, ,0, ,4, ,12, ,51.4, ,93, ,49.4, ,3.2, ,152, ,60.3, 
211,4/15/2014,0700,105,0, ,0, ,57, ,12.2, ,52.2, ,92, ,49.9, ,2.4, ,282, ,60.3, 
211,4/15/2014,0800,105,0, ,0, ,279, ,12.4, ,53, ,90, ,50.2, ,3, ,204, ,60.2, 
211,4/15/2014,0900,105,0.01, ,0, ,716, ,12.7, ,55.2, ,86, ,51, ,4.7, ,132, ,60.2, 
211,4/15/2014,1000,105,0.02, ,0, ,1407, ,13.3, ,57.6, ,82, ,52.2, ,5.3, ,166, ,60.3, 
211,4/15/2014,1100,105,0.02, ,0, ,1687, ,14.3, ,61, ,78, ,54.1, ,4.6, ,165, ,60.6, 
211,4/15/2014,1200,105,0.02, ,0, ,1840, ,14.9, ,67, ,66, ,55.2, ,4.6, ,167, ,60.9, 
211,4/15/2014,1300,105,0.03, ,0, ,1850, ,13.9, ,73.1, ,50, ,53.4, ,3.4, ,112, ,61.4, 
211,4/15/2014,1400,105,0.03, ,0, ,1730, ,13.7, ,75.8, ,45, ,52.9, ,7.1, ,159, ,62, 
211,4/15/2014,1500,105,0.02, ,0, ,1493, ,14.4, ,74, ,50, ,54.3, ,11.8, ,156, ,62.6, 
211,4/15/2014,1600,105,0.02, ,0, ,1166, ,14, ,72.7, ,51, ,53.5, ,10.8, ,156, ,63, 
211,4/15/2014,1700,105,0.01, ,0, ,792, ,13.4, ,68.6, ,56, ,52.4, ,10.3, ,141, ,63.1, 
211,4/15/2014,1800,105,0.01, ,0, ,386, ,12.8, ,64.1, ,63, ,51, ,9.4, ,144, ,63.1, 
211,4/15/2014,1900,105,0, ,0, ,53, ,11.9, ,58.4, ,71, ,49.2, ,7.8, ,129, ,62.9, 
211,4/15/2014,2000,105,0, ,0, ,0, ,11.4, ,55.2, ,77, ,48, ,7.1, ,113, ,62.6, 
211,4/15/2014,2100,105,0, ,0, ,0, ,11.2, ,53.3, ,81, ,47.6, ,5.6, ,121, ,62.3, 
211,4/15/2014,2200,105,0, ,0, ,0, ,11, ,51.9, ,83, ,47, ,4, ,114, ,62, 
211,4/15/2014,2300,105,0, ,0, ,0, ,10.5, ,50.3, ,85, ,45.9, ,4, ,130, ,61.7, 
211,4/15/2014,2400,105,0, ,0, ,0, ,10.1, ,48.6, ,87, ,44.9, ,2.7, ,110, ,61.5, 
211,4/16/2014,0100,106,0, ,0, ,0, ,9.9, ,47.6, ,89, ,44.4, ,2.7, ,119, ,61.2, 
211,4/16/2014,0200,106,0, ,0, ,0, ,10.1, ,47.3, ,91, ,44.7, ,2, ,265, ,60.9, 
211,4/16/2014,0300,106,0, ,0, ,0, ,9.8, ,46.1, ,92, ,43.9, ,1.5, ,269, ,60.7, 
211,4/16/2014,0400,106,0, ,0, ,0, ,8.9, ,43.6, ,92, ,41.5, ,2.5, ,133, ,60.4, 
211,4/16/2014,0500,106,0, ,0, ,0, ,9.1, ,43.7, ,94, ,42, ,2.1, ,144, ,60.2, 
211,4/16/2014,0600,106,0, ,0, ,10, ,9.1, ,43.5, ,95, ,42.1, ,2.1, ,162, ,59.9, 
211,4/16/2014,0700,106,0, ,0, ,129, ,10, ,45.6, ,96, ,44.6, ,1.9, ,111, ,59.7, 
211,4/16/2014,0800,106,0, ,0, ,345, ,11.1, ,47.7, ,98, ,47.3, ,2.1, ,336, ,59.6, 
211,4/16/2014,0900,106,0.01, ,0, ,1074, ,12.9, ,54.4, ,89, ,51.3, ,2.1, ,18, ,59.6, 
211,4/16/2014,1000,106,0.02, ,0, ,1401, ,13, ,60.4, ,72, ,51.4, ,2.9, ,172, ,59.8, 
211,4/16/2014,1100,106,0.02, ,0, ,1642, ,13.3, ,66.3, ,60, ,52.1, ,4.2, ,284, ,60.2, 
211,4/16/2014,1200,106,0.03, ,0, ,1792, ,13.1, ,72.2, ,49, ,51.8, ,4.3, ,319, ,60.8, 
211,4/16/2014,1300,106,0.03, ,0, ,1799, ,13.5, ,76.1, ,44, ,52.5, ,7.5, ,322, ,61.3, 
211,4/16/2014,1400,106,0.03, ,0, ,1638, ,13.4, ,78.7, ,40, ,52.3, ,9.6, ,321, ,61.9, 
211,4/16/2014,1500,106,0.02, ,0, ,1228, ,12.2, ,78.7, ,36, ,49.8, ,11.2, ,317, ,62.5, 
211,4/16/2014,1600,106,0.02, ,0, ,956, ,11.2, ,79.5, ,33, ,47.6, ,10.9, ,320, ,62.7, 
211,4/16/2014,1700,106,0.02, ,0, ,915, ,11.5, ,79.8, ,33, ,48.2, ,9.7, ,316, ,62.9, 
211,4/16/2014,1800,106,0.01, ,0, ,464, ,11, ,77.6, ,34, ,47.1, ,10.9, ,315, ,62.9, 
211,4/16/2014,1900,106,0, ,0, ,76, ,11.9, ,71, ,46, ,49.1, ,7.2, ,329, ,62.8, 
211,4/16/2014,2000,106,0, ,0, ,0, ,11.9, ,61, ,65, ,49.2, ,4.6, ,119, ,62.6, 
211,4/16/2014,2100,106,0, ,0, ,0, ,11.5, ,57.5, ,71, ,48.2, ,4.6, ,129, ,62.4, 
211,4/16/2014,2200,106,0, ,0, ,0, ,11.2, ,55.3, ,75, ,47.4, ,3.6, ,133, ,62.1, 
211,4/16/2014,2300,106,0, ,0, ,0, ,10.8, ,53.9, ,76, ,46.6, ,2.8, ,137, ,61.8, 
211,4/16/2014,2400,106,0, ,0, ,0, ,10.6, ,52.5, ,78, ,46, ,2.7, ,132, ,61.5, 
211,4/17/2014,0100,107,0, ,0, ,0, ,10.5, ,51.2, ,82, ,45.7, ,2.2, ,227, ,61.2, 
211,4/17/2014,0200,107,0, ,0, ,0, ,9.8, ,48.9, ,83, ,43.9, ,2, ,129, ,60.9, 
211,4/17/2014,0300,107,0, ,0, ,0, ,10.1, ,48.4, ,88, ,44.9, ,2.4, ,148, ,60.7, 
211,4/17/2014,0400,107,0, ,0, ,0, ,9.8, ,47, ,89, ,43.9, ,1.5, ,320, ,60.4, 
211,4/17/2014,0500,107,0, ,0, ,0, ,9.7, ,46.7, ,90, ,43.8, ,2, ,184, ,60.2, 
211,4/17/2014,0600,107,0, ,0, ,31, ,9.6, ,46.2, ,90, ,43.4, ,2.1, ,42, ,59.9, 
211,4/17/2014,0700,107,0, ,0, ,276, ,10.6, ,49.2, ,89, ,46.1, ,2.2, ,110, ,59.7, 
211,4/17/2014,0800,107,0.01, ,0, ,547, ,11.9, ,52.7, ,88, ,49.2, ,2.3, ,144, ,59.6, 
211,4/17/2014,0900,107,0.01, ,0, ,767, ,13.1, ,56.2, ,85, ,51.7, ,4.3, ,138, ,59.6, 
211,4/17/2014,1000,107,0.01, ,0, ,1041, ,13.7, ,60.2, ,77, ,53, ,8.6, ,143, ,59.8, 
211,4/17/2014,1100,107,0.01, ,0, ,1094, ,13.8, ,62.7, ,71, ,53.2, ,10.6, ,149, ,60.2, 
211,4/17/2014,1200,107,0.02, ,0, ,1492, ,14.2, ,64.1, ,70, ,54, ,11.6, ,153, ,60.4, 
211,4/17/2014,1300,107,0.02, ,0, ,1656, ,14, ,65.5, ,65, ,53.5, ,12.3, ,158, ,60.7, 
211,4/17/2014,1400,107,0.02, ,0, ,1578, ,13.8, ,66.9, ,61, ,53.1, ,9.8, ,149, ,61, 
211,4/17/2014,1500,107,0.02, ,0, ,1525, ,13.6, ,69, ,56, ,52.7, ,11.1, ,146, ,61.3, 
211,4/17/2014,1600,107,0.02, ,0, ,1209, ,13.5, ,68.2, ,57, ,52.6, ,13.3, ,169, ,61.7, 
211,4/17/2014,1700,107,0.01, ,0, ,810, ,13.2, ,66.1, ,60, ,51.9, ,11.3, ,164, ,61.9, 
211,4/17/2014,1800,107,0.01, ,0, ,412, ,13.1, ,62.4, ,68, ,51.6, ,10.6, ,163, ,61.9, 
211,4/17/2014,1900,107,0, ,0, ,76, ,12.4, ,58.5, ,74, ,50.3, ,7.3, ,149, ,61.8, 
211,4/17/2014,2000,107,0, ,0, ,0, ,11.7, ,55.2, ,79, ,48.6, ,6.2, ,114, ,61.7, 
211,4/17/2014,2100,107,0, ,0, ,0, ,11.5, ,53.8, ,82, ,48.3, ,6.3, ,112, ,61.5, 
211,4/17/2014,2200,107,0, ,0, ,0, ,11.2, ,52.8, ,83, ,47.6, ,4.1, ,117, ,61.3, 
211,4/17/2014,2300,107,0, ,0, ,0, ,10.8, ,51.4, ,84, ,46.7, ,3.4, ,117, ,61.1, 
211,4/17/2014,2400,107,0, ,0, ,0, ,10.4, ,50.2, ,84, ,45.6, ,2.4, ,124, ,60.9, 
211,4/18/2014,0100,108,0, ,0, ,0, ,10.2, ,49.2, ,86, ,45.2, ,1.5, ,127, ,60.7, 
211,4/18/2014,0200,108,0, ,0, ,0, ,9.8, ,47.6, ,87, ,44, ,1.8, ,137, ,60.5, 
211,4/18/2014,0300,108,0, ,0, ,0, ,9.9, ,47, ,91, ,44.4, ,1.4, ,163, ,60.2, 
211,4/18/2014,0400,108,0, ,0, ,0, ,9.3, ,44.7, ,92, ,42.5, ,2, ,97, ,60, 
211,4/18/2014,0500,108,0, ,0, ,0, ,9.9, ,46, ,93, ,44.2, ,3.3, ,151, ,59.8, 
211,4/18/2014,0600,108,0, ,0, ,10, ,9.9, ,45.9, ,94, ,44.2, ,2.4, ,149, ,59.5, 
211,4/18/2014,0700,108,0, ,0, ,167, ,10.6, ,48.1, ,93, ,46.2, ,2.6, ,290, ,59.4, 
211,4/18/2014,0800,108,0, ,0, ,369, ,11.6, ,51.7, ,88, ,48.4, ,1.9, ,345, ,59.2, 
211,4/18/2014,0900,108,0.01, ,0, ,809, ,12, ,55.5, ,80, ,49.3, ,3.3, ,169, ,59.2, 
211,4/18/2014,1000,108,0.02, ,0, ,1398, ,12.4, ,58.5, ,74, ,50.2, ,4.6, ,162, ,59.4, 
211,4/18/2014,1100,108,0.02, ,0, ,1664, ,12.8, ,62.4, ,66, ,51.1, ,3.4, ,153, ,59.7, 
211,4/18/2014,1200,108,0.02, ,0, ,1764, ,13.6, ,65.9, ,62, ,52.7, ,4.1, ,163, ,60.2, 
211,4/18/2014,1300,108,0.02, ,0, ,1823, ,14.3, ,68.8, ,60, ,54.2, ,5.8, ,158, ,60.8, 
211,4/18/2014,1400,108,0.02, ,0, ,1697, ,14.9, ,69.8, ,60, ,55.2, ,8.1, ,163, ,61.4, 
211,4/18/2014,1500,108,0.02, ,0, ,1364, ,14.1, ,68.1, ,60, ,53.7, ,11.9, ,163, ,62, 
211,4/18/2014,1600,108,0.01, ,0, ,954, ,13.7, ,65.7, ,63, ,52.9, ,8.9, ,153, ,62.3, 
211,4/18/2014,1700,108,0.01, ,0, ,591, ,12.7, ,61.1, ,69, ,50.9, ,9.2, ,142, ,62.4, 
211,4/18/2014,1800,108,0.01, ,0, ,447, ,12.2, ,59.3, ,70, ,49.7, ,8.8, ,143, ,62.4, 
211,4/18/2014,1900,108,0, ,0, ,67, ,11.4, ,55.3, ,76, ,48, ,7.4, ,130, ,62.2, 
211,4/18/2014,2000,108,0, ,0, ,0, ,11, ,52.3, ,83, ,47.2, ,7.1, ,127, ,62, 
211,4/18/2014,2100,108,0, ,0, ,0, ,11, ,51.2, ,86, ,47.1, ,5.9, ,135, ,61.7, 
211,4/18/2014,2200,108,0, ,0, ,0, ,10.8, ,50.5, ,86, ,46.5, ,4.6, ,120, ,61.4, 
211,4/18/2014,2300,108,0, ,0, ,0, ,10.5, ,49.5, ,87, ,45.9, ,3.6, ,114, ,61.2, 
211,4/18/2014,2400,108,0, ,0, ,0, ,10.3, ,48.3, ,89, ,45.3, ,3.4, ,127, ,60.9, 
211,4/19/2014,0100,109,0, ,0, ,0, ,10, ,47.1, ,91, ,44.6, ,3.2, ,130, ,60.7, 
211,4/19/2014,0200,109,0, ,0, ,0, ,11, ,49, ,93, ,47.1, ,3.3, ,98, ,60.5, 
211,4/19/2014,0300,109,0, ,0, ,0, ,11, ,49.1, ,92, ,47, ,2.9, ,140, ,60.3, 
211,4/19/2014,0400,109,0, ,0, ,0, ,11.1, ,49.7, ,91, ,47.4, ,3.4, ,274, ,60.2, 
211,4/19/2014,0500,109,0, ,0, ,0, ,10.9, ,49.4, ,90, ,46.7, ,3.2, ,273, ,60.1, 
211,4/19/2014,0600,109,0, ,0, ,6, ,11, ,49.6, ,91, ,46.9, ,2, ,305, ,60, 
211,4/19/2014,0700,109,0, ,0, ,107, ,11.3, ,50.5, ,90, ,47.7, ,3.7, ,152, ,59.9, 
211,4/19/2014,0800,109,0, ,0, ,477, ,11, ,52.6, ,81, ,47.1, ,4, ,169, ,59.9, 
211,4/19/2014,0900,109,0.01, ,0, ,1094, ,11.2, ,56.7, ,71, ,47.4, ,3.2, ,132, ,59.9, 
211,4/19/2014,1000,109,0.02, ,0, ,1433, ,10.8, ,59.4, ,62, ,46.6, ,3.6, ,225, ,60, 
211,4/19/2014,1100,109,0.02, ,0, ,1695, ,10, ,64.3, ,49, ,44.5, ,3.7, ,46, ,60.3, 
211,4/19/2014,1200,109,0.03, ,0, ,1863, ,5.8, ,69.3, ,24, ,30.7, ,11.1, ,312, ,60.9, 
211,4/19/2014,1300,109,0.03, ,0, ,1885, ,4.8, ,71.6, ,18, ,26.1, ,11.7, ,306, ,61.3, 
211,4/19/2014,1400,109,0.03, ,0, ,1720, ,6, ,73.2, ,22, ,31.7, ,12, ,313, ,61.6, 
211,4/19/2014,1500,109,0.03, ,0, ,1499, ,7.8, ,73.6, ,28, ,38.2, ,13.9, ,315, ,61.8, 
211,4/19/2014,1600,109,0.02, ,0, ,1187, ,10, ,71.9, ,38, ,44.6, ,14.7, ,308, ,62, 
211,4/19/2014,1700,109,0.02, ,0, ,804, ,11.4, ,69.9, ,46, ,48, ,14.8, ,311, ,62.1, 
211,4/19/2014,1800,109,0.01, ,0, ,396, ,12.3, ,66.2, ,56, ,50.1, ,15.9, ,324, ,62.1, 
211,4/19/2014,1900,109,0, ,0, ,67, ,12.2, ,62.3, ,64, ,49.9, ,16.1, ,318, ,61.9, 
211,4/19/2014,2000,109,0, ,0, ,0, ,12.3, ,59.1, ,72, ,50, ,10.5, ,313, ,61.7, 
211,4/19/2014,2100,109,0, ,0, ,0, ,12.5, ,57.6, ,77, ,50.5, ,9.3, ,301, ,61.5, 
211,4/19/2014,2200,109,0, ,0, ,0, ,12.5, ,56.7, ,80, ,50.5, ,8.8, ,304, ,61.3, 
211,4/19/2014,2300,109,0, ,0, ,0, ,12.2, ,54.8, ,84, ,49.9, ,4.3, ,314, ,61.1, 
211,4/19/2014,2400,109,0, ,0, ,0, ,11.1, ,50.9, ,87, ,47.3, ,1.8, ,170, ,60.9, 
211,4/20/2014,0100,110,0, ,0, ,0, ,10.1, ,48.2, ,88, ,44.9, ,1.7, ,129, ,60.7, 
211,4/20/2014,0200,110,0, ,0, ,0, ,10.4, ,47.8, ,92, ,45.5, ,1.5, ,241, ,60.4, 
211,4/20/2014,0300,110,0, ,0, ,0, ,10.1, ,46.9, ,93, ,44.9, ,2.3, ,319, ,60.1, 
211,4/20/2014,0400,110,0, ,0, ,0, ,9.9, ,46, ,94, ,44.3, ,2.7, ,311, ,59.9, 
211,4/20/2014,0500,110,0, ,0, ,0, ,9.3, ,44.1, ,94, ,42.5, ,2.2, ,355, ,59.6, 
211,4/20/2014,0600,110,0, ,0, ,23, ,8.9, ,43, ,94, ,41.4, ,1.8, ,164, ,59.4, 
211,4/20/2014,0700,110,0, ,0, ,233, ,9.7, ,45.4, ,94, ,43.7, ,2.3, ,142, ,59.2, 
211,4/20/2014,0800,110,0, ,0, ,405, ,11.3, ,50.3, ,91, ,47.7, ,1.8, ,130, ,59, 
211,4/20/2014,0900,110,0.01, ,0, ,1036, ,12.5, ,55.8, ,82, ,50.4, ,3.3, ,298, ,59.1, 
211,4/20/2014,1000,110,0.02, ,0, ,1391, ,13.4, ,61.8, ,71, ,52.3, ,4.2, ,313, ,59.3, 
211,4/20/2014,1100,110,0.02, ,0, ,1633, ,14.1, ,68, ,60, ,53.6, ,5.9, ,308, ,59.7, 
211,4/20/2014,1200,110,0.03, ,0, ,1764, ,13.7, ,72.7, ,50, ,53, ,5.4, ,304, ,60.3, 
211,4/20/2014,1300,110,0.03, ,0, ,1768, ,13.1, ,76.5, ,42, ,51.8, ,6.4, ,299, ,60.8, 
211,4/20/2014,1400,110,0.03, ,0, ,1654, ,12.9, ,79.3, ,38, ,51.4, ,10.6, ,328, ,61.5, 
211,4/20/2014,1500,110,0.03, ,0, ,1455, ,10.1, ,81, ,28, ,44.8, ,12.5, ,324, ,62, 
211,4/20/2014,1600,110,0.02, ,0, ,1158, ,8.5, ,81.6, ,23, ,40.3, ,11.2, ,312, ,62.3, 
211,4/20/2014,1700,110,0.02, ,0, ,795, ,7.2, ,81, ,20, ,36.1, ,10.7, ,306, ,62.5, 
211,4/20/2014,1800,110,0.01, ,0, ,396, ,7.9, ,78.9, ,23, ,38.5, ,9.9, ,307, ,62.4, 
211,4/20/2014,1900,110,0,Y,0, ,65, ,9.6, ,74.7,Y,33,Y,43.6,Y,8.2, ,311, ,62.3, 
211,4/20/2014,2000,110,0,Y,0, ,0, ,9.4, ,69,Y,39,Y,42.8,Y,5.2, ,301, ,62.1, 
211,4/20/2014,2100,110,0, ,0, ,0, ,9.1, ,64.6, ,44, ,42.2, ,5.8, ,315, ,61.9, 
211,4/20/2014,2200,110,0, ,0, ,0, ,8.6, ,61, ,47, ,40.7, ,6, ,309, ,61.6, 
211,4/20/2014,2300,110,0, ,0, ,0, ,7.6, ,58.6, ,45, ,37.5, ,3.7, ,328, ,61.4, 
211,4/20/2014,2400,110,0, ,0, ,0, ,7.6, ,55.2, ,51, ,37.4, ,3.1, ,301, ,61.1, 
211,4/21/2014,0100,111,0, ,0, ,0, ,8, ,51.5, ,61, ,38.6, ,2.1, ,316, ,60.8, 
211,4/21/2014,0200,111,0, ,0, ,0, ,8.3, ,49.2, ,70, ,39.7, ,2.1, ,296, ,60.5, 
211,4/21/2014,0300,111,0, ,0, ,0, ,8.2, ,48.5, ,70, ,39.3, ,2.8, ,319, ,60.2, 
211,4/21/2014,0400,111,0, ,0, ,0, ,7.9, ,45.3, ,77, ,38.6, ,2, ,331, ,60, 
211,4/21/2014,0500,111,0, ,0, ,0, ,7.6, ,43.9, ,78, ,37.5, ,1.5, ,151, ,59.7, 
211,4/21/2014,0600,111,0, ,0, ,21, ,8, ,43.2, ,85, ,38.9, ,1.9, ,356, ,59.4, 
211,4/21/2014,0700,111,0, ,0, ,249, ,9.1, ,45.8, ,87, ,42, ,2, ,310, ,58.8, 
211,4/21/2014,0800,111,0.01, ,0, ,699, ,10, ,53.4, ,72, ,44.6, ,2.1, ,348, ,58.1, 
211,4/21/2014,0900,111,0.01, ,0, ,1123, ,10.1, ,60.8, ,55, ,44.8, ,2.2, ,228, ,57.9, 
211,4/21/2014,1000,111,0.02, ,0, ,1424, ,9.9, ,65.6, ,46, ,44.2, ,4.9, ,170, ,58.2, 
211,4/21/2014,1100,111,0.02, ,0, ,1654, ,10, ,70.5, ,39, ,44.7, ,5, ,171, ,58.6, 
211,4/21/2014,1200,111,0.02, ,0, ,1446, ,8.6, ,74.4, ,30, ,40.7, ,3.9, ,241, ,59.2, 
211,4/21/2014,1300,111,0.02, ,0, ,1481, ,9.1, ,77.4, ,28, ,42.1, ,6, ,288, ,59.8, 
211,4/21/2014,1400,111,0.02, ,0, ,1190, ,8.4, ,78.7, ,25, ,40, ,5.1, ,300, ,60.3, 
211,4/21/2014,1500,111,0.01, ,0, ,656, ,7.9, ,79.1, ,23, ,38.4, ,3.7, ,48, ,60.8, 
211,4/21/2014,1600,111,0.01, ,0, ,486, ,9.9, ,75.8, ,32, ,44.2, ,7.9, ,184, ,61.2, 
211,4/21/2014,1700,111,0.01, ,0, ,373, ,9.6, ,68.7, ,40, ,43.6, ,11.6, ,324, ,61.4, 
211,4/21/2014,1800,111,0.01, ,0, ,375, ,8.2, ,66.9, ,36, ,39.3, ,10.8, ,310, ,61.5, 
211,4/21/2014,1900,111,0, ,0, ,70, ,9, ,62.4, ,47, ,41.7, ,6.8, ,199, ,61.4, 
211,4/21/2014,2000,111,0, ,0, ,0, ,10.5, ,56.2, ,68, ,45.7, ,7, ,136, ,61.2, 
211,4/21/2014,2100,111,0, ,0, ,0, ,10.7, ,54.7, ,73, ,46.3, ,6.7, ,95, ,61, 
211,4/21/2014,2200,111,0, ,0, ,0, ,10.9, ,53.9, ,77, ,46.8, ,6.7, ,162, ,60.8, 
211,4/21/2014,2300,111,0, ,0, ,0, ,11.1, ,53.8, ,78, ,47.2, ,3.8, ,142, ,60.7, 
211,4/21/2014,2400,111,0, ,0, ,0, ,11.1, ,54, ,78, ,47.3, ,2.5, ,107, ,60.5, 
211,4/22/2014,0100,112,0, ,0, ,0, ,11.3, ,53.6, ,81, ,47.8, ,5.4, ,166, ,60.4, 
211,4/22/2014,0200,112,0, ,0, ,0, ,11.3, ,53.4, ,81, ,47.8, ,3.9, ,2, ,60.2, 
211,4/22/2014,0300,112,0, ,0, ,0, ,11.5, ,53.5, ,83, ,48.3, ,4, ,311, ,60.1, 
211,4/22/2014,0400,112,0, ,0, ,0, ,10.3, ,51, ,81, ,45.3, ,15.5, ,319, ,60, 
211,4/22/2014,0500,112,0, ,0, ,0, ,9.7, ,50.8, ,77, ,43.7, ,12.1, ,313, ,59.9, 
211,4/22/2014,0600,112,0, ,0, ,22, ,8.7, ,49.4, ,72, ,40.9, ,9.2, ,301, ,59.8, 
211,4/22/2014,0700,112,0, ,0, ,164, ,8.9, ,50.6, ,71, ,41.4, ,7.8, ,297, ,59.6, 
211,4/22/2014,0800,112,0.01, ,0, ,589, ,8.9, ,53, ,64, ,41.4, ,10.6, ,295, ,59.5, 
211,4/22/2014,0900,112,0.01, ,0, ,1101, ,8.9, ,55.7, ,58, ,41.4, ,13.1, ,308, ,59.4, 
211,4/22/2014,1000,112,0.02, ,0, ,1293, ,8.5, ,58.6, ,50, ,40.2, ,12.5, ,313, ,59.4, 
211,4/22/2014,1100,112,0.02, ,0, ,1625, ,8, ,61, ,44, ,38.7, ,12.9, ,319, ,59.6, 
211,4/22/2014,1200,112,0.03, ,0, ,1894, ,7.6, ,63.2, ,38, ,37.5, ,11.6, ,321, ,59.8, 
211,4/22/2014,1300,112,0.03, ,0, ,1910, ,7.4, ,64.8, ,35, ,36.8, ,13, ,335, ,60, 
211,4/22/2014,1400,112,0.03, ,0, ,1809, ,6.9, ,66, ,32, ,35, ,13.6, ,324, ,60.4, 
211,4/22/2014,1500,112,0.03, ,0, ,1583, ,6.3, ,66.4, ,28, ,32.8, ,16.4, ,329, ,60.7, 
211,4/22/2014,1600,112,0.02, ,0, ,1231, ,6.2, ,65.2, ,29, ,32.3, ,16.8, ,318, ,61, 
211,4/22/2014,1700,112,0.02, ,0, ,878, ,6.7, ,63.5, ,33, ,34.3, ,17.1, ,324, ,61, 
211,4/22/2014,1800,112,0.01, ,0, ,444, ,7.3, ,60.5, ,41, ,36.6, ,16.9, ,326, ,60.9, 
211,4/22/2014,1900,112,0, ,0, ,76, ,6.9, ,56.9, ,44, ,35, ,15.3, ,320, ,60.7, 
211,4/22/2014,2000,112,0, ,0, ,0, ,7.5, ,54.3, ,52, ,37, ,13.2, ,321, ,60.5, 
211,4/22/2014,2100,112,0, ,0, ,0, ,7.9, ,52.5, ,59, ,38.6, ,10, ,310, ,60.2, 
211,4/22/2014,2200,112,0, ,0, ,0, ,7.5, ,51.2, ,58, ,37.2, ,8.2, ,304, ,60, 
211,4/22/2014,2300,112,0, ,0, ,0, ,7.5, ,50.4, ,61, ,37.2, ,7.3, ,290, ,59.7, 
211,4/22/2014,2400,112,0, ,0, ,0, ,7.5, ,49.3, ,63, ,37.2, ,7.9, ,293, ,59.5, 
211,4/23/2014,0100,113,0, ,0, ,0, ,7.8, ,48.7, ,67, ,38.2, ,5.8, ,301, ,59.3, 
211,4/23/2014,0200,113,0, ,0, ,0, ,7.8, ,48.2, ,68, ,38.1, ,6.2, ,301, ,59.1, 
211,4/23/2014,0300,113,0, ,0, ,0, ,7.5, ,45.9, ,71, ,37.1, ,4.4, ,321, ,58.9, 
211,4/23/2014,0400,113,0, ,0, ,0, ,7.2, ,44.5, ,72, ,36, ,3.3, ,292, ,58.7, 
211,4/23/2014,0500,113,0, ,0, ,0, ,6.9, ,42.8, ,74, ,35, ,2.5, ,255, ,58.6, 
211,4/23/2014,0600,113,0, ,0, ,53, ,7, ,40.4, ,82, ,35.5, ,2.1, ,155, ,58.4, 
211,4/23/2014,0700,113,0, ,0, ,402, ,8, ,45.9, ,76, ,38.8, ,1.6, ,170, ,58.2, 
211,4/23/2014,0800,113,0.01, ,0, ,753, ,8.7, ,50.8, ,69, ,40.9, ,4.4, ,292, ,58, 
211,4/23/2014,0900,113,0.01, ,0, ,1159, ,8.7, ,56.1, ,57, ,41, ,10.2, ,322, ,58, 
211,4/23/2014,1000,113,0.02, ,0, ,1500, ,8.8, ,59.3, ,51, ,41.3, ,10.5, ,324, ,58.2, 
211,4/23/2014,1100,113,0.02, ,0, ,1710, ,9.3, ,61.9, ,49, ,42.6, ,10.3, ,318, ,58.4, 
211,4/23/2014,1200,113,0.03, ,0, ,1861, ,9.2, ,64.9, ,44, ,42.3, ,9.8, ,313, ,58.8, 
211,4/23/2014,1300,113,0.03, ,0, ,1889, ,8.2, ,67, ,36, ,39.3, ,12.7, ,317, ,59.2, 
211,4/23/2014,1400,113,0.03, ,0, ,1780, ,7.6, ,68.3, ,32, ,37.5, ,14.2, ,318, ,59.6, 
211,4/23/2014,1500,113,0.03, ,0, ,1535, ,8.1, ,68.1, ,35, ,39.1, ,16.1, ,315, ,60, 
211,4/23/2014,1600,113,0.02, ,0, ,1235, ,8.2, ,68.1, ,35, ,39.4, ,14.4, ,311, ,60.2, 
211,4/23/2014,1700,113,0.02, ,0, ,861, ,8.2, ,67.1, ,36, ,39.4, ,14.7, ,312, ,60.3, 
211,4/23/2014,1800,113,0.01, ,0, ,454, ,8.3, ,65.2, ,39, ,39.7, ,14.4, ,310, ,60.3, 
211,4/23/2014,1900,113,0, ,0, ,88, ,9, ,61.9, ,47, ,41.7, ,13.5, ,309, ,60.2, 
211,4/23/2014,2000,113,0, ,0, ,0, ,9.2, ,58.2, ,55, ,42.3, ,11.5, ,307, ,60, 
211,4/23/2014,2100,113,0, ,0, ,0, ,10.2, ,56.3, ,66, ,45.2, ,12.6, ,312, ,59.8, 
211,4/23/2014,2200,113,0, ,0, ,0, ,10.9, ,55, ,74, ,46.7, ,10.6, ,311, ,59.6, 
211,4/23/2014,2300,113,0, ,0, ,0, ,11, ,53.3, ,80, ,47.1, ,6.2, ,311, ,59.5, 
211,4/23/2014,2400,113,0, ,0, ,0, ,10.7, ,51.5, ,83, ,46.4, ,3.5, ,335, ,59.3, 
211,4/24/2014,0100,114,0, ,0, ,0, ,10.6, ,50.8, ,84, ,46, ,2.7, ,310, ,59.1, 
211,4/24/2014,0200,114,0, ,0, ,0, ,10.3, ,49.7, ,85, ,45.4, ,2.6, ,293, ,59, 
211,4/24/2014,0300,114,0, ,0, ,0, ,9.2, ,46.8, ,85, ,42.4, ,2.5, ,154, ,58.8, 
211,4/24/2014,0400,114,0, ,0, ,0, ,9.5, ,46.8, ,87, ,43.2, ,1.8, ,154, ,58.6, 
211,4/24/2014,0500,114,0, ,0, ,0, ,8.9, ,45.2, ,86, ,41.4, ,2.6, ,141, ,58.4, 
211,4/24/2014,0600,114,0, ,0, ,22, ,8.7, ,44.5, ,88, ,41, ,1.7, ,356, ,58.2, 
211,4/24/2014,0700,114,0, ,0, ,152, ,10.2, ,47.6, ,91, ,45.2, ,2.1, ,7, ,58.1, 
211,4/24/2014,0800,114,0, ,0, ,360, ,11.3, ,50.3, ,91, ,47.8, ,1.4, ,193, ,57.8, 
211,4/24/2014,0900,114,0.01, ,0, ,921, ,12.5, ,55.9, ,82, ,50.4, ,4.4, ,329, ,57.7, 
211,4/24/2014,1000,114,0.02, ,0, ,1445, ,12.5, ,61.3, ,67, ,50.4, ,7.7, ,318, ,58, 
211,4/24/2014,1100,114,0.02, ,0, ,1629, ,11.8, ,65.9, ,54, ,48.9, ,7.2, ,330, ,58.5, 
211,4/24/2014,1200,114,0.03, ,0, ,1782, ,11.6, ,68.5, ,49, ,48.5, ,9.1, ,334, ,59, 
211,4/24/2014,1300,114,0.03, ,0, ,1852, ,10.5, ,71.2, ,40, ,45.9, ,6.5, ,311, ,59.5, 
211,4/24/2014,1400,114,0.02, ,0, ,1582, ,10, ,73.6, ,35, ,44.6, ,7.2, ,330, ,60.1, 
211,4/24/2014,1500,114,0.03, ,0, ,1436, ,10.4, ,74.6, ,36, ,45.5, ,11.7, ,323, ,60.7, 
211,4/24/2014,1600,114,0.02, ,0, ,1090, ,13.2, ,72.1, ,49, ,51.9, ,10.1, ,308, ,61.2, 
211,4/24/2014,1700,114,0.01, ,0, ,524, ,12.4, ,68.6, ,52, ,50.2, ,13.5, ,318, ,61.4, 
211,4/24/2014,1800,114,0.01, ,0, ,227, ,11.9, ,64.5, ,57, ,49.1, ,12.9, ,312, ,61.4, 
211,4/24/2014,1900,114,0, ,0, ,41, ,11.8, ,62.2, ,62, ,48.9, ,11, ,309, ,61.3, 
211,4/24/2014,2000,114,0, ,0, ,0, ,12, ,60.1, ,68, ,49.4, ,8.2, ,309, ,61.1, 
211,4/24/2014,2100,114,0, ,0, ,0, ,12.4, ,58.8, ,73, ,50.2, ,7.6, ,302, ,60.9, 
211,4/24/2014,2200,114,0, ,0, ,0, ,12.6, ,58.3, ,76, ,50.6, ,6.9, ,293, ,60.7, 
211,4/24/2014,2300,114,0, ,0, ,0, ,12.8, ,58.2, ,77, ,51.1, ,7.3, ,294, ,60.5, 
211,4/24/2014,2400,114,0, ,0, ,0, ,12.8, ,57.7, ,78, ,51.1, ,5.2, ,278, ,60.4, 
211,4/25/2014,0100,115,0, ,0, ,0, ,12.6, ,56.6, ,80, ,50.6, ,4.2, ,174, ,60.3, 
211,4/25/2014,0200,115,0, ,0, ,0, ,12.6, ,55.6, ,84, ,50.7, ,4.2, ,135, ,60.1, 
211,4/25/2014,0300,115,0, ,0.02, ,0, ,13, ,55.3, ,87, ,51.6, ,3.3, ,78, ,60, 
211,4/25/2014,0400,115,0, ,0.02, ,0, ,13.4, ,54.7, ,92, ,52.3, ,2.6, ,66, ,60, 
211,4/25/2014,0500,115,0, ,0.06, ,0, ,13.4, ,54.1, ,94, ,52.3, ,2.2, ,103, ,59.9, 
211,4/25/2014,0600,115,0, ,0.01, ,13, ,13.4, ,53.9, ,94, ,52.4, ,1.7, ,123, ,59.8, 
211,4/25/2014,0700,115,0, ,0.01, ,91, ,13.6, ,54.2, ,95, ,52.7, ,2.6, ,143, ,59.7, 
211,4/25/2014,0800,115,0, ,0.01, ,127, ,13.2, ,54.5, ,91, ,52, ,2.6, ,272, ,59.6, 
211,4/25/2014,0900,115,0, ,0.05, ,134, ,12.4, ,54, ,87, ,50.3, ,4, ,345, ,59.6, 
211,4/25/2014,1000,115,0, ,0.04, ,343, ,12.5, ,53.6, ,89, ,50.4, ,3.6, ,332, ,59.6, 
211,4/25/2014,1100,115,0.01, ,0, ,1088, ,13.1, ,56.6, ,84, ,51.8, ,3.9, ,174, ,59.7, 
211,4/25/2014,1200,115,0.01, ,0, ,687, ,11.8, ,58.1, ,71, ,48.8, ,5.8, ,246, ,59.9, 
211,4/25/2014,1300,115,0.01, ,0, ,706, ,11, ,58.2, ,66, ,47, ,7, ,230, ,60.2, 
211,4/25/2014,1400,115,0, ,0, ,298, ,10.9, ,56, ,71, ,46.9, ,6.7, ,237, ,60.3, 
211,4/25/2014,1500,115,0, ,0.08, ,179, ,11.3, ,52.7, ,83, ,47.8, ,6.6, ,282, ,60.4, 
211,4/25/2014,1600,115,0, ,0.01, ,223, ,11.2, ,52.1, ,84, ,47.5, ,7.4, ,269, ,60.3, 
211,4/25/2014,1700,115,0.01, ,0.02, ,527, ,11.5, ,53.2, ,83, ,48.3, ,7.9, ,297, ,60.2, 
211,4/25/2014,1800,115,0, ,0, ,297, ,10.7, ,53.8, ,75, ,46.2, ,7.4, ,280, ,60.1, 
211,4/25/2014,1900,115,0, ,0, ,77, ,9.5, ,52, ,72, ,43.2, ,7.2, ,274, ,60.1, 
211,4/25/2014,2000,115,0, ,0, ,0, ,9.6, ,50, ,78, ,43.6, ,5.3, ,277, ,60, 
211,4/25/2014,2100,115,0, ,0, ,0, ,9.6, ,49.1, ,81, ,43.6, ,3.4, ,273, ,59.9, 
211,4/25/2014,2200,115,0, ,0, ,0, ,9.5, ,48.7, ,82, ,43.3, ,2.5, ,282, ,59.7, 
211,4/25/2014,2300,115,0, ,0, ,0, ,9.5, ,48.8, ,81, ,43.3, ,2.3, ,263, ,59.5, 
211,4/25/2014,2400,115,0, ,0.01, ,0, ,10, ,48.5, ,86, ,44.5, ,2.3, ,80, ,59.4, 
211,4/26/2014,0100,116,0, ,0.01, ,0, ,10, ,47.9, ,88, ,44.6, ,1.9, ,3, ,59.3, 
211,4/26/2014,0200,116,0, ,0, ,0, ,10, ,47.9, ,88, ,44.5, ,2.5, ,84, ,59.1, 
211,4/26/2014,0300,116,0, ,0, ,0, ,10.2, ,47.7, ,90, ,45, ,2.3, ,171, ,59.1, 
211,4/26/2014,0400,116,0, ,0, ,0, ,10.2, ,48, ,90, ,45.1, ,2.2, ,183, ,59, 
211,4/26/2014,0500,116,0, ,0, ,0, ,9.9, ,48.5, ,85, ,44.3, ,3.9, ,313, ,58.9, 
211,4/26/2014,0600,116,0, ,0, ,11, ,9.7, ,48.9, ,83, ,43.8, ,3.2, ,302, ,58.8, 
211,4/26/2014,0700,116,0, ,0, ,103, ,9.6, ,49.4, ,80, ,43.4, ,4.8, ,319, ,58.8, 
211,4/26/2014,0800,116,0, ,0, ,345, ,9.5, ,50.4, ,76, ,43.3, ,6.7, ,317, ,58.7, 
211,4/26/2014,0900,116,0.01, ,0, ,1053, ,9.8, ,53.5, ,70, ,44.1, ,6.5, ,322, ,58.7, 
211,4/26/2014,1000,116,0.01, ,0, ,982, ,9.7, ,55, ,66, ,43.8, ,5.8, ,311, ,58.8, 
211,4/26/2014,1100,116,0.02, ,0, ,1392, ,10.4, ,56.2, ,68, ,45.6, ,5.1, ,160, ,59, 
211,4/26/2014,1200,116,0.02, ,0, ,1689, ,10.8, ,58.3, ,65, ,46.7, ,6.7, ,158, ,59.3, 
211,4/26/2014,1300,116,0.01, ,0, ,1082, ,10.4, ,59.1, ,61, ,45.6, ,6.8, ,194, ,59.7, 
211,4/26/2014,1400,116,0.02, ,0, ,1277, ,10, ,60.3, ,56, ,44.6, ,7.9, ,199, ,60.1, 
211,4/26/2014,1500,116,0.01, ,0, ,927, ,9.6, ,61.2, ,52, ,43.6, ,8.4, ,214, ,60.4, 
211,4/26/2014,1600,116,0.01, ,0, ,390, ,8.5, ,60.8, ,46, ,40.2, ,5.5, ,280, ,60.6, 
211,4/26/2014,1700,116,0, ,0, ,233, ,9.7, ,59.2, ,57, ,43.8, ,5.1, ,238, ,60.7, 
211,4/26/2014,1800,116,0.01, ,0, ,377, ,8.5, ,59.3, ,50, ,40.5, ,10.9, ,326, ,60.7, 
211,4/26/2014,1900,116,0, ,0, ,79, ,8.3, ,56.5, ,53, ,39.7, ,8.3, ,317, ,60.6, 
211,4/26/2014,2000,116,0, ,0, ,0, ,8.4, ,54, ,59, ,40.1, ,5.7, ,312, ,60.5, 
211,4/26/2014,2100,116,0, ,0, ,0, ,8.3, ,53.2, ,60, ,39.8, ,5.2, ,289, ,60.3, 
211,4/26/2014,2200,116,0, ,0, ,0, ,8.4, ,52.4, ,63, ,40.1, ,4.3, ,286, ,60.1, 
211,4/26/2014,2300,116,0, ,0, ,0, ,8.5, ,51.5, ,66, ,40.4, ,3.8, ,277, ,59.9, 
211,4/26/2014,2400,116,0, ,0, ,0, ,8.8, ,48.8, ,75, ,41.1, ,2.5, ,129, ,59.8, 
211,4/27/2014,0100,117,0, ,0, ,0, ,8.7, ,45.3, ,85, ,41, ,2, ,95, ,59.6, 
211,4/27/2014,0200,117,0, ,0, ,0, ,8.6, ,43.7, ,89, ,40.7, ,2.3, ,42, ,59.3, 
211,4/27/2014,0300,117,0, ,0, ,0, ,8.7, ,43.4, ,91, ,40.8, ,1.8, ,136, ,59.1, 
211,4/27/2014,0400,117,0, ,0, ,0, ,9.1, ,44.7, ,90, ,42.1, ,2.4, ,147, ,58.9, 
211,4/27/2014,0500,117,0, ,0, ,0, ,9.3, ,45.5, ,90, ,42.8, ,4.1, ,163, ,58.7, 
211,4/27/2014,0600,117,0, ,0, ,25, ,9.4, ,46.2, ,88, ,42.8, ,3.9, ,144, ,58.6, 
211,4/27/2014,0700,117,0, ,0, ,170, ,9.7, ,47.4, ,87, ,43.9, ,4.1, ,145, ,58.5, 
211,4/27/2014,0800,117,0, ,0, ,470, ,10.3, ,51.3, ,80, ,45.4, ,4.6, ,154, ,58.4, 
211,4/27/2014,0900,117,0.01, ,0, ,829, ,10.4, ,54.8, ,71, ,45.7, ,4.2, ,150, ,58.4, 
211,4/27/2014,1000,117,0.02, ,0, ,1512, ,11.2, ,59, ,66, ,47.6, ,3.9, ,127, ,58.6, 
211,4/27/2014,1100,117,0.02, ,0, ,1347, ,12, ,61.6, ,64, ,49.3, ,3.8, ,171, ,58.9, 
211,4/27/2014,1200,117,0.02, ,0, ,1254, ,12.5, ,63, ,63, ,50.4, ,4.1, ,195, ,59.5, 
211,4/27/2014,1300,117,0.02, ,0, ,1741, ,13.1, ,64.5, ,63, ,51.7, ,6.2, ,190, ,60, 
211,4/27/2014,1400,117,0.02, ,0, ,1685, ,13.3, ,65.9, ,61, ,52.2, ,7.6, ,201, ,60.5, 
211,4/27/2014,1500,117,0.02, ,0, ,1506, ,13.3, ,66.2, ,60, ,52.1, ,7.8, ,195, ,61.1, 
211,4/27/2014,1600,117,0.02, ,0, ,1254, ,13.1, ,66.8, ,58, ,51.6, ,7.7, ,195, ,61.6, 
211,4/27/2014,1700,117,0.01, ,0, ,859, ,12.9, ,66.4, ,58, ,51.2, ,8.3, ,272, ,61.9, 
211,4/27/2014,1800,117,0.01, ,0, ,430, ,11.3, ,64.3, ,55, ,47.9, ,10.7, ,306, ,62, 
211,4/27/2014,1900,117,0, ,0, ,89, ,9.8, ,60.4, ,54, ,43.9, ,11.7, ,316, ,61.9, 
211,4/27/2014,2000,117,0, ,0, ,1, ,9.6, ,57.1, ,60, ,43.4, ,11.1, ,317, ,61.7, 
211,4/27/2014,2100,117,0, ,0, ,0, ,9.5, ,54.8, ,64, ,43.1, ,9.7, ,313, ,61.4, 
211,4/27/2014,2200,117,0, ,0, ,0, ,9.6, ,52.5, ,71, ,43.4, ,5.1, ,306, ,61.2, 
211,4/27/2014,2300,117,0, ,0, ,0, ,9.6, ,51, ,75, ,43.5, ,3.8, ,333, ,60.9, 
211,4/27/2014,2400,117,0, ,0, ,0, ,9.7, ,49.1, ,81, ,43.6, ,3.8, ,336, ,60.6, 
211,4/28/2014,0100,118,0, ,0, ,0, ,9.4, ,47.9, ,83, ,42.9, ,4.1, ,324, ,60.4, 
211,4/28/2014,0200,118,0, ,0, ,0, ,9.1, ,46.9, ,84, ,42.2, ,2.6, ,300, ,60.1, 
211,4/28/2014,0300,118,0, ,0, ,0, ,8.9, ,45.6, ,85, ,41.5, ,1.8, ,336, ,59.9, 
211,4/28/2014,0400,118,0, ,0, ,0, ,8.7, ,43.7, ,90, ,40.9, ,1.9, ,101, ,59.6, 
211,4/28/2014,0500,118,0, ,0, ,0, ,8.6, ,42.7, ,92, ,40.6, ,1.6, ,211, ,59.4, 
211,4/28/2014,0600,118,0, ,0, ,45, ,8.4, ,41.8, ,93, ,40, ,1.6, ,22, ,59.1, 
211,4/28/2014,0700,118,0, ,0, ,364, ,9.5, ,45.9, ,91, ,43.3, ,1.6, ,304, ,58.9, 
211,4/28/2014,0800,118,0.01, ,0, ,773, ,10.3, ,52.5, ,76, ,45.2, ,2.1, ,116, ,58.7, 
211,4/28/2014,0900,118,0.01, ,0, ,1152, ,11.1, ,57.4, ,69, ,47.3, ,4.2, ,339, ,58.6, 
211,4/28/2014,1000,118,0.02, ,0, ,1485, ,11, ,61.5, ,59, ,47.1, ,9.4, ,325, ,58.8, 
211,4/28/2014,1100,118,0.02, ,0, ,1724, ,11.7, ,65.1, ,55, ,48.7, ,10.6, ,328, ,59.2, 
211,4/28/2014,1200,118,0.03, ,0, ,1854, ,12.4, ,68.7, ,51, ,50.2, ,10.3, ,321, ,59.7, 
211,4/28/2014,1300,118,0.03, ,0, ,1871, ,11.8, ,72, ,44, ,48.9, ,10.9, ,317, ,60.2, 
211,4/28/2014,1400,118,0.03, ,0, ,1764, ,10.7, ,74.2, ,37, ,46.2, ,12.7, ,316, ,60.8, 
211,4/28/2014,1500,118,0.03, ,0, ,1543, ,10.3, ,75.2, ,34, ,45.3, ,14.1, ,310, ,61.3, 
211,4/28/2014,1600,118,0.02, ,0, ,1226, ,11.3, ,74.7, ,38, ,47.7, ,16.1, ,307, ,61.6, 
211,4/28/2014,1700,118,0.02, ,0, ,852, ,10.9, ,73.7, ,38, ,46.7, ,16.4, ,312, ,61.7, 
211,4/28/2014,1800,118,0.01, ,0, ,430, ,10, ,71.1, ,38, ,44.5, ,16.3, ,309, ,61.7, 
211,4/28/2014,1900,118,0.01, ,0, ,86, ,9.6, ,66.2, ,44, ,43.5, ,15.6, ,305, ,61.6, 
211,4/28/2014,2000,118,0, ,0, ,0, ,7.9, ,62.7, ,41, ,38.6, ,11.6, ,306, ,61.4, 
211,4/28/2014,2100,118,0, ,0, ,0, ,8.4, ,60.4, ,47, ,39.9, ,10.1, ,324, ,61.1, 
211,4/28/2014,2200,118,0, ,0, ,0, ,9.2, ,58.8, ,54, ,42.4, ,10.1, ,318, ,60.9, 
211,4/28/2014,2300,118,0, ,0, ,0, ,9.7, ,55.9, ,63, ,43.6, ,5.8, ,324, ,60.7, 
211,4/28/2014,2400,118,0, ,0, ,0, ,9.7, ,54.4, ,67, ,43.7, ,4, ,297, ,60.5, 
211,4/29/2014,0100,119,0, ,0, ,0, ,9.3, ,51.2, ,73, ,42.7, ,2.2, ,14, ,60.3, 
211,4/29/2014,0200,119,0, ,0, ,0, ,9, ,50.2, ,73, ,41.8, ,3, ,226, ,60, 
211,4/29/2014,0300,119,0, ,0, ,0, ,8.8, ,46.9, ,81, ,41.3, ,2.6, ,302, ,59.8, 
211,4/29/2014,0400,119,0, ,0, ,0, ,8.7, ,45.9, ,83, ,40.9, ,2.9, ,308, ,59.5, 
211,4/29/2014,0500,119,0, ,0, ,0, ,8.4, ,44.7, ,83, ,40, ,2.7, ,315, ,59.3, 
211,4/29/2014,0600,119,0, ,0, ,63, ,8.4, ,43.8, ,86, ,40, ,1.5, ,325, ,59.1, 
211,4/29/2014,0700,119,0, ,0, ,400, ,9.5, ,50.6, ,75, ,43.1, ,1.6, ,15, ,58.8, 
211,4/29/2014,0800,119,0.01, ,0, ,796, ,10.1, ,58.5, ,60, ,44.9, ,1.6, ,358, ,58.7, 
211,4/29/2014,0900,119,0.01, ,0, ,1182, ,10.7, ,64, ,52, ,46.2, ,2.3, ,355, ,58.7, 
211,4/29/2014,1000,119,0.02, ,0, ,1513, ,11, ,68.3, ,47, ,47, ,5, ,308, ,58.9, 
211,4/29/2014,1100,119,0.03, ,0, ,1710, ,10.9, ,73.4, ,39, ,46.8, ,5.7, ,299, ,59.5, 
211,4/29/2014,1200,119,0.03, ,0, ,1825, ,10.1, ,77.6, ,31, ,44.8, ,4.2, ,285, ,60.1, 
211,4/29/2014,1300,119,0.03, ,0, ,1848, ,10.7, ,81, ,30, ,46.4, ,4.4, ,19, ,60.8, 
211,4/29/2014,1400,119,0.03, ,0, ,1788, ,10.2, ,83.9, ,26, ,45, ,5.4, ,30, ,61.7, 
211,4/29/2014,1500,119,0.03, ,0, ,1508, ,10.1, ,86.3, ,24, ,44.8, ,5.1, ,348, ,62.5, 
211,4/29/2014,1600,119,0.02,Y,0, ,1238, ,9.4, ,87.1,Y,21,Y,43,Y,6, ,320, ,63.2, 
211,4/29/2014,1700,119,0.02,Y,0, ,878, ,9, ,86.5,Y,21,Y,41.8,Y,7.7, ,305, ,63.6, 
211,4/29/2014,1800,119,0.01,Y,0, ,453, ,9, ,84.5,Y,22,Y,41.9,Y,7.1, ,290, ,63.6, 
211,4/29/2014,1900,119,0,Y,0, ,90, ,9.1, ,81.4,Y,25,Y,42.1,Y,3, ,233, ,63.5, 
211,4/29/2014,2000,119,0,R,0, ,0, ,9.6, ,75.9,R,31,R,43.4,R,3.1, ,245, ,63.2, 
211,4/29/2014,2100,119,0,Y,0, ,0, ,9.9, ,70.1,Y,39,Y,44.3,Y,2.7, ,305, ,62.9, 
211,4/29/2014,2200,119,0,Y,0, ,0, ,10.1, ,65.2,Y,47,Y,44.7,Y,3.1, ,310, ,62.6, 
211,4/29/2014,2300,119,0,Y,0, ,0, ,10.2, ,61.2,Y,55,Y,45.1,Y,2.1, ,46, ,62.2, 
211,4/29/2014,2400,119,0, ,0, ,0, ,10, ,58.8, ,59, ,44.5, ,1.9, ,160, ,61.9, 
211,4/30/2014,0100,120,0, ,0, ,0, ,10, ,56.2, ,65, ,44.6, ,2, ,312, ,61.6, 
211,4/30/2014,0200,120,0, ,0, ,0, ,10.3, ,55, ,70, ,45.2, ,2.1, ,290, ,61.3, 
211,4/30/2014,0300,120,0, ,0, ,0, ,9.9, ,52.3, ,74, ,44.3, ,1.9, ,338, ,61, 
211,4/30/2014,0400,120,0, ,0, ,0, ,9.7, ,50.9, ,76, ,43.7, ,2.5, ,323, ,60.8, 
211,4/30/2014,0500,120,0, ,0, ,0, ,9.9, ,51, ,77, ,44.2, ,1.9, ,307, ,60.5, 
211,4/30/2014,0600,120,0, ,0, ,51, ,9.5, ,49.6, ,79, ,43.2, ,1.6, ,91, ,60.3, 
211,4/30/2014,0700,120,0, ,0, ,373, ,10.8, ,56.4, ,70, ,46.6, ,1.8, ,32, ,60.1, 
211,4/30/2014,0800,120,0.01, ,0, ,792, ,11.5, ,62.6, ,59, ,48.2, ,2.5, ,292, ,59.9, 
211,4/30/2014,0900,120,0.02, ,0, ,1176, ,11.6, ,68.8, ,48, ,48.5, ,3.5, ,289, ,60, 
211,4/30/2014,1000,120,0.02,Y,0, ,1506, ,12, ,76,Y,39,Y,49.3,Y,4.4, ,282, ,60.2, 
211,4/30/2014,1100,120,0.03,Y,0, ,1747, ,11.3, ,84,Y,28,Y,47.9,Y,3, ,313, ,60.7, 
211,4/30/2014,1200,120,0.03,Y,0, ,1873, ,10.1, ,88.3,Y,22,Y,44.8,Y,4.1, ,135, ,61.5, 
211,4/30/2014,1300,120,0.03,Y,0, ,1904, ,9.8, ,89.7,Y,20,Y,43.9,Y,4.8, ,221, ,62.4, 
211,4/30/2014,1400,120,0.03,Y,0, ,1786, ,9.3, ,91.1,Y,19,Y,42.7,Y,5.2, ,215, ,63.2, 
211,4/30/2014,1500,120,0.03,Y,0, ,1555, ,10.5, ,91.1,Y,21,Y,45.9,Y,7.9, ,259, ,64, 
211,4/30/2014,1600,120,0.02,Y,0, ,1183, ,8.2, ,88.9,Y,18,Y,39.3,Y,9.9, ,252, ,64.4, 
211,4/30/2014,1700,120,0.02,Y,0, ,759, ,7.1, ,87.3,Y,16,Y,35.8,Y,7, ,258, ,64.5, 
211,4/30/2014,1800,120,0.01,Y,0, ,458, ,6.9, ,86.3,Y,16,Y,35,Y,4.3, ,262, ,64.4, 
211,4/30/2014,1900,120,0,Y,0, ,91, ,7.9, ,80.3,Y,22,Y,38.6,Y,4.1, ,29, ,64.3, 
211,4/30/2014,2000,120,0,Y,0, ,0, ,8.5, ,73.7,Y,30,Y,40.4,Y,5.2, ,140, ,64.1, 
211,4/30/2014,2100,120,0,Y,0, ,0, ,8.5, ,70.9,Y,33,Y,40.2,Y,5.7, ,139, ,63.8, 
211,4/30/2014,2200,120,0,Y,0, ,0, ,8.5, ,67.7,Y,37,Y,40.2,Y,4.8, ,156, ,63.4, 
211,4/30/2014,2300,120,0,Y,0, ,0, ,9.6, ,63,Y,49,Y,43.4,Y,2.5, ,309, ,63.1, 
211,4/30/2014,2400,120,0,Y,0, ,0, ,9.8, ,60.1,Y,55,Y,43.9,Y,2.1, ,321, ,62.8, 
211,5/1/2014,0100,121,0, ,0, ,0, ,9.9, ,58.5, ,59, ,44.3, ,2.8, ,317, ,62.5, 
211,5/1/2014,0200,121,0, ,0, ,0, ,10, ,56.6, ,64, ,44.6, ,3, ,327, ,62.2, 
211,5/1/2014,0300,121,0, ,0, ,0, ,9.9, ,56.2, ,64, ,44.3, ,2.3, ,291, ,62, 
211,5/1/2014,0400,121,0, ,0, ,0, ,9.9, ,53.4, ,71, ,44.3, ,2, ,180, ,61.7, 
211,5/1/2014,0500,121,0, ,0, ,0, ,9.7, ,51.6, ,74, ,43.7, ,1.6, ,52, ,61.4, 
211,5/1/2014,0600,121,0, ,0, ,66, ,9.6, ,51.4, ,74, ,43.6, ,2.3, ,316, ,61.2, 
211,5/1/2014,0700,121,0, ,0, ,321, ,10.6, ,56.9, ,67, ,46.1, ,2.4, ,302, ,61, 
211,5/1/2014,0800,121,0.01, ,0, ,772, ,11.2, ,64.3, ,54, ,47.4, ,2.8, ,327, ,60.8, 
211,5/1/2014,0900,121,0.02, ,0, ,1195, ,11.2, ,71.9, ,42, ,47.5, ,2.6, ,285, ,60.9, 
211,5/1/2014,1000,121,0.02, ,0, ,1477, ,11.7, ,77.6, ,36, ,48.7, ,3.3, ,257, ,61.2, 
211,5/1/2014,1100,121,0.03,Y,0, ,1768, ,12.4, ,84.8,Y,30,Y,50.2,Y,2.7, ,260, ,61.7, 
211,5/1/2014,1200,121,0.03,Y,0, ,1817, ,11.4, ,89,Y,24,Y,47.9,Y,3.6, ,222, ,62.5, 
211,5/1/2014,1300,121,0.03,Y,0, ,1828, ,9.5, ,91.2,Y,19,Y,43.1,Y,5.4, ,251, ,63.3, 
211,5/1/2014,1400,121,0.03,Y,0, ,1589, ,9.4, ,91.4,Y,19,Y,42.9,Y,7.3, ,247, ,64.1, 
211,5/1/2014,1500,121,0.03,Y,0, ,1556, ,8.2, ,91.3,Y,16,Y,39.4,Y,8.7, ,255, ,64.6, 
211,5/1/2014,1600,121,0.02, ,0, ,1178, ,7.7, ,89.5, ,16, ,37.7, ,8.3, ,237, ,64.9, 
211,5/1/2014,1700,121,0.02,Y,0, ,940, ,7.6, ,89.1,Y,16,Y,37.4,Y,6, ,228, ,65, 
211,5/1/2014,1800,121,0.01,Y,0, ,485, ,8.8, ,86.1,Y,21,Y,41.2,Y,5.5, ,178, ,64.9, 
211,5/1/2014,1900,121,0, ,0, ,82, ,8.9, ,78.9, ,26, ,41.5, ,5.9, ,51, ,64.7, 
211,5/1/2014,2000,121,0, ,0, ,1, ,8.7, ,72.2, ,32, ,40.8, ,6.1, ,128, ,64.5, 
211,5/1/2014,2100,121,0, ,0, ,0, ,8.3, ,68.4, ,35, ,39.8, ,6.4, ,153, ,64.2, 
211,5/1/2014,2200,121,0, ,0, ,0, ,8.7, ,63.2, ,44, ,40.8, ,2.2, ,28, ,63.9, 
211,5/1/2014,2300,121,0, ,0, ,0, ,8.8, ,60, ,50, ,41.3, ,2.3, ,331, ,63.6, 
211,5/1/2014,2400,121,0, ,0, ,0, ,8.7, ,57, ,55, ,40.8, ,2.6, ,314, ,63.2, 
211,5/2/2014,0100,122,0, ,0, ,0, ,8.5, ,54.3, ,59, ,40.4, ,2.2, ,324, ,62.8, 
211,5/2/2014,0200,122,0, ,0, ,0, ,8.6, ,51.3, ,66, ,40.5, ,1.7, ,356, ,62.5, 
211,5/2/2014,0300,122,0, ,0, ,0, ,8.5, ,50.2, ,69, ,40.4, ,1.9, ,206, ,62.1, 
211,5/2/2014,0400,122,0, ,0, ,0, ,8.3, ,48.2, ,72, ,39.7, ,1.8, ,346, ,61.8, 
211,5/2/2014,0500,122,0, ,0, ,0, ,8.5, ,47.7, ,75, ,40.3, ,2, ,309, ,61.5, 
211,5/2/2014,0600,122,0, ,0, ,80, ,8.5, ,47.3, ,76, ,40.3, ,2.1, ,327, ,61.2, 
211,5/2/2014,0700,122,0, ,0, ,433, ,9.6, ,55.1, ,65, ,43.4, ,2.1, ,329, ,60.9, 
211,5/2/2014,0800,122,0.01, ,0, ,820, ,10.9, ,60, ,62, ,46.8, ,2.5, ,293, ,60.8, 
211,5/2/2014,0900,122,0.02, ,0, ,1211, ,11.3, ,65.2, ,53, ,47.7, ,3.9, ,293, ,61, 
211,5/2/2014,1000,122,0.02, ,0, ,1544, ,9.7, ,73.1, ,35, ,43.9, ,4.5, ,295, ,61.8, 
211,5/2/2014,1100,122,0.03, ,0, ,1792, ,8.6, ,81.5, ,23, ,40.6, ,7.7, ,317, ,62.7, 
211,5/2/2014,1200,122,0.03, ,0, ,1801, ,6.7, ,84.7, ,17, ,34.4, ,11.1, ,320, ,63.4, 
211,5/2/2014,1300,122,0.04, ,0, ,1910, ,6.8, ,86.7, ,16, ,34.5, ,11.7, ,311, ,64.1, 
211,5/2/2014,1400,122,0.03, ,0, ,1848, ,7.3, ,87.8, ,16, ,36.4, ,12.5, ,314, ,64.5, 
211,5/2/2014,1500,122,0.03, ,0, ,1490, ,7.3, ,87.7, ,16, ,36.4, ,12.2, ,311, ,64.9, 
211,5/2/2014,1600,122,0.02, ,0, ,1182, ,8.3, ,86.8, ,19, ,39.6, ,11.3, ,310, ,65.1, 
211,5/2/2014,1700,122,0.02, ,0, ,949, ,8.8, ,86.5, ,20, ,41.2, ,10.1, ,308, ,65.2, 
211,5/2/2014,1800,122,0.01, ,0, ,447, ,9.1, ,83.9, ,23, ,42, ,10.7, ,314, ,65.1, 
211,5/2/2014,1900,122,0.01, ,0, ,126, ,8.9, ,75.1, ,30, ,41.4, ,14.9, ,321, ,65, 
211,5/2/2014,2000,122,0, ,0, ,1, ,8.7, ,69.4, ,35, ,40.8, ,10.3, ,309, ,64.7, 
211,5/2/2014,2100,122,0, ,0, ,0, ,8.7, ,65.9, ,40, ,40.9, ,9.8, ,312, ,64.4, 
211,5/2/2014,2200,122,0, ,0, ,0, ,11.4, ,62.1, ,60, ,47.9, ,12.2, ,313, ,64.1, 
211,5/2/2014,2300,122,0, ,0, ,0, ,12.9, ,59, ,76, ,51.3, ,9.9, ,319, ,63.8, 
211,5/2/2014,2400,122,0, ,0, ,0, ,12.8, ,57.2, ,80, ,51.1, ,7.6, ,318, ,63.6, 
211,5/3/2014,0100,123,0, ,0, ,0, ,12.6, ,55.7, ,83, ,50.7, ,5, ,341, ,63.3, 
211,5/3/2014,0200,123,0, ,0, ,0, ,12.3, ,54.4, ,85, ,49.9, ,1.9, ,341, ,63.1, 
211,5/3/2014,0300,123,0, ,0, ,0, ,11.6, ,52.5, ,86, ,48.4, ,1.8, ,124, ,62.8, 
211,5/3/2014,0400,123,0, ,0, ,0, ,10.9, ,50.2, ,88, ,46.9, ,1.5, ,353, ,62.6, 
211,5/3/2014,0500,123,0, ,0, ,0, ,10.8, ,49.9, ,88, ,46.6, ,1.8, ,323, ,62.3, 
211,5/3/2014,0600,123,0, ,0, ,48, ,11.3, ,50.4, ,91, ,47.7, ,2.3, ,297, ,62, 
211,5/3/2014,0700,123,0, ,0, ,304, ,13.1, ,55.1, ,89, ,51.7, ,5.3, ,312, ,61.8, 
211,5/3/2014,0800,123,0.01, ,0, ,716, ,13.7, ,58.5, ,82, ,53, ,9.1, ,322, ,61.6, 
211,5/3/2014,0900,123,0.01, ,0, ,903, ,13.5, ,60.4, ,75, ,52.6, ,9.7, ,331, ,61.6, 
211,5/3/2014,1000,123,0.02, ,0, ,1415, ,13.7, ,63.6, ,68, ,52.9, ,8.4, ,325, ,61.8, 
211,5/3/2014,1100,123,0.02, ,0, ,1737, ,13.2, ,67.5, ,57, ,51.8, ,9.3, ,319, ,62.1, 
211,5/3/2014,1200,123,0.03, ,0, ,1984, ,12.4, ,71.3, ,47, ,50.3, ,11.2, ,334, ,62.5, 
211,5/3/2014,1300,123,0.03, ,0, ,1937, ,12.1, ,71.9, ,45, ,49.6, ,13.3, ,321, ,63.1, 
211,5/3/2014,1400,123,0.02, ,0, ,1436, ,11.3, ,72.5, ,41, ,47.8, ,14.2, ,317, ,63.6, 
211,5/3/2014,1500,123,0.03, ,0, ,1597, ,11.9, ,72.7, ,43, ,49.2, ,14.4, ,314, ,64, 
211,5/3/2014,1600,123,0.02, ,0, ,1201, ,11.6, ,71.6, ,44, ,48.4, ,14.3, ,318, ,64.1, 
211,5/3/2014,1700,123,0.02, ,0, ,882, ,11, ,70.3, ,44, ,47, ,14.5, ,317, ,64.2, 
211,5/3/2014,1800,123,0.01, ,0, ,510, ,9.7, ,67.7, ,42, ,43.6, ,14.5, ,309, ,64.1, 
211,5/3/2014,1900,123,0.01, ,0, ,123, ,9.2, ,63.3, ,46, ,42.4, ,14.6, ,307, ,64, 
211,5/3/2014,2000,123,0, ,0, ,1, ,9.9, ,59.6, ,57, ,44.4, ,12.7, ,305, ,63.7, 
211,5/3/2014,2100,123,0, ,0, ,0, ,11.1, ,57.1, ,69, ,47.2, ,13.5, ,315, ,63.4, 
211,5/3/2014,2200,123,0, ,0, ,0, ,11.4, ,55.8, ,75, ,47.9, ,10.1, ,308, ,63.1, 
211,5/3/2014,2300,123,0, ,0, ,0, ,11.1, ,54.9, ,75, ,47.3, ,7.7, ,289, ,62.9, 
211,5/3/2014,2400,123,0, ,0, ,0, ,11.1, ,54.4, ,77, ,47.2, ,6.8, ,282, ,62.6, 
211,5/4/2014,0100,124,0, ,0, ,0, ,10.8, ,53.8, ,77, ,46.7, ,5.4, ,271, ,62.4, 
211,5/4/2014,0200,124,0, ,0, ,0, ,10.5, ,52.2, ,79, ,45.8, ,3.4, ,270, ,62.2, 
211,5/4/2014,0300,124,0, ,0, ,0, ,10.2, ,50.1, ,83, ,45.1, ,1.8, ,15, ,62, 
211,5/4/2014,0400,124,0, ,0, ,0, ,10.1, ,49.1, ,85, ,44.8, ,2.6, ,160, ,61.8, 
211,5/4/2014,0500,124,0, ,0, ,0, ,10.2, ,48.5, ,88, ,45, ,2.4, ,358, ,61.5, 
211,5/4/2014,0600,124,0, ,0, ,40, ,10.4, ,49.7, ,85, ,45.5, ,2, ,88, ,61.3, 
211,5/4/2014,0700,124,0, ,0, ,178, ,10.9, ,51.6, ,84, ,46.9, ,3.1, ,158, ,61.2, 
211,5/4/2014,0800,124,0.01, ,0, ,610, ,11.7, ,55.3, ,78, ,48.6, ,3.4, ,195, ,61.1, 
211,5/4/2014,0900,124,0.01, ,0, ,925, ,12.3, ,60.6, ,68, ,50, ,9, ,307, ,61.1, 
211,5/4/2014,1000,124,0.02, ,0, ,1454, ,12.2, ,63.4, ,61, ,49.9, ,11, ,303, ,61.3, 
211,5/4/2014,1100,124,0.02, ,0, ,1531, ,12.5, ,65.9, ,58, ,50.5, ,10.4, ,314, ,61.5, 
211,5/4/2014,1200,124,0.03, ,0, ,1745, ,12.5, ,68.6, ,53, ,50.6, ,9.3, ,317, ,61.9, 
211,5/4/2014,1300,124,0.03, ,0, ,1933, ,12.4, ,70.8, ,48, ,50.2, ,10.8, ,321, ,62.3, 
211,5/4/2014,1400,124,0.03, ,0, ,1780, ,11.9, ,72.1, ,44, ,49.1, ,9.6, ,322, ,62.9, 
211,5/4/2014,1500,124,0.02, ,0, ,1634, ,12.4, ,73.2, ,45, ,50.3, ,10, ,327, ,63.4, 
211,5/4/2014,1600,124,0.02, ,0, ,1320, ,12.8, ,73.2, ,46, ,51.1, ,11.8, ,325, ,63.9, 
211,5/4/2014,1700,124,0.02, ,0, ,899, ,12.6, ,71.2, ,48, ,50.6, ,13, ,316, ,64.1, 
211,5/4/2014,1800,124,0.01, ,0, ,435, ,12, ,68.2, ,51, ,49.4, ,12.6, ,312, ,64.1, 
211,5/4/2014,1900,124,0, ,0, ,132, ,11.9, ,64.7, ,57, ,49.1, ,12.4, ,308, ,64, 
211,5/4/2014,2000,124,0, ,0, ,1, ,11.9, ,61.4, ,64, ,49.2, ,12.5, ,310, ,63.7, 
211,5/4/2014,2100,124,0, ,0, ,0, ,11.8, ,59.2, ,69, ,49, ,13.2, ,316, ,63.5, 
211,5/4/2014,2200,124,0, ,0, ,0, ,12, ,57.7, ,74, ,49.3, ,10.2, ,304, ,63.2, 
211,5/4/2014,2300,124,0, ,0, ,0, ,12, ,56.4, ,77, ,49.3, ,7.8, ,296, ,63, 
211,5/4/2014,2400,124,0, ,0, ,0, ,11.9, ,55.5, ,79, ,49, ,6, ,287, ,62.7, 
211,5/5/2014,0100,125,0, ,0, ,0, ,11.5, ,54.7, ,79, ,48.2, ,5.2, ,297, ,62.5, 
211,5/5/2014,0200,125,0, ,0, ,0, ,11.3, ,53, ,82, ,47.7, ,2.9, ,334, ,62.3, 
211,5/5/2014,0300,125,0, ,0, ,0, ,11, ,51.5, ,85, ,47, ,2.7, ,357, ,62.1, 
211,5/5/2014,0400,125,0, ,0, ,0, ,10.8, ,50.5, ,86, ,46.5, ,3.4, ,318, ,61.9, 
211,5/5/2014,0500,125,0, ,0, ,0, ,10.8, ,50.5, ,86, ,46.5, ,2.1, ,359, ,61.7, 
211,5/5/2014,0600,125,0, ,0, ,41, ,10.8, ,50.7, ,86, ,46.6, ,2.6, ,142, ,61.5, 
211,5/5/2014,0700,125,0, ,0, ,253, ,11.7, ,53.2, ,84, ,48.7, ,1.6, ,116, ,61.3, 
211,5/5/2014,0800,125,0.01, ,0, ,519, ,12.1, ,55.6, ,80, ,49.5, ,5.5, ,300, ,61.2, 
211,5/5/2014,0900,125,0.01, ,0, ,961, ,12.1, ,58.2, ,73, ,49.6, ,8, ,297, ,61.2, 
211,5/5/2014,1000,125,0.01, ,0, ,1126, ,11.6, ,61.3, ,63, ,48.4, ,8.5, ,312, ,61.4, 
211,5/5/2014,1100,125,0.02, ,0, ,1304, ,11, ,63.8, ,54, ,47.1, ,9.5, ,312, ,61.8, 
211,5/5/2014,1200,125,0.02, ,0, ,1275, ,11.2, ,65.3, ,53, ,47.5, ,5.9, ,289, ,62.1, 
211,5/5/2014,1300,125,0.01, ,0, ,615, ,11.5, ,65, ,55, ,48.3, ,4.4, ,241, ,62.5, 
211,5/5/2014,1400,125,0.01, ,0, ,716, ,11.4, ,64.8, ,54, ,47.9, ,7.9, ,226, ,62.9, 
211,5/5/2014,1500,125,0.01, ,0, ,368, ,10.9, ,64.3, ,53, ,46.7, ,8.5, ,275, ,63.1, 
211,5/5/2014,1600,125,0, ,0, ,268, ,10.3, ,63.7, ,51, ,45.2, ,6.1, ,279, ,63.1, 
211,5/5/2014,1700,125,0.01, ,0, ,346, ,9.8, ,64.1, ,48, ,43.9, ,10.9, ,312, ,63.1, 
211,5/5/2014,1800,125,0.01, ,0, ,253, ,9.4, ,62.5, ,49, ,43, ,14.2, ,315, ,63, 
211,5/5/2014,1900,125,0.01, ,0, ,141, ,9.2, ,59.2, ,54, ,42.3, ,16.2, ,317, ,62.9, 
211,5/5/2014,2000,125,0, ,0, ,1, ,9.1, ,56, ,59, ,42, ,12.6, ,298, ,62.7, 
211,5/5/2014,2100,125,0, ,0, ,0, ,9, ,54.3, ,63, ,41.8, ,8.8, ,286, ,62.5, 
211,5/5/2014,2200,125,0, ,0, ,0, ,9, ,52.7, ,66, ,41.8, ,6.5, ,290, ,62.3, 
211,5/5/2014,2300,125,0, ,0, ,0, ,8.8, ,52.2, ,66, ,41.3, ,6.5, ,270, ,62, 
211,5/5/2014,2400,125,0, ,0, ,0, ,8.8, ,51.4, ,68, ,41.1, ,4.5, ,258, ,61.8, 
211,5/6/2014,0100,126,0, ,0, ,0, ,8.9, ,50.9, ,70, ,41.6, ,4.3, ,281, ,61.6, 
211,5/6/2014,0200,126,0, ,0, ,0, ,8.8, ,50.5, ,70, ,41.1, ,3.5, ,257, ,61.4, 
211,5/6/2014,0300,126,0, ,0, ,0, ,8.5, ,47.8, ,75, ,40.2, ,3, ,257, ,61.2, 
211,5/6/2014,0400,126,0, ,0, ,0, ,8.2, ,45.2, ,80, ,39.3, ,2.4, ,166, ,61, 
211,5/6/2014,0500,126,0, ,0, ,0, ,8.1, ,44.1, ,82, ,39, ,3, ,177, ,60.7, 
211,5/6/2014,0600,126,0, ,0, ,28, ,8.3, ,45, ,81, ,39.6, ,3, ,220, ,60.5, 
211,5/6/2014,0700,126,0, ,0, ,364, ,9, ,47.7, ,79, ,41.7, ,3.8, ,143, ,60.3, 
211,5/6/2014,0800,126,0.01, ,0, ,849, ,9.5, ,54.8, ,65, ,43.2, ,3.1, ,150, ,60.1, 
211,5/6/2014,0900,126,0.01, ,0, ,1239, ,9.7, ,57.3, ,61, ,43.8, ,3.3, ,177, ,60.1, 
211,5/6/2014,1000,126,0.02, ,0, ,1561, ,10, ,60.4, ,56, ,44.6, ,4, ,286, ,60.3, 
211,5/6/2014,1100,126,0.02, ,0, ,1747, ,10, ,63.9, ,49, ,44.5, ,4.8, ,238, ,60.7, 
211,5/6/2014,1200,126,0.02, ,0, ,1790, ,9.9, ,66.1, ,45, ,44.2, ,7.7, ,273, ,61.3, 
211,5/6/2014,1300,126,0.03, ,0, ,1960, ,10.1, ,66.4, ,46, ,44.8, ,9.4, ,232, ,62, 
211,5/6/2014,1400,126,0.03, ,0, ,1861, ,9.5, ,67.1, ,42, ,43.3, ,10.7, ,223, ,62.6, 
211,5/6/2014,1500,126,0.02, ,0, ,1702, ,9.6, ,67.3, ,42, ,43.4, ,12.6, ,209, ,63.1, 
211,5/6/2014,1600,126,0.02, ,0, ,1132, ,9.5, ,69.4, ,39, ,43.3, ,9.4, ,267, ,63.3, 
211,5/6/2014,1700,126,0.02, ,0, ,914, ,9.1, ,69.7, ,37, ,42, ,14.8, ,312, ,63.4, 
211,5/6/2014,1800,126,0.01, ,0, ,510, ,9.1, ,66.9, ,40, ,42.1, ,14.4, ,311, ,63.3, 
211,5/6/2014,1900,126,0, ,0, ,134, ,8.8, ,63.7, ,44, ,41.2, ,11.5, ,318, ,63.2, 
211,5/6/2014,2000,126,0, ,0, ,1, ,9.2, ,60.1, ,52, ,42.5, ,4.8, ,293, ,63, 
211,5/6/2014,2100,126,0, ,0, ,0, ,10.2, ,54.8, ,69, ,45, ,6.1, ,150, ,62.8, 
211,5/6/2014,2200,126,0, ,0, ,0, ,10.4, ,52.7, ,76, ,45.5, ,6.8, ,152, ,62.5, 
211,5/6/2014,2300,126,0, ,0, ,0, ,10.2, ,52.5, ,75, ,45, ,5.2, ,188, ,62.2, 
211,5/6/2014,2400,126,0, ,0, ,0, ,10, ,51.5, ,77, ,44.7, ,5.3, ,172, ,62, 
211,5/7/2014,0100,127,0, ,0, ,0, ,10.1, ,50.4, ,81, ,44.8, ,5.4, ,166, ,61.7, 
211,5/7/2014,0200,127,0, ,0, ,0, ,9.8, ,48.8, ,83, ,43.9, ,3.9, ,162, ,61.5, 
211,5/7/2014,0300,127,0, ,0, ,0, ,9.9, ,48.2, ,86, ,44.4, ,4.7, ,128, ,61.3, 
211,5/7/2014,0400,127,0, ,0, ,0, ,9.8, ,47.7, ,87, ,43.9, ,3.1, ,169, ,61.1, 
211,5/7/2014,0500,127,0, ,0, ,0, ,9.9, ,48.3, ,86, ,44.3, ,2, ,75, ,60.9, 
211,5/7/2014,0600,127,0, ,0, ,20, ,10.2, ,51, ,80, ,45.1, ,6.7, ,166, ,60.7, 
211,5/7/2014,0700,127,0, ,0, ,105, ,10.2, ,51.7, ,78, ,45, ,5.6, ,163, ,60.6, 
211,5/7/2014,0800,127,0, ,0, ,202, ,10.2, ,52.2, ,77, ,45.1, ,7.2, ,159, ,60.6, 
211,5/7/2014,0900,127,0, ,0, ,293, ,10.2, ,52.9, ,74, ,44.9, ,6.8, ,154, ,60.5, 
211,5/7/2014,1000,127,0, ,0, ,401, ,10.4, ,53.9, ,73, ,45.5, ,7.1, ,170, ,60.5, 
211,5/7/2014,1100,127,0.01, ,0, ,695, ,10.4, ,55.3, ,69, ,45.5, ,7.8, ,175, ,60.5, 
211,5/7/2014,1200,127,0.01, ,0, ,1008, ,10.5, ,56.6, ,67, ,45.9, ,9.5, ,178, ,60.6, 
211,5/7/2014,1300,127,0.02, ,0, ,1595, ,10.8, ,58.4, ,65, ,46.6, ,10.8, ,171, ,60.7, 
211,5/7/2014,1400,127,0.02, ,0, ,1823, ,11.2, ,59.7, ,64, ,47.4, ,11.8, ,175, ,60.9, 
211,5/7/2014,1500,127,0.02, ,0, ,1618, ,11.4, ,61.5, ,61, ,47.9, ,10.5, ,172, ,61.1, 
211,5/7/2014,1600,127,0.02, ,0, ,1245, ,11.3, ,61.6, ,60, ,47.8, ,11.8, ,173, ,61.4, 
211,5/7/2014,1700,127,0.01, ,0, ,503, ,10.9, ,59.8, ,62, ,46.8, ,10.7, ,174, ,61.6, 
211,5/7/2014,1800,127,0.01, ,0, ,368, ,11.5, ,59.3, ,66, ,48.1, ,8.9, ,182, ,61.6, 
211,5/7/2014,1900,127,0, ,0, ,146, ,11.4, ,58.3, ,69, ,48.1, ,7.9, ,173, ,61.5, 
211,5/7/2014,2000,127,0, ,0, ,1, ,10.7, ,55.8, ,70, ,46.2, ,4.4, ,135, ,61.4, 
211,5/7/2014,2100,127,0, ,0, ,0, ,10.3, ,53.1, ,75, ,45.4, ,3.6, ,157, ,61.3, 
211,5/7/2014,2200,127,0, ,0, ,0, ,10.1, ,51.1, ,79, ,44.8, ,4.4, ,139, ,61.1, 
211,5/7/2014,2300,127,0, ,0, ,0, ,9.9, ,50, ,81, ,44.3, ,3.7, ,127, ,60.9, 
211,5/7/2014,2400,127,0, ,0, ,0, ,10.2, ,50.2, ,82, ,44.9, ,4.1, ,126, ,60.7, 
211,5/8/2014,0100,128,0, ,0, ,0, ,10.5, ,50.1, ,85, ,45.7, ,5.9, ,133, ,60.6, 
211,5/8/2014,0200,128,0, ,0, ,0, ,10.3, ,49.5, ,86, ,45.4, ,4.1, ,129, ,60.4, 
211,5/8/2014,0300,128,0, ,0, ,0, ,10.4, ,49.3, ,87, ,45.5, ,3.9, ,138, ,60.3, 
211,5/8/2014,0400,128,0, ,0, ,0, ,9.9, ,47.8, ,87, ,44.2, ,2.5, ,137, ,60.2, 
211,5/8/2014,0500,128,0, ,0, ,0, ,9.6, ,46.4, ,89, ,43.3, ,1.7, ,118, ,60.1, 
211,5/8/2014,0600,128,0, ,0, ,74, ,9.5, ,45.5, ,91, ,43.2, ,1.5, ,347, ,59.9, 
211,5/8/2014,0700,128,0, ,0, ,495, ,11, ,50.5, ,88, ,47.1, ,3.1, ,164, ,59.8, 
211,5/8/2014,0800,128,0.01, ,0, ,848, ,11.6, ,54.6, ,80, ,48.4, ,3.6, ,168, ,59.7, 
211,5/8/2014,0900,128,0.01, ,0, ,1172, ,11.2, ,57.5, ,69, ,47.5, ,3.7, ,243, ,59.7, 
211,5/8/2014,1000,128,0.01, ,0, ,1070, ,9.9, ,61, ,54, ,44.4, ,3.4, ,207, ,60, 
211,5/8/2014,1100,128,0.01, ,0, ,846, ,11, ,62.2, ,57, ,47, ,4.8, ,188, ,60.4, 
211,5/8/2014,1200,128,0.01, ,0, ,626, ,11.2, ,62.9, ,57, ,47.6, ,6.5, ,193, ,60.7, 
211,5/8/2014,1300,128,0.01, ,0, ,932, ,11.6, ,64.7, ,55, ,48.4, ,4.4, ,216, ,60.9, 
211,5/8/2014,1400,128,0.02, ,0, ,1287, ,12.6, ,67, ,55, ,50.6, ,4.5, ,124, ,61.1, 
211,5/8/2014,1500,128,0.02, ,0, ,1220, ,13.4, ,68.6, ,56, ,52.3, ,6.4, ,232, ,61.4, 
211,5/8/2014,1600,128,0.01, ,0, ,1031, ,13.8, ,67.2, ,60, ,53.1, ,8.3, ,260, ,61.8, 
211,5/8/2014,1700,128,0.01, ,0, ,706, ,14, ,67, ,62, ,53.5, ,6.4, ,224, ,62.1, 
211,5/8/2014,1800,128,0.01, ,0, ,382, ,13.8, ,64, ,68, ,53.2, ,7.4, ,236, ,62.2, 
211,5/8/2014,1900,128,0, ,0, ,105, ,13.9, ,62, ,73, ,53.3, ,4.4, ,246, ,62.2, 
211,5/8/2014,2000,128,0, ,0, ,1, ,13.9, ,61, ,76, ,53.3, ,4.3, ,263, ,62.1, 
211,5/8/2014,2100,128,0, ,0, ,0, ,14.2, ,59.2, ,83, ,53.9, ,6.5, ,177, ,62, 
211,5/8/2014,2200,128,0, ,0, ,0, ,14.4, ,57.9, ,88, ,54.4, ,6.6, ,155, ,61.9, 
211,5/8/2014,2300,128,0, ,0, ,0, ,14.6, ,57.3, ,91, ,54.6, ,5.9, ,151, ,61.8, 
211,5/8/2014,2400,128,0, ,0, ,0, ,14.8, ,57.2, ,92, ,55, ,4.5, ,166, ,61.7, 
211,5/9/2014,0100,129,0, ,0, ,0, ,14.9, ,57.2, ,93, ,55.2, ,4.7, ,123, ,61.7, 
211,5/9/2014,0200,129,0, ,0, ,0, ,14.6, ,57.3, ,91, ,54.6, ,4.2, ,121, ,61.6, 
211,5/9/2014,0300,129,0, ,0, ,0, ,14.3, ,56.7, ,91, ,54.1, ,3.1, ,99, ,61.5, 
211,5/9/2014,0400,129,0, ,0, ,0, ,14.5, ,56.8, ,92, ,54.5, ,2.7, ,9, ,61.5, 
211,5/9/2014,0500,129,0, ,0, ,0, ,14.1, ,56.3, ,91, ,53.7, ,2, ,340, ,61.4, 
211,5/9/2014,0600,129,0, ,0, ,46, ,13.6, ,55.1, ,92, ,52.8, ,2.5, ,155, ,61.3, 
211,5/9/2014,0700,129,0, ,0, ,440, ,14.4, ,58.7, ,85, ,54.3, ,4.6, ,309, ,61.2, 
211,5/9/2014,0800,129,0.01, ,0, ,805, ,14, ,61.8, ,74, ,53.6, ,9.3, ,296, ,61.2, 
211,5/9/2014,0900,129,0.02, ,0, ,1277, ,13.3, ,64.1, ,65, ,52.2, ,9.3, ,301, ,61.2, 
211,5/9/2014,1000,129,0.02, ,0, ,1502, ,12.5, ,66.5, ,56, ,50.4, ,9.9, ,316, ,61.4, 
211,5/9/2014,1100,129,0.03, ,0, ,1809, ,12.6, ,68.3, ,54, ,50.8, ,10.2, ,316, ,61.6, 
211,5/9/2014,1200,129,0.03, ,0, ,1710, ,12.1, ,69.5, ,49, ,49.6, ,10.7, ,315, ,62, 
211,5/9/2014,1300,129,0.03, ,0, ,1949, ,11.5, ,70.4, ,45, ,48.3, ,11.5, ,326, ,62.4, 
211,5/9/2014,1400,129,0.03, ,0, ,1838, ,11, ,71.5, ,42, ,47, ,13.7, ,320, ,62.7, 
211,5/9/2014,1500,129,0.03, ,0, ,1608, ,10.4, ,71.8, ,39, ,45.6, ,16, ,321, ,63.1, 
211,5/9/2014,1600,129,0.02, ,0, ,1275, ,9.5, ,70.6, ,37, ,43.3, ,16, ,317, ,63.3, 
211,5/9/2014,1700,129,0.02, ,0, ,925, ,9, ,69.5, ,36, ,41.7, ,14.5, ,316, ,63.3, 
211,5/9/2014,1800,129,0.01, ,0, ,527, ,9, ,66.8, ,40, ,41.7, ,15.6, ,321, ,63.2, 
211,5/9/2014,1900,129,0.01, ,0, ,146, ,9.3, ,62.8, ,48, ,42.6, ,14.9, ,323, ,63, 
211,5/9/2014,2000,129,0, ,0, ,2, ,9.4, ,58.9, ,55, ,43, ,12.3, ,313, ,62.8, 
211,5/9/2014,2100,129,0, ,0, ,0, ,9.5, ,56.3, ,61, ,43.1, ,12.1, ,315, ,62.5, 
211,5/9/2014,2200,129,0, ,0, ,0, ,9.7, ,54.6, ,67, ,43.8, ,12.5, ,318, ,62.2, 
211,5/9/2014,2300,129,0, ,0, ,0, ,9.7, ,53.3, ,70, ,43.8, ,7.7, ,298, ,62, 
211,5/9/2014,2400,129,0, ,0, ,0, ,9.4, ,52.1, ,71, ,42.9, ,5.6, ,290, ,61.7, 
211,5/10/2014,0100,130,0, ,0, ,0, ,9.1, ,51.6, ,70, ,42.2, ,6.5, ,284, ,61.5, 
211,5/10/2014,0200,130,0, ,0, ,0, ,9.1, ,50.6, ,73, ,42.1, ,4.8, ,271, ,61.3, 
211,5/10/2014,0300,130,0, ,0, ,0, ,9, ,47.7, ,80, ,41.9, ,2.7, ,284, ,61.1, 
211,5/10/2014,0400,130,0, ,0, ,0, ,8.4, ,44.6, ,84, ,40, ,2.3, ,331, ,60.9, 
211,5/10/2014,0500,130,0, ,0, ,0, ,8.2, ,42.8, ,87, ,39.3, ,2, ,314, ,60.6, 
211,5/10/2014,0600,130,0, ,0, ,38, ,8.1, ,42.4, ,88, ,39.1, ,1.5, ,7, ,60.4, 
211,5/10/2014,0700,130,0, ,0, ,233, ,9.1, ,45.4, ,88, ,42, ,2.6, ,130, ,60.1, 
211,5/10/2014,0800,130,0.01, ,0, ,866, ,10.2, ,52.3, ,76, ,45.1, ,3.8, ,156, ,59.9, 
211,5/10/2014,0900,130,0.01, ,0, ,1244, ,10.7, ,57.1, ,67, ,46.4, ,8.9, ,307, ,59.9, 
211,5/10/2014,1000,130,0.02, ,0, ,1589, ,10.8, ,59.7, ,61, ,46.5, ,12.2, ,316, ,60.2, 
211,5/10/2014,1100,130,0.02, ,0, ,1834, ,10.7, ,63.5, ,53, ,46.3, ,10.9, ,312, ,60.6, 
211,5/10/2014,1200,130,0.03, ,0, ,1974, ,9.3, ,67.3, ,41, ,42.7, ,12.8, ,307, ,61.1, 
211,5/10/2014,1300,130,0.03, ,0, ,1984, ,8.3, ,69.4, ,34, ,39.7, ,15.5, ,321, ,61.6, 
211,5/10/2014,1400,130,0.03, ,0, ,1877, ,7.2, ,70.4, ,28, ,36.1, ,16.2, ,321, ,62, 
211,5/10/2014,1500,130,0.03, ,0, ,1633, ,7.1, ,71.5, ,27, ,35.7, ,16.3, ,323, ,62.3, 
211,5/10/2014,1600,130,0.03, ,0, ,1323, ,8.4, ,69.3, ,34, ,39.9, ,21, ,323, ,62.5, 
211,5/10/2014,1700,130,0.02, ,0, ,952, ,8.2, ,67.1, ,36, ,39.4, ,18.5, ,317, ,62.6, 
211,5/10/2014,1800,130,0.01, ,0, ,539, ,8.9, ,64.7, ,43, ,41.5, ,18.7, ,320, ,62.5, 
211,5/10/2014,1900,130,0.01, ,0, ,158, ,9.4, ,61.7, ,50, ,43, ,16.2, ,322, ,62.3, 
211,5/10/2014,2000,130,0, ,0, ,3, ,9.9, ,58.5, ,59, ,44.4, ,12.3, ,316, ,62.1, 
211,5/10/2014,2100,130,0, ,0, ,0, ,10.3, ,56.3, ,67, ,45.4, ,10.6, ,308, ,61.9, 
211,5/10/2014,2200,130,0, ,0, ,0, ,10.6, ,54.4, ,73, ,46.1, ,9.5, ,316, ,61.6, 
211,5/10/2014,2300,130,0, ,0, ,0, ,10.7, ,53.6, ,76, ,46.3, ,11, ,311, ,61.4, 
211,5/10/2014,2400,130,0, ,0, ,0, ,10.7, ,53, ,78, ,46.3, ,11.5, ,311, ,61.2, 
211,5/11/2014,0100,131,0, ,0, ,0, ,10.6, ,52.1, ,80, ,46, ,9.9, ,303, ,61, 
211,5/11/2014,0200,131,0, ,0, ,0, ,10.6, ,51.6, ,81, ,46.1, ,10.3, ,309, ,60.9, 
211,5/11/2014,0300,131,0, ,0, ,0, ,10.5, ,51, ,82, ,45.8, ,10.1, ,317, ,60.7, 
211,5/11/2014,0400,131,0, ,0, ,0, ,10.5, ,50.8, ,83, ,45.8, ,9.9, ,315, ,60.5, 
211,5/11/2014,0500,131,0, ,0, ,1, ,10.2, ,51.2, ,79, ,45, ,7.4, ,325, ,60.4, 
211,5/11/2014,0600,131,0, ,0, ,106, ,10, ,51.5, ,77, ,44.7, ,4.8, ,327, ,60.3, 
211,5/11/2014,0700,131,0.01, ,0, ,489, ,10.3, ,55.8, ,68, ,45.2, ,11.1, ,333, ,60.1, 
211,5/11/2014,0800,131,0.01, ,0, ,904, ,9.6, ,60, ,54, ,43.5, ,17, ,327, ,60, 
211,5/11/2014,0900,131,0.02, ,0, ,1292, ,8.2, ,64.7, ,40, ,39.5, ,18, ,328, ,60, 
211,5/11/2014,1000,131,0.03, ,0, ,1621, ,7.1, ,68.5, ,30, ,35.6, ,18.8, ,321, ,60.1, 
211,5/11/2014,1100,131,0.03, ,0, ,1869, ,7, ,72.2, ,26, ,35.5, ,18.9, ,317, ,60.2, 
211,5/11/2014,1200,131,0.04, ,0, ,1999, ,6.8, ,75.2, ,23, ,34.8, ,18, ,311, ,60.4, 
211,5/11/2014,1300,131,0.04, ,0, ,1993, ,7.3, ,76.6, ,23, ,36.5, ,15.6, ,301, ,60.7, 
211,5/11/2014,1400,131,0.03, ,0, ,1873, ,7.1, ,77.5, ,22, ,35.9, ,14.4, ,299, ,61.1, 
211,5/11/2014,1500,131,0.03, ,0, ,1651, ,6.9, ,78.4, ,21, ,35.2, ,15.6, ,300, ,61.4, 
211,5/11/2014,1600,131,0.03, ,0, ,1334, ,6.9, ,78.3, ,21, ,35, ,15.6, ,307, ,61.7, 
211,5/11/2014,1700,131,0.02, ,0, ,961, ,7.1, ,77, ,22, ,35.8, ,17.6, ,317, ,61.8, 
211,5/11/2014,1800,131,0.02, ,0, ,556, ,7, ,73.8, ,25, ,35.4, ,18.9, ,318, ,61.8, 
211,5/11/2014,1900,131,0.01, ,0, ,124, ,6.4, ,69.9, ,26, ,33.2, ,16.9, ,318, ,61.7, 
211,5/11/2014,2000,131,0, ,0, ,1, ,6.3, ,65.9, ,29, ,32.8, ,9.8, ,308, ,61.6, 
211,5/11/2014,2100,131,0, ,0, ,0, ,6.3, ,62.6, ,32, ,32.8, ,6.7, ,310, ,61.4, 
211,5/11/2014,2200,131,0, ,0, ,0, ,6.7, ,59.8, ,38, ,34.2, ,4.6, ,306, ,61.2, 
211,5/11/2014,2300,131,0, ,0, ,0, ,7, ,53.8, ,50, ,35.5, ,2.7, ,267, ,61, 
211,5/11/2014,2400,131,0, ,0, ,0, ,6.7, ,49.9, ,55, ,34.4, ,1.6, ,5, ,60.7, 
211,5/12/2014,0100,132,0, ,0, ,0, ,6.7, ,47.8, ,59, ,34.4, ,2.1, ,323, ,60.4, 
211,5/12/2014,0200,132,0, ,0, ,0, ,6.6, ,46.1, ,62, ,33.8, ,1.9, ,308, ,60.2, 
211,5/12/2014,0300,132,0, ,0, ,0, ,6.4, ,44.3, ,64, ,33, ,2.9, ,330, ,59.9, 
211,5/12/2014,0400,132,0, ,0, ,0, ,6.5, ,43.5, ,68, ,33.5, ,1.9, ,325, ,59.6, 
211,5/12/2014,0500,132,0, ,0, ,1, ,6.5, ,42, ,71, ,33.4, ,1.7, ,247, ,59.4, 
211,5/12/2014,0600,132,0, ,0, ,107, ,6.6, ,42.6, ,71, ,33.8, ,2.2, ,334, ,59.1, 
211,5/12/2014,0700,132,0, ,0, ,481, ,7.3, ,50.5, ,59, ,36.6, ,1.9, ,311, ,58.9, 
211,5/12/2014,0800,132,0.01, ,0, ,895, ,7.9, ,58.1, ,48, ,38.6, ,2.1, ,297, ,58.8, 
211,5/12/2014,0900,132,0.01, ,0, ,1263, ,10.1, ,62.8, ,52, ,44.8, ,2, ,129, ,58.9, 
211,5/12/2014,1000,132,0.02, ,0, ,1602, ,10.1, ,67.8, ,44, ,44.8, ,2.8, ,276, ,59.3, 
211,5/12/2014,1100,132,0.03, ,0, ,1836, ,9.1, ,75.1, ,31, ,42.2, ,3.9, ,288, ,60.7, 
211,5/12/2014,1200,132,0.03, ,0, ,1958, ,8.1, ,80.6, ,23, ,39.2, ,4.5, ,299, ,62, 
211,5/12/2014,1300,132,0.03, ,0, ,1960, ,8.1, ,83.8, ,21, ,39.1, ,4.8, ,290, ,63, 
211,5/12/2014,1400,132,0.03, ,0, ,1838, ,7.7, ,86.4, ,18, ,37.9, ,7.3, ,319, ,63.9, 
211,5/12/2014,1500,132,0.03, ,0, ,1615, ,8.3, ,86, ,20, ,39.8, ,7, ,235, ,64.7, 
211,5/12/2014,1600,132,0.02, ,0, ,1310, ,7.4, ,85.6, ,18, ,36.8, ,7.1, ,247, ,65.1, 
211,5/12/2014,1700,132,0.02, ,0, ,944, ,6.7, ,84.6, ,17, ,34.4, ,7.5, ,252, ,65.2, 
211,5/12/2014,1800,132,0.01, ,0, ,546, ,6.6, ,83.9, ,17, ,34, ,5.3, ,251, ,65.2, 
211,5/12/2014,1900,132,0,Y,0, ,134, ,7.6, ,80.5,Y,21,Y,37.5,Y,5, ,321, ,65, 
211,5/12/2014,2000,132,0, ,0, ,3, ,9.1, ,70.7, ,36, ,42.1, ,4.6, ,129, ,64.8, 
211,5/12/2014,2100,132,0, ,0, ,0, ,9.1, ,66.4, ,41, ,42.2, ,3.2, ,304, ,64.5, 
211,5/12/2014,2200,132,0,Y,0, ,0, ,6.8, ,67.2,Y,30,Y,34.8,Y,6.5, ,313, ,64.1, 
211,5/12/2014,2300,132,0, ,0, ,0, ,7.1, ,64.2, ,35, ,35.8, ,4.8, ,296, ,63.8, 
211,5/12/2014,2400,132,0, ,0, ,0, ,7.3, ,60.4, ,41, ,36.5, ,2.4, ,172, ,63.5, 
211,5/13/2014,0100,133,0, ,0, ,0, ,8.1, ,56.2, ,52, ,39.1, ,1.8, ,170, ,63.1, 
211,5/13/2014,0200,133,0, ,0, ,0, ,7.5, ,52.4, ,56, ,37.1, ,2.2, ,324, ,62.8, 
211,5/13/2014,0300,133,0, ,0, ,0, ,7.5, ,50.9, ,59, ,37, ,2, ,330, ,62.5, 
211,5/13/2014,0400,133,0, ,0, ,0, ,7.3, ,49.4, ,61, ,36.6, ,2.5, ,324, ,62.2, 
211,5/13/2014,0500,133,0, ,0, ,1, ,7.1, ,47.9, ,63, ,35.8, ,1.8, ,329, ,61.9, 
211,5/13/2014,0600,133,0, ,0, ,109, ,7.4, ,48.7, ,64, ,36.9, ,2.3, ,317, ,61.6, 
211,5/13/2014,0700,133,0.01, ,0, ,476, ,8.6, ,56.7, ,55, ,40.6, ,1.8, ,303, ,61.3, 
211,5/13/2014,0800,133,0.01, ,0, ,882, ,8.9, ,64.9, ,43, ,41.6, ,1.7, ,206, ,61.1, 
211,5/13/2014,0900,133,0.02, ,0, ,1262, ,9, ,70.3, ,36, ,41.9, ,2.5, ,253, ,61.1, 
211,5/13/2014,1000,133,0.02, ,0, ,1587, ,9.2, ,77, ,29, ,42.5, ,2.9, ,274, ,61.4, 
211,5/13/2014,1100,133,0.03, ,0, ,1830, ,9.7, ,83.7, ,25, ,43.9, ,3.8, ,210, ,61.8, 
211,5/13/2014,1200,133,0.03,Y,0, ,1964, ,7.5, ,89.1,Y,16,Y,37,Y,5.7, ,163, ,62.6, 
211,5/13/2014,1300,133,0.03,Y,0, ,1960, ,7.3, ,90.6,Y,15,Y,36.5,Y,5.8, ,240, ,63.4, 
211,5/13/2014,1400,133,0.03,Y,0, ,1850, ,7.6, ,92.3,Y,15,Y,37.3,Y,4.6, ,199, ,64.1, 
211,5/13/2014,1500,133,0.03,Y,0, ,1624, ,7.2, ,93.4,Y,14,Y,36.2,Y,5.2, ,198, ,64.9, 
211,5/13/2014,1600,133,0.03,Y,0, ,1322, ,7.6, ,90.6,Y,15,Y,37.4,Y,9, ,243, ,65.5, 
211,5/13/2014,1700,133,0.02, ,0, ,964, ,6.3, ,87.7, ,14, ,32.6, ,10.6, ,246, ,65.7, 
211,5/13/2014,1800,133,0.01,Y,0, ,557, ,5.6, ,86.5,Y,13,Y,29.9,Y,6.2, ,258, ,65.6, 
211,5/13/2014,1900,133,0.01,Y,0, ,169, ,5.3, ,83.6,Y,13,Y,28.4,Y,4.7, ,268, ,65.4, 
211,5/13/2014,2000,133,0,Y,0, ,3, ,5.6, ,78.4,Y,17,Y,29.8,Y,3.6, ,127, ,65.2, 
211,5/13/2014,2100,133,0,Y,0, ,0, ,6, ,71.7,Y,23,Y,31.6,Y,5.9, ,155, ,64.9, 
211,5/13/2014,2200,133,0,Y,0, ,0, ,6.2, ,69.1,Y,25,Y,32.2,Y,4.7, ,158, ,64.6, 
211,5/13/2014,2300,133,0, ,0, ,0, ,6.8, ,61.6, ,36, ,34.7, ,2.7, ,329, ,64.3, 
211,5/13/2014,2400,133,0, ,0, ,0, ,6.7, ,61.6, ,36, ,34.4, ,2.8, ,302, ,64, 
211,5/14/2014,0100,134,0, ,0, ,0, ,6.7, ,57.8, ,41, ,34.2, ,3.1, ,330, ,63.7, 
211,5/14/2014,0200,134,0, ,0, ,0, ,7.5, ,56.2, ,48, ,37, ,1.8, ,337, ,63.4, 
211,5/14/2014,0300,134,0, ,0, ,0, ,7.6, ,54.5, ,53, ,37.6, ,1.8, ,327, ,63.1, 
211,5/14/2014,0400,134,0, ,0, ,0, ,7.7, ,52.6, ,57, ,37.8, ,1.4, ,107, ,62.8, 
211,5/14/2014,0500,134,0, ,0, ,1, ,7.2, ,51.2, ,56, ,36.1, ,2.4, ,316, ,62.5, 
211,5/14/2014,0600,134,0, ,0, ,108, ,7.7, ,52.2, ,58, ,37.8, ,2.2, ,307, ,62.3, 
211,5/14/2014,0700,134,0.01, ,0, ,472, ,8.5, ,59.1, ,49, ,40.2, ,2.9, ,314, ,62, 
211,5/14/2014,0800,134,0.01, ,0, ,876, ,8.7, ,68.5, ,37, ,40.9, ,2.1, ,307, ,61.9, 
211,5/14/2014,0900,134,0.02, ,0, ,1261, ,8.6, ,74.4, ,30, ,40.7, ,2.7, ,296, ,61.9, 
211,5/14/2014,1000,134,0.02,Y,0, ,1580, ,9, ,81.2,Y,25,Y,41.8,Y,4.1, ,292, ,62.2, 
211,5/14/2014,1100,134,0.03,Y,0, ,1797, ,9, ,87.8,Y,20,Y,41.7,Y,3.2, ,281, ,62.7, 
211,5/14/2014,1200,134,0.03,Y,0, ,1947, ,8.3, ,92,Y,16,Y,39.7,Y,3.2, ,209, ,63.4, 
211,5/14/2014,1300,134,0.03,Y,0, ,1910, ,8.4, ,94.2,Y,15,Y,39.9,Y,4.1, ,219, ,64.3, 
211,5/14/2014,1400,134,0.03,Y,0, ,1846, ,8, ,95.2,Y,14,Y,38.7,Y,6.5, ,241, ,65.2, 
211,5/14/2014,1500,134,0.03,Y,0, ,1637, ,7.3, ,95.6,Y,13,Y,36.4,Y,7.7, ,249, ,65.9, 
211,5/14/2014,1600,134,0.03,Y,0, ,1317, ,7.1, ,93.8,Y,13,Y,35.6,Y,8.7, ,247, ,66.3, 
211,5/14/2014,1700,134,0.02,Y,0, ,943, ,7.1, ,92.7,Y,14,Y,35.9,Y,8.1, ,256, ,66.4, 
211,5/14/2014,1800,134,0.01,Y,0, ,534, ,7.8, ,91.7,Y,15,Y,38.1,Y,9.5, ,293, ,66.3, 
211,5/14/2014,1900,134,0.01,Y,0, ,155, ,8.2, ,87.2,Y,19,Y,39.3,Y,8.1, ,293, ,66.1, 
211,5/14/2014,2000,134,0,R,0, ,4, ,7.7, ,81.7,R,21,R,37.9,R,4.1, ,308, ,65.9, 
211,5/14/2014,2100,134,0,Y,0, ,0, ,7.4, ,75.5,Y,25,Y,36.9,Y,4.6, ,321, ,65.7, 
211,5/14/2014,2200,134,0,Y,0, ,0, ,7.4, ,71.7,Y,28,Y,36.8,Y,4.9, ,339, ,65.4, 
211,5/14/2014,2300,134,0,Y,0, ,0, ,6.7, ,68.3,Y,28,Y,34.2,Y,4.1, ,330, ,65, 
211,5/14/2014,2400,134,0,Y,0, ,0, ,7.1, ,66.1,Y,32,Y,35.6,Y,3.5, ,321, ,64.7, 
211,5/15/2014,0100,135,0,Y,0, ,0, ,7.7, ,63.2,Y,39,Y,37.7,Y,3, ,334, ,64.4, 
211,5/15/2014,0200,135,0, ,0, ,0, ,8, ,60.4, ,45, ,38.8, ,2.3, ,179, ,64.1, 
211,5/15/2014,0300,135,0, ,0, ,0, ,7.8, ,57, ,49, ,38.1, ,2.2, ,315, ,63.8, 
211,5/15/2014,0400,135,0, ,0, ,0, ,7.6, ,54.4, ,53, ,37.6, ,2.6, ,327, ,63.6, 
211,5/15/2014,0500,135,0, ,0, ,1, ,7.9, ,53.8, ,56, ,38.3, ,2.2, ,317, ,63.3, 
211,5/15/2014,0600,135,0, ,0, ,112, ,8.1, ,54.8, ,55, ,39.1, ,3, ,311, ,63, 
211,5/15/2014,0700,135,0.01, ,0, ,487, ,8.7, ,63.6, ,43, ,40.9, ,1.9, ,323, ,62.8, 
211,5/15/2014,0800,135,0.01,Y,0, ,901, ,8.5, ,71.3,Y,33,Y,40.4,Y,1.5, ,284, ,62.7, 
211,5/15/2014,0900,135,0.02,Y,0, ,1284, ,8.7, ,76.8,Y,28,Y,40.9,Y,2, ,257, ,62.7, 
211,5/15/2014,1000,135,0.02,Y,0, ,1606, ,8, ,83,Y,21,Y,38.9,Y,4.6, ,294, ,63, 
211,5/15/2014,1100,135,0.03,Y,0, ,1854, ,6.2, ,89.6,Y,13,Y,32.4,Y,8.8, ,314, ,63.6, 
211,5/15/2014,1200,135,0.04,Y,0, ,1939, ,6.5, ,92.6,Y,12,Y,33.5,Y,8.5, ,318, ,64.1, 
211,5/15/2014,1300,135,0.04,Y,0, ,1937, ,7.2, ,94.5,Y,13,Y,36,Y,8.5, ,322, ,64.7, 
211,5/15/2014,1400,135,0.03,Y,0, ,1759, ,7.3, ,96.2,Y,13,Y,36.4,Y,9.4, ,320, ,65.3, 
211,5/15/2014,1500,135,0.03,Y,0, ,1505, ,6.9, ,95.8,Y,12,Y,35.1,Y,14, ,330, ,65.8, 
211,5/15/2014,1600,135,0.03,Y,0, ,1253, ,6.2, ,93.9,Y,11,Y,32.2,Y,15.9, ,321, ,66.1, 
211,5/15/2014,1700,135,0.03,Y,0, ,888, ,6.1, ,90.6,Y,12,Y,32,Y,16.7, ,316, ,66, 
211,5/15/2014,1800,135,0.02,Y,0, ,447, ,5.4, ,85.6,Y,13,Y,29.1,Y,15.1, ,307, ,65.8, 
211,5/15/2014,1900,135,0.01,Y,0, ,129, ,5.8, ,79.9,Y,17,Y,30.7,Y,13.6, ,306, ,65.6, 
211,5/15/2014,2000,135,0.01,Y,0, ,2, ,6.2, ,74.9,Y,21,Y,32.2,Y,13.5, ,312, ,65.3, 
211,5/15/2014,2100,135,0.01,Y,0, ,0, ,6.7, ,71,Y,26,Y,34.3,Y,12.5, ,323, ,65, 
211,5/15/2014,2200,135,0.01,Y,0, ,0, ,6.6, ,68.7,Y,27,Y,33.8,Y,10.1, ,328, ,64.7, 
211,5/15/2014,2300,135,0,Y,0, ,0, ,7, ,65.8,Y,32,Y,35.5,Y,7, ,321, ,64.5, 
211,5/15/2014,2400,135,0, ,0, ,0, ,7.3, ,63.4, ,37, ,36.5, ,6.4, ,319, ,64.2, 
211,5/16/2014,0100,136,0, ,0, ,0, ,7.2, ,61.3, ,39, ,36.2, ,4.1, ,301, ,64, 
211,5/16/2014,0200,136,0, ,0, ,0, ,7.3, ,57.4, ,45, ,36.5, ,1.6, ,314, ,63.7, 
211,5/16/2014,0300,136,0, ,0, ,0, ,7.6, ,52.6, ,56, ,37.5, ,1.7, ,4, ,63.4, 
211,5/16/2014,0400,136,0, ,0, ,0, ,7.4, ,50.9, ,58, ,36.7, ,2.8, ,325, ,63.1, 
211,5/16/2014,0500,136,0, ,0, ,0, ,7.3, ,51, ,58, ,36.6, ,4.2, ,308, ,62.9, 
211,5/16/2014,0600,136,0, ,0, ,111, ,9.3, ,54.9, ,63, ,42.6, ,8.8, ,324, ,62.6, 
211,5/16/2014,0700,136,0.01, ,0, ,473, ,12, ,58.4, ,72, ,49.4, ,9.8, ,313, ,62.4, 
211,5/16/2014,0800,136,0.01, ,0, ,879, ,12.5, ,63.2, ,63, ,50.4, ,7.7, ,317, ,62.3, 
211,5/16/2014,0900,136,0.02, ,0, ,1295, ,11, ,69.3, ,45, ,47.1, ,4.1, ,308, ,62.3, 
211,5/16/2014,1000,136,0.02, ,0, ,1614, ,9.3, ,75.8, ,30, ,42.5, ,4.3, ,298, ,62.6, 
211,5/16/2014,1100,136,0.03, ,0, ,1852, ,5.9, ,82, ,16, ,31.3, ,8.6, ,308, ,63.1, 
211,5/16/2014,1200,136,0.04, ,0, ,2007, ,5.8, ,84.6, ,14, ,30.6, ,11.3, ,333, ,63.7, 
211,5/16/2014,1300,136,0.04, ,0, ,1873, ,5.6, ,85.9, ,13, ,29.7, ,11.6, ,327, ,64.1, 
211,5/16/2014,1400,136,0.04, ,0, ,1856, ,6.3, ,86.3, ,15, ,32.8, ,13.8, ,319, ,64.5, 
211,5/16/2014,1500,136,0.04, ,0, ,1737, ,7.1, ,85.8, ,17, ,35.9, ,16.3, ,321, ,64.8, 
211,5/16/2014,1600,136,0.03, ,0, ,1383, ,6.2, ,85, ,15, ,32.3, ,16.3, ,316, ,65, 
211,5/16/2014,1700,136,0.02, ,0, ,994, ,8.5, ,82.7, ,22, ,40.5, ,16.4, ,314, ,64.9, 
211,5/16/2014,1800,136,0.02, ,0, ,573, ,9.4, ,79.5, ,27, ,42.9, ,16.2, ,313, ,64.8, 
211,5/16/2014,1900,136,0.01, ,0, ,171, ,8.9, ,76, ,29, ,41.5, ,13, ,307, ,64.7, 
211,5/16/2014,2000,136,0, ,0, ,3, ,8.6, ,70.7, ,34, ,40.7, ,10.9, ,307, ,64.5, 
211,5/16/2014,2100,136,0, ,0, ,0, ,9.5, ,66.2, ,43, ,43.3, ,9.6, ,314, ,64.2, 
211,5/16/2014,2200,136,0, ,0, ,0, ,10.6, ,62.9, ,54, ,46, ,7, ,318, ,64, 
211,5/16/2014,2300,136,0, ,0, ,0, ,10.7, ,60.7, ,59, ,46.4, ,6.2, ,313, ,63.8, 
211,5/16/2014,2400,136,0, ,0, ,0, ,11, ,58.5, ,65, ,47, ,5.6, ,324, ,63.6, 
211,5/17/2014,0100,137,0, ,0, ,0, ,10.6, ,56.2, ,69, ,46.2, ,2.1, ,327, ,63.4, 
211,5/17/2014,0200,137,0, ,0, ,0, ,10.2, ,53.9, ,72, ,45.1, ,1.8, ,73, ,63.1, 
211,5/17/2014,0300,137,0, ,0, ,0, ,9.9, ,52.3, ,74, ,44.3, ,2, ,105, ,62.8, 
211,5/17/2014,0400,137,0, ,0, ,0, ,10.1, ,50.8, ,80, ,44.8, ,2.1, ,122, ,62.5, 
211,5/17/2014,0500,137,0, ,0, ,1, ,10.3, ,50, ,84, ,45.4, ,3.3, ,140, ,62.3, 
211,5/17/2014,0600,137,0, ,0, ,118, ,10.9, ,51.1, ,85, ,46.8, ,2.6, ,116, ,62, 
211,5/17/2014,0700,137,0.01, ,0, ,488, ,12.1, ,55.2, ,82, ,49.7, ,4.5, ,144, ,61.9, 
211,5/17/2014,0800,137,0.01, ,0, ,908, ,12.6, ,58.9, ,74, ,50.7, ,3.9, ,145, ,61.8, 
211,5/17/2014,0900,137,0.02, ,0, ,1298, ,13.2, ,63.6, ,66, ,51.9, ,3.2, ,143, ,61.9, 
211,5/17/2014,1000,137,0.02, ,0, ,1637, ,12.3, ,68.3, ,52, ,50.1, ,3.3, ,218, ,62.2, 
211,5/17/2014,1100,137,0.02, ,0, ,1867, ,11.6, ,72.7, ,42, ,48.4, ,3.9, ,223, ,62.7, 
211,5/17/2014,1200,137,0.03, ,0, ,1982, ,10.6, ,75.8, ,35, ,46, ,5.9, ,295, ,63.4, 
211,5/17/2014,1300,137,0.03, ,0, ,1918, ,11.2, ,78.3, ,34, ,47.5, ,8.7, ,313, ,64.1, 
211,5/17/2014,1400,137,0.03, ,0, ,1766, ,11.7, ,79.2, ,34, ,48.7, ,11.1, ,317, ,64.7, 
211,5/17/2014,1500,137,0.03, ,0, ,1534, ,11, ,79.4, ,32, ,46.9, ,13.6, ,320, ,65.1, 
211,5/17/2014,1600,137,0.02, ,0, ,1081, ,10.9, ,77.7, ,34, ,46.9, ,14.6, ,320, ,65.3, 
211,5/17/2014,1700,137,0.02, ,0, ,802, ,11.2, ,75, ,38, ,47.5, ,13.8, ,318, ,65.3, 
211,5/17/2014,1800,137,0.01, ,0, ,367, ,11.1, ,70.8, ,43, ,47.4, ,14.3, ,309, ,65.1, 
211,5/17/2014,1900,137,0.01, ,0, ,120, ,11.2, ,66.8, ,50, ,47.4, ,13.4, ,311, ,64.9, 
211,5/17/2014,2000,137,0, ,0, ,5, ,10, ,63.7, ,50, ,44.6, ,12.4, ,303, ,64.7, 
211,5/17/2014,2100,137,0, ,0, ,0, ,9.9, ,62.4, ,51, ,44.2, ,10.5, ,289, ,64.4, 
211,5/17/2014,2200,137,0, ,0, ,0, ,9.9, ,61.3, ,53, ,44.2, ,8.1, ,285, ,64.1, 
211,5/17/2014,2300,137,0, ,0, ,0, ,9.6, ,60.8, ,53, ,43.4, ,8.8, ,280, ,63.8, 
211,5/17/2014,2400,137,0, ,0, ,0, ,9.6, ,59.7, ,55, ,43.5, ,7.7, ,279, ,63.6, 
211,5/18/2014,0100,138,0, ,0, ,0, ,9.6, ,58.4, ,57, ,43.5, ,6.5, ,279, ,63.4, 
211,5/18/2014,0200,138,0, ,0, ,0, ,9.8, ,57.4, ,61, ,43.9, ,5.8, ,277, ,63.1, 
211,5/18/2014,0300,138,0, ,0, ,0, ,9.7, ,55.9, ,64, ,43.7, ,3.9, ,273, ,62.9, 
211,5/18/2014,0400,138,0, ,0, ,0, ,9.7, ,51.8, ,74, ,43.9, ,3.7, ,157, ,62.7, 
211,5/18/2014,0500,138,0, ,0, ,1, ,10, ,49.5, ,83, ,44.7, ,2.4, ,134, ,62.5, 
211,5/18/2014,0600,138,0, ,0, ,98, ,10.5, ,50.4, ,84, ,45.8, ,2.5, ,145, ,62.3, 
211,5/18/2014,0700,138,0, ,0, ,189, ,11.1, ,53.3, ,80, ,47.4, ,2.7, ,143, ,62.1, 
211,5/18/2014,0800,138,0, ,0, ,419, ,11.2, ,57.4, ,70, ,47.6, ,2.1, ,185, ,62, 
211,5/18/2014,0900,138,0.01, ,0, ,930, ,11.9, ,61.8, ,63, ,49.2, ,4.7, ,289, ,62.2, 
211,5/18/2014,1000,138,0.02, ,0, ,1222, ,12.5, ,65, ,60, ,50.6, ,6.6, ,278, ,62.4, 
211,5/18/2014,1100,138,0.03, ,0, ,1825, ,12.7, ,68.8, ,53, ,50.9, ,9.8, ,316, ,62.7, 
211,5/18/2014,1200,138,0.03, ,0, ,1991, ,12.9, ,70.7, ,50, ,51.3, ,10.8, ,318, ,63.1, 
211,5/18/2014,1300,138,0.03, ,0, ,2013, ,12.5, ,72.8, ,45, ,50.4, ,11.4, ,315, ,63.6, 
211,5/18/2014,1400,138,0.03, ,0, ,1916, ,11.4, ,74.4, ,39, ,48.1, ,14.2, ,321, ,64.1, 
211,5/18/2014,1500,138,0.03, ,0, ,1695, ,10.9, ,75.1, ,37, ,46.8, ,15.7, ,322, ,64.4, 
211,5/18/2014,1600,138,0.02, ,0, ,1378, ,11.2, ,74.3, ,39, ,47.5, ,15.9, ,321, ,64.6, 
211,5/18/2014,1700,138,0.02, ,0, ,989, ,10.2, ,72.1, ,38, ,44.9, ,16.1, ,315, ,64.6, 
211,5/18/2014,1800,138,0.01, ,0, ,581, ,10.3, ,69, ,43, ,45.3, ,15.4, ,317, ,64.5, 
211,5/18/2014,1900,138,0.01, ,0, ,189, ,10.6, ,64.8, ,51, ,46, ,14.5, ,323, ,64.3, 
211,5/18/2014,2000,138,0, ,0, ,5, ,10, ,61.2, ,54, ,44.4, ,10.6, ,315, ,64.1, 
211,5/18/2014,2100,138,0, ,0, ,0, ,10, ,58.8, ,59, ,44.7, ,8.2, ,308, ,63.9, 
211,5/18/2014,2200,138,0, ,0, ,0, ,10.4, ,57.1, ,65, ,45.5, ,7.4, ,293, ,63.6, 
211,5/18/2014,2300,138,0, ,0, ,0, ,10.4, ,56, ,68, ,45.6, ,5.5, ,287, ,63.3, 
211,5/18/2014,2400,138,0, ,0, ,0, ,10.3, ,54.5, ,71, ,45.2, ,3.8, ,278, ,63.1, 
211,5/19/2014,0100,139,0, ,0, ,0, ,9.9, ,52.7, ,73, ,44.4, ,2.6, ,246, ,62.8, 
211,5/19/2014,0200,139,0, ,0, ,0, ,9.4, ,48.6, ,81, ,43, ,2, ,345, ,62.5, 
211,5/19/2014,0300,139,0, ,0, ,0, ,9.3, ,47.3, ,84, ,42.6, ,1.7, ,3, ,62.3, 
211,5/19/2014,0400,139,0, ,0, ,0, ,9.1, ,45.9, ,86, ,42, ,1.7, ,31, ,62, 
211,5/19/2014,0500,139,0, ,0, ,1, ,9.3, ,45.3, ,90, ,42.5, ,1.3, ,63, ,61.7, 
211,5/19/2014,0600,139,0, ,0, ,113, ,9.5, ,46.3, ,89, ,43.2, ,2.7, ,124, ,61.4, 
211,5/19/2014,0700,139,0, ,0, ,498, ,11, ,51.8, ,84, ,47.2, ,5.1, ,132, ,61.2, 
211,5/19/2014,0800,139,0.01, ,0, ,909, ,11.8, ,56.8, ,75, ,49, ,4, ,176, ,61.1, 
211,5/19/2014,0900,139,0.01, ,0, ,891, ,11.5, ,59.7, ,66, ,48.2, ,4.2, ,307, ,61.2, 
211,5/19/2014,1000,139,0.02, ,0, ,1404, ,11.5, ,62.1, ,61, ,48.3, ,4.7, ,295, ,61.5, 
211,5/19/2014,1100,139,0.02, ,0, ,1648, ,11.5, ,65.3, ,54, ,48.1, ,6.6, ,298, ,61.9, 
211,5/19/2014,1200,139,0.02, ,0, ,1761, ,11.3, ,68.4, ,48, ,47.8, ,5.8, ,341, ,62.5, 
211,5/19/2014,1300,139,0.02, ,0, ,1565, ,12.6, ,68.2, ,54, ,50.7, ,6.9, ,234, ,63.1, 
211,5/19/2014,1400,139,0.02, ,0, ,1749, ,13, ,68.9, ,54, ,51.5, ,7.9, ,234, ,63.6, 
211,5/19/2014,1500,139,0.02, ,0, ,1724, ,12.7, ,68.9, ,53, ,50.9, ,11.4, ,217, ,64, 
211,5/19/2014,1600,139,0.02, ,0, ,1130, ,12.5, ,67.2, ,55, ,50.4, ,10.6, ,221, ,64.2, 
211,5/19/2014,1700,139,0.01, ,0, ,421, ,10.8, ,66.5, ,49, ,46.6, ,11.7, ,303, ,64.2, 
211,5/19/2014,1800,139,0.01, ,0, ,321, ,11.1, ,64.9, ,53, ,47.2, ,8.6, ,290, ,64.1, 
211,5/19/2014,1900,139,0, ,0, ,130, ,11.5, ,62.6, ,59, ,48.3, ,7.5, ,265, ,64, 
211,5/19/2014,2000,139,0, ,0, ,5, ,10.2, ,60.6, ,56, ,45, ,8.1, ,290, ,63.8, 
211,5/19/2014,2100,139,0, ,0, ,0, ,10.2, ,58, ,62, ,45, ,7.3, ,300, ,63.6, 
211,5/19/2014,2200,139,0, ,0, ,0, ,10.3, ,56.3, ,66, ,45.2, ,6.1, ,294, ,63.3, 
211,5/19/2014,2300,139,0, ,0, ,0, ,10.1, ,55.4, ,67, ,44.7, ,3.2, ,269, ,63.1, 
211,5/19/2014,2400,139,0, ,0, ,0, ,10.2, ,53.3, ,74, ,45, ,3.6, ,167, ,62.8, 
211,5/20/2014,0100,140,0, ,0, ,0, ,11, ,53.8, ,78, ,47.1, ,2.9, ,95, ,62.6, 
211,5/20/2014,0200,140,0, ,0, ,0, ,11.4, ,54.9, ,78, ,48.1, ,2.3, ,270, ,62.4, 
211,5/20/2014,0300,140,0, ,0, ,0, ,11.1, ,54.3, ,77, ,47.2, ,3.3, ,266, ,62.3, 
211,5/20/2014,0400,140,0, ,0, ,0, ,10.5, ,51.2, ,81, ,45.7, ,1.7, ,347, ,62.2, 
211,5/20/2014,0500,140,0, ,0, ,1, ,10, ,48.8, ,86, ,44.7, ,2.3, ,334, ,62, 
211,5/20/2014,0600,140,0, ,0, ,45, ,10.9, ,50.6, ,87, ,46.9, ,1.8, ,24, ,61.8, 
211,5/20/2014,0700,140,0, ,0, ,251, ,11.4, ,53.3, ,82, ,48, ,1.9, ,110, ,61.6, 
211,5/20/2014,0800,140,0.01, ,0, ,991, ,11.5, ,58.9, ,68, ,48.3, ,2.8, ,50, ,61.6, 
211,5/20/2014,0900,140,0.01, ,0, ,1114, ,11.3, ,60.2, ,63, ,47.8, ,3.9, ,252, ,61.7, 
211,5/20/2014,1000,140,0.02, ,0, ,1710, ,11, ,63, ,56, ,47.2, ,4, ,255, ,62, 
211,5/20/2014,1100,140,0.02, ,0, ,1485, ,11.9, ,64.4, ,58, ,49.1, ,7.5, ,170, ,62.4, 
211,5/20/2014,1200,140,0.02, ,0, ,1165, ,12.3, ,65, ,58, ,50, ,8, ,198, ,62.9, 
211,5/20/2014,1300,140,0.02, ,0, ,1463, ,12.5, ,65.2, ,59, ,50.5, ,10.1, ,205, ,63.2, 
211,5/20/2014,1400,140,0.02, ,0, ,1463, ,12.3, ,65.4, ,58, ,50.1, ,9.5, ,206, ,63.4, 
211,5/20/2014,1500,140,0.02, ,0, ,1484, ,12.2, ,65.1, ,58, ,49.8, ,8.6, ,217, ,63.6, 
211,5/20/2014,1600,140,0.02, ,0, ,1628,Y,12.6, ,66.2, ,57, ,50.7, ,9.1, ,203, ,63.7, 
211,5/20/2014,1700,140,0.01, ,0, ,998, ,12.6, ,64.4, ,61, ,50.6, ,8.9, ,209, ,63.8, 
211,5/20/2014,1800,140,0.01, ,0, ,458, ,12.6, ,62.3, ,66, ,50.6, ,7.5, ,201, ,63.9, 
211,5/20/2014,1900,140,0, ,0, ,140, ,12.8, ,60.1, ,72, ,51, ,6.7, ,186, ,63.8, 
211,5/20/2014,2000,140,0, ,0, ,9, ,12.7, ,57.4, ,79, ,50.8, ,7.2, ,189, ,63.6, 
211,5/20/2014,2100,140,0, ,0, ,0, ,12.3, ,55.9, ,81, ,50, ,6.9, ,183, ,63.4, 
211,5/20/2014,2200,140,0, ,0, ,0, ,12.2, ,55.1, ,82, ,49.7, ,6.9, ,180, ,63.1, 
211,5/20/2014,2300,140,0, ,0, ,0, ,12.4, ,54.6, ,85, ,50.2, ,5.4, ,170, ,62.9, 
211,5/20/2014,2400,140,0, ,0, ,0, ,12, ,53.5, ,86, ,49.5, ,2.5, ,172, ,62.7, 
211,5/21/2014,0100,141,0, ,0, ,0, ,12.5, ,55, ,85, ,50.6, ,5.4, ,184, ,62.5, 
211,5/21/2014,0200,141,0, ,0, ,0, ,12.4, ,55.2, ,83, ,50.2, ,7.6, ,183, ,62.4, 
211,5/21/2014,0300,141,0, ,0, ,0, ,12.1, ,55.1, ,82, ,49.6, ,7.2, ,173, ,62.2, 
211,5/21/2014,0400,141,0, ,0, ,0, ,11.8, ,55.1, ,80, ,49, ,6.2, ,190, ,62.1, 
211,5/21/2014,0500,141,0, ,0, ,1, ,12.1, ,54.9, ,82, ,49.5, ,5.5, ,174, ,62, 
211,5/21/2014,0600,141,0, ,0, ,49, ,12.4, ,54.5, ,85, ,50.2, ,5.9, ,181, ,62, 
211,5/21/2014,0700,141,0, ,0, ,183, ,12.6, ,55.4, ,84, ,50.6, ,6.2, ,186, ,61.9, 
211,5/21/2014,0800,141,0, ,0, ,346, ,12.6, ,56.7, ,80, ,50.6, ,7.3, ,178, ,61.8, 
211,5/21/2014,0900,141,0.01, ,0, ,586, ,12.6, ,57.5, ,78, ,50.7, ,7.8, ,194, ,61.9, 
211,5/21/2014,1000,141,0.01, ,0, ,887, ,12.7, ,58.5, ,76, ,50.8, ,7.3, ,199, ,61.9, 
211,5/21/2014,1100,141,0.02, ,0, ,1733, ,13.2, ,61.1, ,72, ,52, ,8.3, ,181, ,62.1, 
211,5/21/2014,1200,141,0.02, ,0, ,1951, ,13.8, ,63.4, ,69, ,53.1, ,7.3, ,160, ,62.4, 
211,5/21/2014,1300,141,0.03, ,0, ,1978, ,14.2, ,66.6, ,64, ,54, ,7.9, ,160, ,62.9, 
211,5/21/2014,1400,141,0.03, ,0, ,1869, ,14.2, ,69.1, ,59, ,54, ,9, ,171, ,63.6, 
211,5/21/2014,1500,141,0.02, ,0, ,1654, ,14.2, ,70.3, ,56, ,53.9, ,10.3, ,166, ,64.1, 
211,5/21/2014,1600,141,0.02, ,0, ,1315, ,14, ,68.8, ,58, ,53.5, ,12, ,161, ,64.4, 
211,5/21/2014,1700,141,0.01, ,0, ,965, ,13.6, ,65.4, ,64, ,52.7, ,11.2, ,150, ,64.4, 
211,5/21/2014,1800,141,0.01, ,0, ,580, ,13.2, ,62.5, ,68, ,51.8, ,11.3, ,146, ,64.3, 
211,5/21/2014,1900,141,0, ,0, ,180, ,12.7, ,58.8, ,75, ,50.8, ,9.1, ,149, ,64.2, 
211,5/21/2014,2000,141,0, ,0, ,5, ,12.3, ,55.8, ,81, ,50, ,7.7, ,141, ,64, 
211,5/21/2014,2100,141,0, ,0, ,0, ,12.2, ,54, ,86, ,49.8, ,8.5, ,163, ,63.7, 
211,5/21/2014,2200,141,0, ,0, ,0, ,12, ,53, ,87, ,49.3, ,7.6, ,161, ,63.4, 
211,5/21/2014,2300,141,0, ,0, ,0, ,12.1, ,53.1, ,88, ,49.6, ,8.3, ,168, ,63.1, 
211,5/21/2014,2400,141,0, ,0, ,0, ,12.3, ,53.7, ,87, ,49.9, ,7.3, ,169, ,62.9, 
211,5/22/2014,0100,142,0, ,0, ,0, ,12.2, ,53.8, ,87, ,49.9, ,7, ,157, ,62.7, 
211,5/22/2014,0200,142,0, ,0, ,0, ,12.3, ,53.3, ,88, ,49.9, ,7.7, ,168, ,62.5, 
211,5/22/2014,0300,142,0, ,0, ,0, ,12.3, ,53, ,90, ,50.1, ,7.4, ,161, ,62.4, 
211,5/22/2014,0400,142,0, ,0, ,0, ,12.5, ,52.8, ,92, ,50.6, ,7.8, ,152, ,62.3, 
211,5/22/2014,0500,142,0, ,0, ,0, ,12.2, ,52.7, ,90, ,49.8, ,8, ,158, ,62.2, 
211,5/22/2014,0600,142,0, ,0, ,12, ,12.4, ,52.7, ,91, ,50.2, ,6.6, ,146, ,62, 
211,5/22/2014,0700,142,0, ,0, ,81, ,12.4, ,53, ,90, ,50.2, ,6.4, ,158, ,61.9, 
211,5/22/2014,0800,142,0, ,0, ,191, ,12.4, ,53.9, ,87, ,50.2, ,7, ,159, ,61.9, 
211,5/22/2014,0900,142,0, ,0, ,324, ,12.4, ,55.1, ,84, ,50.3, ,7.6, ,165, ,61.8, 
211,5/22/2014,1000,142,0, ,0, ,515, ,12.6, ,56.5, ,81, ,50.7, ,6.5, ,176, ,61.8, 
211,5/22/2014,1100,142,0.01, ,0, ,817, ,12.9, ,58.7, ,76, ,51.3, ,5, ,178, ,61.9, 
211,5/22/2014,1200,142,0.02, ,0, ,1619, ,13.5, ,62.1, ,71, ,52.5, ,4.4, ,231, ,62.1, 
211,5/22/2014,1300,142,0.02, ,0, ,1941, ,13.7, ,65.2, ,64, ,52.9, ,5.6, ,137, ,62.5, 
211,5/22/2014,1400,142,0.02, ,0, ,1898, ,13.9, ,68.6, ,58, ,53.4, ,5.1, ,160, ,63.3, 
211,5/22/2014,1500,142,0.02, ,0, ,1658, ,14, ,71.4, ,53, ,53.5, ,4.6, ,173, ,64.1, 
211,5/22/2014,1600,142,0.02, ,0, ,1337, ,14.3, ,73, ,51, ,54.1, ,5.8, ,137, ,64.6, 
211,5/22/2014,1700,142,0.01, ,0, ,971, ,14.1, ,72, ,53, ,53.7, ,7, ,131, ,64.7, 
211,5/22/2014,1800,142,0.01, ,0, ,578, ,13.6, ,67.8, ,59, ,52.7, ,8.9, ,140, ,64.8, 
211,5/22/2014,1900,142,0, ,0, ,169, ,13.2, ,62.4, ,68, ,51.9, ,7.9, ,127, ,64.7, 
211,5/22/2014,2000,142,0, ,0, ,5, ,12.8, ,58, ,78, ,51.1, ,6.9, ,121, ,64.4, 
211,5/22/2014,2100,142,0, ,0, ,0, ,12.7, ,56.2, ,82, ,50.8, ,5.8, ,115, ,64.1, 
211,5/22/2014,2200,142,0, ,0, ,0, ,12.6, ,55.2, ,85, ,50.8, ,4.5, ,118, ,63.8, 
211,5/22/2014,2300,142,0, ,0, ,0, ,12.5, ,54.5, ,86, ,50.5, ,3.7, ,118, ,63.6, 
211,5/22/2014,2400,142,0, ,0, ,0, ,12.5, ,53.9, ,88, ,50.4, ,4.2, ,120, ,63.3, 
211,5/23/2014,0100,143,0, ,0, ,0, ,12.6, ,53.9, ,89, ,50.8, ,5.6, ,145, ,63.1, 
211,5/23/2014,0200,143,0, ,0, ,0, ,13, ,54.7, ,89, ,51.4, ,6.3, ,155, ,62.9, 
211,5/23/2014,0300,143,0, ,0, ,0, ,12.9, ,54.4, ,89, ,51.3, ,5.9, ,155, ,62.8, 
211,5/23/2014,0400,143,0, ,0, ,0, ,12.9, ,54.1, ,90, ,51.2, ,5, ,135, ,62.6, 
211,5/23/2014,0500,143,0, ,0, ,1, ,12.8, ,54, ,90, ,51.1, ,4.7, ,142, ,62.5, 
211,5/23/2014,0600,143,0, ,0, ,20, ,12.8, ,53.7, ,91, ,51.2, ,4.6, ,147, ,62.5, 
211,5/23/2014,0700,143,0, ,0, ,102, ,13, ,54, ,91, ,51.5, ,4.2, ,139, ,62.4, 
211,5/23/2014,0800,143,0, ,0, ,241, ,13.1, ,55.1, ,89, ,51.8, ,2.6, ,118, ,62.3, 
211,5/23/2014,0900,143,0, ,0, ,521, ,13.4, ,57, ,84, ,52.4, ,3.4, ,135, ,62.3, 
211,5/23/2014,1000,143,0.02, ,0, ,1476, ,14.3, ,60.5, ,79, ,54.1, ,5.3, ,139, ,62.5, 
211,5/23/2014,1100,143,0.02, ,0, ,1805, ,15.4, ,63.9, ,76, ,56.2, ,5.4, ,146, ,62.9, 
211,5/23/2014,1200,143,0.03, ,0, ,1939, ,16, ,68.9, ,66, ,57.2, ,5.2, ,112, ,64.1, 
211,5/23/2014,1300,143,0.03, ,0, ,1951, ,16.3, ,72.4, ,60, ,57.8, ,6.8, ,138, ,66.1, 
211,5/23/2014,1400,143,0.03, ,0, ,1861, ,16, ,74.4, ,55, ,57.3, ,11.5, ,170, ,67.9, 
211,5/23/2014,1500,143,0.03, ,0, ,1607, ,15.5, ,73.4, ,55, ,56.3, ,12.3, ,169, ,68.6, 
211,5/23/2014,1600,143,0.02, ,0, ,1351, ,15.2, ,73, ,55, ,55.8, ,11.4, ,163, ,68.6, 
211,5/23/2014,1700,143,0.01, ,0, ,947, ,14.5, ,68.1, ,62, ,54.5, ,11.7, ,142, ,68.4, 
211,5/23/2014,1800,143,0.01, ,0, ,556, ,13.8, ,63.1, ,70, ,53.2, ,11.1, ,141, ,68.1, 
211,5/23/2014,1900,143,0, ,0, ,216, ,13.2, ,58.6, ,78, ,51.9, ,9.5, ,140, ,67.8, 
211,5/23/2014,2000,143,0, ,0, ,7, ,12.8, ,56.8, ,81, ,51.2, ,5.6, ,128, ,67.4, 
211,5/23/2014,2100,143,0, ,0, ,0, ,12.8, ,55.8, ,84, ,51.1, ,6.2, ,103, ,67, 
211,5/23/2014,2200,143,0, ,0, ,0, ,12.8, ,55, ,87, ,51.1, ,5.3, ,133, ,66.6, 
211,5/23/2014,2300,143,0, ,0, ,0, ,12.8, ,54.2, ,89, ,51.1, ,6.4, ,136, ,66.2, 
211,5/23/2014,2400,143,0, ,0, ,0, ,12.8, ,53.9, ,90, ,51.2, ,6.8, ,140, ,65.9, 
211,5/24/2014,0100,144,0, ,0, ,0, ,12.9, ,54.1, ,90, ,51.2, ,6.1, ,134, ,65.6, 
211,5/24/2014,0200,144,0, ,0, ,0, ,12.8, ,53.5, ,92, ,51.2, ,6.7, ,143, ,65.3, 
211,5/24/2014,0300,144,0, ,0, ,0, ,12.6, ,53.2, ,91, ,50.8, ,5.5, ,140, ,65, 
211,5/24/2014,0400,144,0, ,0, ,0, ,12.2, ,52.6, ,90, ,49.7, ,3, ,144, ,64.8, 
211,5/24/2014,0500,144,0, ,0, ,2, ,12, ,52, ,91, ,49.4, ,2.6, ,148, ,64.6, 
211,5/24/2014,0600,144,0, ,0, ,71, ,12.4, ,53, ,90, ,50.2, ,5.2, ,137, ,64.4, 
211,5/24/2014,0700,144,0, ,0, ,412, ,13, ,55.3, ,87, ,51.5, ,4.3, ,155, ,64.2, 
211,5/24/2014,0800,144,0.01, ,0, ,742, ,13.4, ,57.9, ,82, ,52.4, ,5, ,153, ,64.1, 
211,5/24/2014,0900,144,0.02, ,0, ,1250, ,13.9, ,61.5, ,75, ,53.3, ,7.6, ,148, ,64.1, 
211,5/24/2014,1000,144,0.02, ,0, ,1550, ,14.4, ,64.5, ,70, ,54.3, ,7.8, ,149, ,64.2, 
211,5/24/2014,1100,144,0.02, ,0, ,1745, ,15.1, ,68.3, ,64, ,55.6, ,7.2, ,154, ,64.4, 
211,5/24/2014,1200,144,0.03, ,0, ,1918, ,15.7, ,71.9, ,59, ,56.6, ,7.6, ,156, ,64.8, 
211,5/24/2014,1300,144,0.03, ,0, ,1914, ,15.9, ,73.5, ,56, ,57, ,10.9, ,164, ,65.3, 
211,5/24/2014,1400,144,0.03, ,0, ,1815, ,15.5, ,74, ,54, ,56.3, ,12.4, ,168, ,65.8, 
211,5/24/2014,1500,144,0.03, ,0, ,1624, ,15.5, ,74.6, ,53, ,56.3, ,11.4, ,166, ,66.2, 
211,5/24/2014,1600,144,0.02, ,0, ,1336, ,15.3, ,73.4, ,54, ,56, ,11.7, ,160, ,66.4, 
211,5/24/2014,1700,144,0.01, ,0, ,966, ,14.5, ,69.2, ,60, ,54.5, ,11.5, ,145, ,66.5, 
211,5/24/2014,1800,144,0.01, ,0, ,566, ,13.6, ,64.5, ,66, ,52.8, ,10.6, ,138, ,66.4, 
211,5/24/2014,1900,144,0, ,0, ,194, ,13, ,60.4, ,73, ,51.5, ,9.9, ,139, ,66.3, 
211,5/24/2014,2000,144,0, ,0, ,8, ,12.5, ,57.5, ,77, ,50.4, ,6.9, ,116, ,66.1, 
211,5/24/2014,2100,144,0, ,0, ,0, ,12.1, ,55.4, ,81, ,49.7, ,7, ,114, ,65.8, 
211,5/24/2014,2200,144,0, ,0, ,0, ,12, ,54.2, ,84, ,49.4, ,6.5, ,114, ,65.5, 
211,5/24/2014,2300,144,0, ,0, ,0, ,11.9, ,53.3, ,86, ,49.1, ,6, ,121, ,65.2, 
211,5/24/2014,2400,144,0, ,0, ,0, ,11.7, ,52.6, ,87, ,48.8, ,5.1, ,123, ,64.9, 
211,5/25/2014,0100,145,0, ,0, ,0, ,11.6, ,51.7, ,88, ,48.4, ,4, ,121, ,64.7, 
211,5/25/2014,0200,145,0, ,0, ,0, ,11.2, ,50.7, ,89, ,47.4, ,2.3, ,114, ,64.5, 
211,5/25/2014,0300,145,0, ,0, ,0, ,10.6, ,49, ,90, ,46.2, ,1.4, ,116, ,64.2, 
211,5/25/2014,0400,145,0, ,0, ,0, ,10.4, ,48.3, ,90, ,45.6, ,1.6, ,125, ,64, 
211,5/25/2014,0500,145,0, ,0, ,2, ,10.4, ,48, ,92, ,45.7, ,2.6, ,140, ,63.7, 
211,5/25/2014,0600,145,0, ,0, ,74, ,10.9, ,48.7, ,93, ,46.9, ,4, ,130, ,63.5, 
211,5/25/2014,0700,145,0, ,0, ,221, ,12.1, ,51.3, ,94, ,49.6, ,5.5, ,143, ,63.2, 
211,5/25/2014,0800,145,0.01, ,0, ,719, ,13, ,54.2, ,91, ,51.6, ,5.2, ,173, ,63.1, 
211,5/25/2014,0900,145,0.01, ,0, ,1283, ,13.9, ,60.7, ,76, ,53.3, ,3.5, ,160, ,63.1, 
211,5/25/2014,1000,145,0.02, ,0, ,1595, ,14.2, ,67.2, ,63, ,54, ,2.9, ,179, ,63.4, 
211,5/25/2014,1100,145,0.02, ,0, ,1821, ,13.4, ,73.5, ,47, ,52.3, ,3, ,262, ,63.8, 
211,5/25/2014,1200,145,0.03, ,0, ,1918, ,14, ,79, ,41, ,53.5, ,4.1, ,229, ,64.5, 
211,5/25/2014,1300,145,0.03, ,0, ,1914, ,13.1, ,84.4, ,33, ,51.8, ,5.8, ,310, ,65.4, 
211,5/25/2014,1400,145,0.03, ,0, ,1848, ,11.8, ,88.7, ,25, ,48.9, ,9.7, ,335, ,66.3, 
211,5/25/2014,1500,145,0.03, ,0, ,1633, ,11.5, ,89.6, ,24, ,48.3, ,11.3, ,322, ,67.1, 
211,5/25/2014,1600,145,0.03, ,0, ,1339, ,11.8, ,89.4, ,25, ,48.9, ,13.4, ,320, ,67.5, 
211,5/25/2014,1700,145,0.02, ,0, ,988, ,10.8, ,86.9, ,25, ,46.7, ,15.5, ,315, ,67.6, 
211,5/25/2014,1800,145,0.02, ,0, ,612, ,10.3, ,83, ,27, ,45.2, ,17.2, ,321, ,67.4, 
211,5/25/2014,1900,145,0.01, ,0, ,232, ,9.2, ,78.1, ,28, ,42.4, ,16, ,319, ,67.2, 
211,5/25/2014,2000,145,0.01,Y,0, ,9, ,8.9, ,73.4,Y,32,Y,41.5,Y,12.2, ,313, ,67, 
211,5/25/2014,2100,145,0,Y,0, ,0, ,9.2, ,69.9,Y,37,Y,42.4,Y,10.2, ,308, ,66.6, 
211,5/25/2014,2200,145,0, ,0, ,0, ,9.3, ,66.6, ,42, ,42.5, ,5, ,322, ,66.3, 
211,5/25/2014,2300,145,0, ,0, ,0, ,10.2, ,59.6, ,58, ,45, ,3.4, ,146, ,66, 
211,5/25/2014,2400,145,0, ,0, ,0, ,10, ,56.4, ,64, ,44.5, ,2.7, ,128, ,65.7, 
211,5/26/2014,0100,146,0, ,0, ,0, ,9.9, ,54.2, ,69, ,44.2, ,2.1, ,142, ,65.3, 
211,5/26/2014,0200,146,0, ,0, ,0, ,9.5, ,51.2, ,74, ,43.3, ,1.4, ,73, ,65, 
211,5/26/2014,0300,146,0, ,0, ,0, ,9.4, ,50.1, ,77, ,43, ,1.1, ,112, ,64.6, 
211,5/26/2014,0400,146,0, ,0, ,0, ,8.9, ,48.3, ,77, ,41.5, ,1.7, ,113, ,64.3, 
211,5/26/2014,0500,146,0, ,0, ,3, ,8.9, ,47.5, ,79, ,41.4, ,2.5, ,313, ,64, 
211,5/26/2014,0600,146,0, ,0, ,153, ,9.3, ,48.8, ,80, ,42.8, ,1.7, ,333, ,63.6, 
211,5/26/2014,0700,146,0.01, ,0, ,535, ,10.8, ,56.9, ,69, ,46.7, ,1.5, ,318, ,63.4, 
211,5/26/2014,0800,146,0.01, ,0, ,939, ,11.7, ,63, ,60, ,48.8, ,2.1, ,118, ,63.2, 
211,5/26/2014,0900,146,0.02, ,0, ,1315, ,12, ,67.3, ,52, ,49.3, ,4.3, ,286, ,63.3, 
211,5/26/2014,1000,146,0.02, ,0, ,1601, ,12, ,73.9, ,42, ,49.4, ,6.8, ,305, ,63.6, 
211,5/26/2014,1100,146,0.03, ,0, ,1859, ,11.7, ,78.9, ,35, ,48.6, ,9.8, ,317, ,64.1, 
211,5/26/2014,1200,146,0.03, ,0, ,1984, ,12.5, ,81.6, ,34, ,50.6, ,10.1, ,330, ,64.7, 
211,5/26/2014,1300,146,0.03, ,0, ,2003, ,13.2, ,83.3, ,34, ,51.9, ,11.3, ,330, ,65.4, 
211,5/26/2014,1400,146,0.03, ,0, ,1896, ,13.7, ,84.1, ,34, ,53, ,10.3, ,330, ,66.3, 
211,5/26/2014,1500,146,0.03, ,0, ,1675, ,12.8, ,86.2, ,30, ,51.1, ,12.4, ,318, ,67.5, 
211,5/26/2014,1600,146,0.03, ,0, ,1358, ,12.1, ,87.7, ,27, ,49.7, ,14.5, ,319, ,68.6, 
211,5/26/2014,1700,146,0.02, ,0, ,996, ,11.5, ,85.7, ,27, ,48.3, ,16.1, ,315, ,68.8, 
211,5/26/2014,1800,146,0.02, ,0, ,614, ,10, ,80.8, ,28, ,44.6, ,18, ,313, ,68.6, 
211,5/26/2014,1900,146,0.01, ,0, ,242, ,8.8, ,75.9, ,29, ,41.3, ,16.6, ,311, ,68.3, 
211,5/26/2014,2000,146,0.01, ,0, ,9, ,8.1, ,71.7, ,30, ,39, ,14.9, ,302, ,67.9, 
211,5/26/2014,2100,146,0, ,0, ,0, ,8.3, ,68.5, ,35, ,39.6, ,8.2, ,297, ,67.5, 
211,5/26/2014,2200,146,0, ,0, ,0, ,9, ,64.7, ,43, ,41.8, ,4, ,311, ,67.1, 
211,5/26/2014,2300,146,0, ,0, ,0, ,9.1, ,58.7, ,54, ,42, ,2.4, ,318, ,66.7, 
211,5/26/2014,2400,146,0, ,0, ,0, ,8.7, ,58.7, ,52, ,41, ,3.2, ,299, ,66.3, 
211,5/27/2014,0100,147,0, ,0, ,0, ,9.3, ,53.3, ,67, ,42.6, ,2.3, ,143, ,65.9, 
211,5/27/2014,0200,147,0, ,0, ,0, ,9, ,51.1, ,70, ,41.7, ,1.7, ,325, ,65.5, 
211,5/27/2014,0300,147,0, ,0, ,0, ,8.2, ,48.6, ,70, ,39.3, ,1.9, ,315, ,65.1, 
211,5/27/2014,0400,147,0, ,0, ,0, ,7.7, ,47.2, ,70, ,37.8, ,1.5, ,321, ,64.8, 
211,5/27/2014,0500,147,0, ,0, ,3, ,7.8, ,45.6, ,75, ,38.1, ,2, ,317, ,64.4, 
211,5/27/2014,0600,147,0, ,0, ,160, ,8.3, ,47.6, ,74, ,39.8, ,1.7, ,327, ,64, 
211,5/27/2014,0700,147,0.01, ,0, ,543, ,9.6, ,56.1, ,62, ,43.4, ,2.2, ,319, ,63.7, 
211,5/27/2014,0800,147,0.01, ,0, ,940, ,10.9, ,62.1, ,57, ,46.7, ,3.1, ,344, ,63.5, 
211,5/27/2014,0900,147,0.02, ,0, ,1315, ,10.9, ,66.1, ,50, ,46.7, ,4, ,315, ,63.5, 
211,5/27/2014,1000,147,0.02, ,0, ,1605, ,10.2, ,70.2, ,40, ,45, ,3.1, ,217, ,63.8, 
211,5/27/2014,1100,147,0.03, ,0, ,1865, ,9.6, ,74, ,34, ,43.5, ,5.3, ,214, ,64.3, 
211,5/27/2014,1200,147,0.03, ,0, ,1953, ,9.4, ,78.9, ,28, ,43, ,5.1, ,206, ,64.9, 
211,5/27/2014,1300,147,0.03, ,0, ,1904, ,7.7, ,83.4, ,20, ,37.8, ,9, ,3, ,65.6, 
211,5/27/2014,1400,147,0.04, ,0, ,1912, ,5.9, ,84.6, ,15, ,31.3, ,13.6, ,335, ,66.5, 
211,5/27/2014,1500,147,0.03, ,0, ,1687, ,6.2, ,84.6, ,15, ,32.4, ,14.5, ,327, ,67.1, 
211,5/27/2014,1600,147,0.03, ,0, ,1380, ,7.4, ,82.5, ,20, ,36.8, ,14.5, ,313, ,67.4, 
211,5/27/2014,1700,147,0.02, ,0, ,1014, ,9.6, ,78.9, ,28, ,43.4, ,14.6, ,305, ,67.4, 
211,5/27/2014,1800,147,0.02, ,0, ,628, ,9.1, ,76, ,30, ,42.2, ,13.6, ,307, ,67.3, 
211,5/27/2014,1900,147,0.01, ,0, ,241, ,7.9, ,72.4, ,29, ,38.5, ,13.5, ,310, ,67.1, 
211,5/27/2014,2000,147,0, ,0, ,9, ,8.5, ,67.7, ,37, ,40.3, ,14, ,300, ,66.8, 
211,5/27/2014,2100,147,0, ,0, ,0, ,7.9, ,64.4, ,38, ,38.6, ,12, ,296, ,66.5, 
211,5/27/2014,2200,147,0, ,0, ,0, ,8.1, ,62.2, ,43, ,39.2, ,8.8, ,288, ,66.2, 
211,5/27/2014,2300,147,0, ,0, ,0, ,8.5, ,59.3, ,49, ,40.4, ,5.5, ,302, ,65.8, 
211,5/27/2014,2400,147,0, ,0, ,0, ,8.8, ,55.3, ,59, ,41.2, ,3.7, ,335, ,65.5, 
211,5/28/2014,0100,148,0, ,0, ,0, ,9.3, ,54.6, ,64, ,42.5, ,3.4, ,299, ,65.2, 
211,5/28/2014,0200,148,0, ,0, ,0, ,10, ,54.7, ,68, ,44.5, ,6.3, ,297, ,64.9, 
211,5/28/2014,0300,148,0, ,0, ,0, ,10.2, ,52.9, ,75, ,45, ,4.1, ,311, ,64.6, 
211,5/28/2014,0400,148,0, ,0, ,0, ,10.3, ,52.4, ,77, ,45.4, ,5.8, ,307, ,64.3, 
211,5/28/2014,0500,148,0, ,0, ,3, ,9.7, ,51.3, ,75, ,43.7, ,4.6, ,313, ,64.1, 
211,5/28/2014,0600,148,0, ,0, ,155, ,9.9, ,52.4, ,73, ,44.2, ,8.5, ,302, ,63.9, 
211,5/28/2014,0700,148,0.01, ,0, ,535, ,10, ,55.7, ,66, ,44.7, ,10.6, ,302, ,63.7, 
211,5/28/2014,0800,148,0.01, ,0, ,942, ,9.6, ,59.6, ,55, ,43.5, ,12.6, ,309, ,63.5, 
211,5/28/2014,0900,148,0.02, ,0, ,1316, ,9.8, ,62.8, ,50, ,44, ,11.2, ,313, ,63.5, 
211,5/28/2014,1000,148,0.02, ,0, ,1649, ,9.4, ,66.4, ,43, ,43, ,10.6, ,317, ,63.6, 
211,5/28/2014,1100,148,0.03, ,0, ,1889, ,9.4, ,69.8, ,38, ,43, ,11.3, ,322, ,63.9, 
211,5/28/2014,1200,148,0.03, ,0, ,2013, ,9.2, ,72.9, ,33, ,42.5, ,10.6, ,320, ,64.2, 
211,5/28/2014,1300,148,0.03, ,0, ,2028, ,8.9, ,75.6, ,29, ,41.5, ,11.9, ,327, ,64.7, 
211,5/28/2014,1400,148,0.03, ,0, ,1923, ,8.2, ,78.3, ,25, ,39.3, ,13.2, ,325, ,65.2, 
211,5/28/2014,1500,148,0.03, ,0, ,1683, ,8, ,79.9, ,23, ,38.7, ,13.6, ,327, ,65.6, 
211,5/28/2014,1600,148,0.03, ,0, ,1369, ,8.2, ,79.8, ,24, ,39.3, ,13.7, ,320, ,65.9, 
211,5/28/2014,1700,148,0.02, ,0, ,1015, ,8.2, ,79, ,24, ,39.4, ,12.8, ,306, ,65.9, 
211,5/28/2014,1800,148,0.02, ,0, ,625, ,8.2, ,76.3, ,26, ,39.3, ,15.7, ,309, ,65.8, 
211,5/28/2014,1900,148,0.01, ,0, ,226, ,8, ,72, ,30, ,38.7, ,16, ,307, ,65.6, 
211,5/28/2014,2000,148,0, ,0, ,10, ,7.8, ,68, ,33, ,38.2, ,13.1, ,307, ,65.4, 
211,5/28/2014,2100,148,0, ,0, ,0, ,8.1, ,65.1, ,38, ,39.2, ,10.7, ,315, ,65.1, 
211,5/28/2014,2200,148,0, ,0, ,0, ,8.8, ,63.2, ,44, ,41.1, ,11.1, ,316, ,64.8, 
211,5/28/2014,2300,148,0, ,0, ,0, ,9.3, ,61.4, ,50, ,42.7, ,7.6, ,319, ,64.5, 
211,5/28/2014,2400,148,0, ,0, ,0, ,9.2, ,58.1, ,56, ,42.4, ,3, ,296, ,64.3, 
211,5/29/2014,0100,149,0, ,0, ,0, ,8.8, ,54.1, ,62, ,41.3, ,1.4, ,115, ,64, 
211,5/29/2014,0200,149,0, ,0, ,0, ,8.1, ,49.9, ,66, ,39.2, ,1.5, ,348, ,63.8, 
211,5/29/2014,0300,149,0, ,0, ,0, ,8, ,47.9, ,70, ,38.6, ,1.9, ,319, ,63.4, 
211,5/29/2014,0400,149,0, ,0, ,0, ,7.7, ,46.4, ,72, ,37.9, ,2.1, ,327, ,63.1, 
211,5/29/2014,0500,149,0, ,0, ,3, ,7.6, ,45.5, ,74, ,37.5, ,2.1, ,304, ,62.8, 
211,5/29/2014,0600,149,0, ,0, ,154, ,8.3, ,46.6, ,77, ,39.7, ,3.1, ,324, ,62.5, 
211,5/29/2014,0700,149,0.01, ,0, ,537, ,9.2, ,54.7, ,63, ,42.4, ,2.5, ,326, ,62.3, 
211,5/29/2014,0800,149,0.01, ,0, ,964, ,9.4, ,61.8, ,50, ,42.8, ,2.1, ,284, ,62.2, 
211,5/29/2014,0900,149,0.02, ,0, ,1323, ,10, ,67.1, ,44, ,44.6, ,2.8, ,257, ,62.3, 
211,5/29/2014,1000,149,0.02, ,0, ,1581, ,9.4, ,71.9, ,35, ,42.9, ,4.3, ,308, ,62.7, 
211,5/29/2014,1100,149,0.03, ,0, ,1788, ,8, ,76.4, ,26, ,38.9, ,3.7, ,255, ,63.3, 
211,5/29/2014,1200,149,0.03, ,0, ,2009, ,7.7, ,79.5, ,22, ,37.7, ,3.8, ,225, ,64, 
211,5/29/2014,1300,149,0.03, ,0, ,2007, ,7.7, ,82.1, ,21, ,37.9, ,4.3, ,289, ,64.9, 
211,5/29/2014,1400,149,0.03, ,0, ,1877, ,8.9, ,83.1, ,23, ,41.5, ,8.1, ,189, ,65.8, 
211,5/29/2014,1500,149,0.03, ,0, ,1625, ,8.7, ,83.1, ,22, ,40.8, ,8.1, ,221, ,66.3, 
211,5/29/2014,1600,149,0.02, ,0, ,1370, ,8.1, ,83.4, ,21, ,39.2, ,7.3, ,220, ,66.6, 
211,5/29/2014,1700,149,0.02, ,0, ,1010, ,7.5, ,82.7, ,20, ,37.1, ,6.9, ,244, ,66.5, 
211,5/29/2014,1800,149,0.01, ,0, ,585, ,7.5, ,80.1, ,21, ,37, ,7.8, ,260, ,66.5, 
211,5/29/2014,1900,149,0, ,0, ,213, ,9.7, ,69.8, ,39, ,43.8, ,8.1, ,129, ,66.3, 
211,5/29/2014,2000,149,0, ,0, ,9, ,10, ,63.2, ,51, ,44.6, ,7.2, ,126, ,66, 
211,5/29/2014,2100,149,0, ,0, ,0, ,10.4, ,58.8, ,62, ,45.7, ,4.6, ,116, ,65.7, 
211,5/29/2014,2200,149,0, ,0, ,0, ,10.1, ,57.3, ,63, ,44.8, ,3.2, ,116, ,65.3, 
211,5/29/2014,2300,149,0, ,0, ,0, ,9.7, ,55.1, ,65, ,43.7, ,3.5, ,139, ,64.9, 
211,5/29/2014,2400,149,0, ,0, ,0, ,9.2, ,52.5, ,68, ,42.3, ,1.8, ,122, ,64.6, 
211,5/30/2014,0100,150,0, ,0, ,0, ,9, ,51.1, ,70, ,41.7, ,2.3, ,135, ,64.3, 
211,5/30/2014,0200,150,0, ,0, ,0, ,8.7, ,48.4, ,75, ,41, ,1.2, ,102, ,63.9, 
211,5/30/2014,0300,150,0, ,0, ,0, ,8.5, ,46.6, ,79, ,40.4, ,1.4, ,344, ,63.6, 
211,5/30/2014,0400,150,0, ,0, ,0, ,8.3, ,45.9, ,78, ,39.6, ,1.6, ,298, ,63.2, 
211,5/30/2014,0500,150,0, ,0, ,3, ,7.8, ,44.2, ,79, ,38.3, ,1.7, ,54, ,62.9, 
211,5/30/2014,0600,150,0, ,0.01, ,149, ,8.9, ,46.4, ,83, ,41.5, ,3, ,134, ,62.6, 
211,5/30/2014,0700,150,0, ,0, ,516, ,11.4, ,51.2, ,89, ,48, ,3.8, ,125, ,62.3, 
211,5/30/2014,0800,150,0.01, ,0, ,901, ,11.2, ,54.1, ,78, ,47.5, ,4.5, ,157, ,62.1, 
211,5/30/2014,0900,150,0.01, ,0, ,1287, ,12.1, ,57.7, ,74, ,49.5, ,3.7, ,136, ,62.1, 
211,5/30/2014,1000,150,0.02, ,0, ,1614, ,12.3, ,60.9, ,67, ,50.1, ,4.8, ,144, ,62.5, 
211,5/30/2014,1100,150,0.02, ,0, ,1881, ,12.5, ,67.1, ,55, ,50.4, ,4.6, ,136, ,63.4, 
211,5/30/2014,1200,150,0.03, ,0, ,2007, ,12.9, ,71.3, ,49, ,51.3, ,6.3, ,142, ,64.3, 
211,5/30/2014,1300,150,0.03, ,0, ,2009, ,12.5, ,74, ,44, ,50.5, ,10.6, ,144, ,65, 
211,5/30/2014,1400,150,0.03, ,0, ,1902, ,11.2, ,75.4, ,37, ,47.4, ,11, ,147, ,65.6, 
211,5/30/2014,1500,150,0.03, ,0, ,1706, ,10.9, ,74.8, ,37, ,46.8, ,13.2, ,181, ,66, 
211,5/30/2014,1600,150,0.02, ,0, ,1368, ,11.2, ,72.2, ,41, ,47.4, ,12.7, ,170, ,66.2, 
211,5/30/2014,1700,150,0.02, ,0, ,984, ,11.6, ,69.4, ,47, ,48.4, ,9, ,144, ,66.1, 
211,5/30/2014,1800,150,0.01, ,0, ,590, ,11.5, ,67.2, ,51, ,48.2, ,7.9, ,147, ,66, 
211,5/30/2014,1900,150,0, ,0, ,221, ,11.5, ,63.3, ,58, ,48.2, ,5.3, ,150, ,65.9, 
211,5/30/2014,2000,150,0, ,0, ,11, ,11.3, ,58.5, ,68, ,47.8, ,5, ,88, ,65.7, 
211,5/30/2014,2100,150,0, ,0, ,0, ,11.4, ,56.8, ,73, ,48.1, ,4.4, ,12, ,65.4, 
211,5/30/2014,2200,150,0, ,0, ,0, ,11.8, ,56.2, ,76, ,48.8, ,6.8, ,334, ,65.1, 
211,5/30/2014,2300,150,0, ,0, ,0, ,11.6, ,54.3, ,81, ,48.5, ,4.9, ,325, ,64.9, 
211,5/30/2014,2400,150,0, ,0, ,0, ,11.5, ,53.1, ,83, ,48.2, ,3, ,322, ,64.6, 
211,5/31/2014,0100,151,0, ,0, ,0, ,11.6, ,53.6, ,83, ,48.5, ,4.6, ,323, ,64.3, 
211,5/31/2014,0200,151,0, ,0, ,0, ,11.6, ,53.9, ,82, ,48.6, ,4.7, ,328, ,64.1, 
211,5/31/2014,0300,151,0, ,0, ,0, ,11.6, ,54, ,81, ,48.4, ,2.8, ,256, ,64, 
211,5/31/2014,0400,151,0, ,0, ,0, ,11.4, ,53.7, ,81, ,48.1, ,3, ,225, ,63.8, 
211,5/31/2014,0500,151,0, ,0, ,1, ,11.3, ,52.6, ,84, ,47.8, ,6.6, ,180, ,63.7, 
211,5/31/2014,0600,151,0, ,0, ,37, ,11.4, ,52.3, ,85, ,48, ,6.9, ,170, ,63.6, 
211,5/31/2014,0700,151,0, ,0, ,137, ,11.5, ,52.6, ,85, ,48.2, ,6.9, ,172, ,63.5, 
211,5/31/2014,0800,151,0, ,0, ,164, ,11.4, ,52.2, ,86, ,48, ,6, ,158, ,63.4, 
211,5/31/2014,0900,151,0, ,0, ,408, ,11.4, ,53.2, ,83, ,48.1, ,6.5, ,159, ,63.3, 
211,5/31/2014,1000,151,0.01, ,0, ,1205, ,11.8, ,56.2, ,76, ,48.9, ,6, ,149, ,63.3, 
211,5/31/2014,1100,151,0.02, ,0, ,1892, ,12.5, ,61.2, ,68, ,50.4, ,6.2, ,131, ,63.4, 
211,5/31/2014,1200,151,0.03, ,0, ,2003, ,12.8, ,66.7, ,57, ,51, ,4.8, ,100, ,63.7, 
211,5/31/2014,1300,151,0.03, ,0, ,1935, ,12, ,72.3, ,44, ,49.3, ,4.2, ,122, ,64.4, 
211,5/31/2014,1400,151,0.03, ,0, ,1908, ,11.3, ,76.9, ,36, ,47.7, ,4.3, ,8, ,65.3, 
211,5/31/2014,1500,151,0.03, ,0, ,1697, ,11.8, ,77.1, ,37, ,49, ,9.1, ,153, ,66.1, 
211,5/31/2014,1600,151,0.02, ,0, ,1400, ,12.3, ,74.8, ,42, ,50.1, ,10.3, ,146, ,66.6, 
211,5/31/2014,1700,151,0.02, ,0, ,1027, ,12.6, ,71.2, ,48, ,50.6, ,10.2, ,142, ,66.7, 
211,5/31/2014,1800,151,0.01, ,0, ,626, ,12.7, ,67.3, ,56, ,51, ,9.4, ,141, ,66.6, 
211,5/31/2014,1900,151,0, ,0, ,235, ,12.6, ,62.6, ,65, ,50.8, ,8.1, ,141, ,66.4, 
211,5/31/2014,2000,151,0, ,0, ,11, ,12, ,56.7, ,77, ,49.4, ,6.3, ,126, ,66.2, 
211,5/31/2014,2100,151,0, ,0, ,0, ,11.7, ,53.8, ,83, ,48.7, ,5.9, ,125, ,65.9, 
211,5/31/2014,2200,151,0, ,0, ,0, ,11.5, ,52.2, ,86, ,48.3, ,4.4, ,125, ,65.5, 
211,5/31/2014,2300,151,0, ,0, ,0, ,11.4, ,51, ,89, ,48, ,3.2, ,120, ,65.2, 
211,5/31/2014,2400,151,0, ,0, ,0, ,11, ,49.8, ,90, ,47, ,2.7, ,100, ,64.9, 
211,6/1/2014,0100,152,0, ,0, ,0, ,10.8, ,48.7, ,92, ,46.6, ,2.3, ,102, ,64.5, 
211,6/1/2014,0200,152,0, ,0, ,0, ,11.1, ,48.5, ,96, ,47.3, ,3.1, ,126, ,64.3, 
211,6/1/2014,0300,152,0, ,0, ,0, ,11, ,48, ,96, ,47, ,3.6, ,139, ,64, 
211,6/1/2014,0400,152,0, ,0, ,0, ,11.2, ,48.2, ,97, ,47.4, ,4.5, ,138, ,63.8, 
211,6/1/2014,0500,152,0, ,0, ,1, ,11, ,47.9, ,97, ,47.1, ,4.6, ,132, ,63.7, 
211,6/1/2014,0600,152,0, ,0, ,45, ,11, ,47.8, ,98, ,47.2, ,6.3, ,152, ,63.5, 
211,6/1/2014,0700,152,0, ,0, ,174, ,11.1, ,48, ,98, ,47.3, ,6, ,143, ,63.4, 
211,6/1/2014,0800,152,0.01, ,0, ,618, ,11.9, ,49.8, ,97, ,49, ,6.6, ,149, ,63.3, 
211,6/1/2014,0900,152,0.01, ,0, ,1330, ,12.7, ,55.6, ,84, ,50.8, ,5.9, ,135, ,63.2, 
211,6/1/2014,1000,152,0.02, ,0, ,1652, ,12.9, ,62.2, ,68, ,51.3, ,7.1, ,136, ,63.4, 
211,6/1/2014,1100,152,0.03, ,0, ,1883, ,12.8, ,68.7, ,53, ,51.1, ,8, ,146, ,63.7, 
211,6/1/2014,1200,152,0.03, ,0, ,2007, ,12.6, ,73.4, ,45, ,50.6, ,7, ,142, ,64.1, 
211,6/1/2014,1300,152,0.03, ,0, ,1980, ,13.3, ,78.3, ,40, ,52.1, ,5.9, ,133, ,64.7, 
211,6/1/2014,1400,152,0.03, ,0, ,1906, ,12.6, ,81.4, ,34, ,50.7, ,9, ,156, ,65.4, 
211,6/1/2014,1500,152,0.03, ,0, ,1671, ,11.9, ,82.3, ,31, ,49.1, ,9.6, ,151, ,66.1, 
211,6/1/2014,1600,152,0.02, ,0, ,1396, ,12.3, ,79.1, ,36, ,50.1, ,9, ,112, ,66.4, 
211,6/1/2014,1700,152,0.02, ,0, ,1023, ,12.3, ,74.4, ,42, ,50.1, ,8.7, ,123, ,66.5, 
211,6/1/2014,1800,152,0.01, ,0, ,628, ,11.9, ,68.5, ,50, ,49.1, ,10.4, ,127, ,66.4, 
211,6/1/2014,1900,152,0, ,0, ,242, ,11.6, ,62.4, ,60, ,48.5, ,10.7, ,131, ,66.2, 
211,6/1/2014,2000,152,0, ,0, ,13, ,11.7, ,55.7, ,77, ,48.8, ,9.1, ,141, ,66, 
211,6/1/2014,2100,152,0, ,0, ,0, ,11.7, ,52.9, ,86, ,48.7, ,8.2, ,136, ,65.6, 
211,6/1/2014,2200,152,0, ,0, ,0, ,11.6, ,51.3, ,90, ,48.5, ,8.4, ,151, ,65.3, 
211,6/1/2014,2300,152,0, ,0, ,0, ,11.5, ,50.6, ,92, ,48.2, ,7.8, ,133, ,65, 
211,6/1/2014,2400,152,0, ,0, ,0, ,11.4, ,50, ,93, ,48, ,8.4, ,135, ,64.7, 
211,6/2/2014,0100,153,0, ,0, ,0, ,11.4, ,50, ,93, ,47.9, ,8.8, ,139, ,64.4, 
211,6/2/2014,0200,153,0, ,0, ,0, ,11.5, ,50.1, ,93, ,48.2, ,9, ,143, ,64.1, 
211,6/2/2014,0300,153,0, ,0, ,0, ,11.4, ,50.1, ,93, ,48, ,8.6, ,142, ,63.9, 
211,6/2/2014,0400,153,0, ,0, ,0, ,11.2, ,50, ,91, ,47.4, ,8.3, ,154, ,63.7, 
211,6/2/2014,0500,153,0, ,0, ,1, ,11.1, ,50.1, ,90, ,47.4, ,8.1, ,160, ,63.6, 
211,6/2/2014,0600,153,0, ,0, ,36, ,11.2, ,50.6, ,89, ,47.6, ,6.6, ,152, ,63.4, 
211,6/2/2014,0700,153,0, ,0, ,118, ,11.4, ,51.2, ,89, ,48.1, ,6.9, ,157, ,63.3, 
211,6/2/2014,0800,153,0, ,0, ,283, ,11.4, ,52.4, ,85, ,48.1, ,7.2, ,160, ,63.2, 
211,6/2/2014,0900,153,0, ,0, ,480, ,11.7, ,54.1, ,82, ,48.6, ,6.5, ,165, ,63.1, 
211,6/2/2014,1000,153,0.02, ,0, ,1412, ,12.2, ,57.8, ,75, ,49.8, ,8.9, ,168, ,63.1, 
211,6/2/2014,1100,153,0.02, ,0, ,1846, ,12.5, ,59.9, ,71, ,50.5, ,9.5, ,185, ,63.3, 
211,6/2/2014,1200,153,0.02, ,0, ,2024, ,12.6, ,61.3, ,68, ,50.7, ,9.8, ,190, ,63.6, 
211,6/2/2014,1300,153,0.02, ,0, ,2015, ,13.3, ,62.2, ,70, ,52.2, ,8.4, ,180, ,64, 
211,6/2/2014,1400,153,0.02, ,0, ,1906, ,13.6, ,64.7, ,65, ,52.7, ,10.7, ,179, ,64.8, 
211,6/2/2014,1500,153,0.02, ,0, ,1695, ,13, ,65.4, ,61, ,51.5, ,9.9, ,199, ,66.1, 
211,6/2/2014,1600,153,0.02, ,0, ,1405, ,12.9, ,65.1, ,61, ,51.4, ,9.5, ,192, ,66.8, 
211,6/2/2014,1700,153,0.01, ,0, ,1049, ,12.8, ,63.9, ,63, ,51.1, ,9.5, ,175, ,66.8, 
211,6/2/2014,1800,153,0.01, ,0, ,655, ,12.5, ,63.1, ,64, ,50.6, ,7.5, ,180, ,66.7, 
211,6/2/2014,1900,153,0, ,0, ,263, ,12.3, ,60.3, ,69, ,50.1, ,6.5, ,186, ,66.5, 
211,6/2/2014,2000,153,0, ,0, ,15, ,12.2, ,56.9, ,77, ,49.8, ,4.8, ,193, ,66.3, 
211,6/2/2014,2100,153,0, ,0, ,0, ,12.2, ,56.4, ,78, ,49.8, ,5.7, ,184, ,65.9, 
211,6/2/2014,2200,153,0, ,0, ,0, ,12.2, ,56.4, ,79, ,49.9, ,7.8, ,181, ,65.6, 
211,6/2/2014,2300,153,0, ,0, ,0, ,12.1, ,55.8, ,79, ,49.5, ,7.3, ,190, ,65.4, 
211,6/2/2014,2400,153,0, ,0, ,0, ,11.9, ,55.4, ,79, ,49.1, ,6.7, ,173, ,65.1, 
211,6/3/2014,0100,154,0, ,0, ,0, ,11.9, ,55.1, ,80, ,49.2, ,6.7, ,161, ,64.9, 
211,6/3/2014,0200,154,0, ,0, ,0, ,11.8, ,54.6, ,81, ,48.9, ,5.9, ,183, ,64.7, 
211,6/3/2014,0300,154,0, ,0, ,0, ,11.6, ,54, ,82, ,48.5, ,6.5, ,180, ,64.6, 
211,6/3/2014,0400,154,0, ,0, ,0, ,11.5, ,53.2, ,83, ,48.2, ,7.3, ,174, ,64.4, 
211,6/3/2014,0500,154,0, ,0, ,1, ,11.3, ,52.4, ,84, ,47.8, ,7.2, ,173, ,64.2, 
211,6/3/2014,0600,154,0, ,0, ,45, ,11.4, ,52.2, ,86, ,48, ,6.5, ,167, ,64.1, 
211,6/3/2014,0700,154,0, ,0, ,112, ,11.6, ,52.4, ,86, ,48.4, ,6.3, ,174, ,63.9, 
211,6/3/2014,0800,154,0, ,0, ,220, ,11.4, ,52.6, ,85, ,48.1, ,7.6, ,173, ,63.8, 
211,6/3/2014,0900,154,0, ,0, ,494, ,11.7, ,53.4, ,84, ,48.6, ,7.2, ,173, ,63.7, 
211,6/3/2014,1000,154,0.01, ,0, ,804, ,12, ,55.5, ,80, ,49.4, ,6.2, ,159, ,63.6, 
211,6/3/2014,1100,154,0.02, ,0, ,1896, ,12.9, ,60.2, ,73, ,51.4, ,5.8, ,139, ,63.7, 
211,6/3/2014,1200,154,0.02, ,0, ,1968, ,13.4, ,64.7, ,64, ,52.4, ,5.9, ,134, ,64, 
211,6/3/2014,1300,154,0.03, ,0, ,1966, ,13.6, ,69.3, ,56, ,52.8, ,5.7, ,137, ,64.7, 
211,6/3/2014,1400,154,0.03, ,0, ,1865, ,13.6, ,72.6, ,50, ,52.8, ,6.9, ,134, ,65.4, 
211,6/3/2014,1500,154,0.03, ,0, ,1679, ,13.4, ,74.6, ,46, ,52.3, ,9.2, ,140, ,66.2, 
211,6/3/2014,1600,154,0.02, ,0, ,1384, ,13, ,73.1, ,47, ,51.5, ,9.4, ,143, ,66.7, 
211,6/3/2014,1700,154,0.02, ,0, ,1034, ,12.9, ,69.5, ,52, ,51.3, ,10.9, ,146, ,66.8, 
211,6/3/2014,1800,154,0.01, ,0, ,642, ,12.6, ,64.9, ,60, ,50.6, ,10.7, ,141, ,66.7, 
211,6/3/2014,1900,154,0, ,0, ,250, ,12.2, ,60.2, ,69, ,49.9, ,9.7, ,141, ,66.5, 
211,6/3/2014,2000,154,0, ,0, ,15, ,11.8, ,55.6, ,78, ,48.8, ,7.4, ,130, ,66.3, 
211,6/3/2014,2100,154,0, ,0, ,0, ,11.6, ,53.7, ,82, ,48.4, ,5.8, ,122, ,66, 
211,6/3/2014,2200,154,0, ,0, ,0, ,11.4, ,52.3, ,85, ,48.1, ,4.5, ,118, ,65.6, 
211,6/3/2014,2300,154,0, ,0, ,0, ,11.3, ,51.2, ,88, ,47.8, ,3.3, ,110, ,65.3, 
211,6/3/2014,2400,154,0, ,0, ,0, ,11.2, ,50.5, ,89, ,47.4, ,3.1, ,118, ,65, 
211,6/4/2014,0100,155,0, ,0, ,0, ,11.1, ,49.7, ,91, ,47.2, ,3.7, ,120, ,64.7, 
211,6/4/2014,0200,155,0, ,0, ,0, ,10.9, ,48.9, ,92, ,46.8, ,2.9, ,124, ,64.4, 
211,6/4/2014,0300,155,0, ,0, ,0, ,10.8, ,49, ,91, ,46.6, ,3.2, ,118, ,64.2, 
211,6/4/2014,0400,155,0, ,0, ,0, ,11.3, ,49.8, ,93, ,47.8, ,3.4, ,135, ,64, 
211,6/4/2014,0500,155,0, ,0, ,1, ,11.5, ,49.8, ,94, ,48.1, ,4, ,137, ,63.8, 
211,6/4/2014,0600,155,0, ,0, ,35, ,11.3, ,49.1, ,95, ,47.7, ,4.6, ,152, ,63.7, 
211,6/4/2014,0700,155,0, ,0, ,143, ,11.3, ,49.1, ,95, ,47.8, ,3.8, ,125, ,63.6, 
211,6/4/2014,0800,155,0, ,0, ,320, ,11.7, ,50.1, ,94, ,48.6, ,4.5, ,157, ,63.5, 
211,6/4/2014,0900,155,0.01, ,0, ,1018, ,12.3, ,53.4, ,88, ,50, ,4.2, ,158, ,63.5, 
211,6/4/2014,1000,155,0.02, ,0, ,1552, ,13.5, ,60.3, ,76, ,52.6, ,3.7, ,153, ,63.6, 
211,6/4/2014,1100,155,0.02, ,0, ,1823, ,14.2, ,67.5, ,62, ,53.9, ,3.7, ,153, ,64, 
211,6/4/2014,1200,155,0.03, ,0, ,1951, ,14.2, ,73.7, ,50, ,53.9, ,4.2, ,156, ,64.7, 
211,6/4/2014,1300,155,0.03, ,0, ,1980, ,14.6, ,79.3, ,43, ,54.6, ,3.9, ,137, ,65.5, 
211,6/4/2014,1400,155,0.03, ,0, ,1854, ,15.4, ,81.6, ,42, ,56.1, ,5.9, ,136, ,66.4, 
211,6/4/2014,1500,155,0.03, ,0, ,1669, ,15.1, ,81.7, ,41, ,55.6, ,8.7, ,142, ,67.3, 
211,6/4/2014,1600,155,0.02, ,0, ,1351, ,14.2, ,79.2, ,42, ,53.9, ,11.4, ,148, ,67.8, 
211,6/4/2014,1700,155,0.02, ,0, ,998, ,13.8, ,74.4, ,47, ,53.1, ,10.7, ,132, ,67.8, 
211,6/4/2014,1800,155,0.01, ,0, ,606, ,13.7, ,69.8, ,55, ,52.9, ,11, ,134, ,67.7, 
211,6/4/2014,1900,155,0, ,0, ,245, ,13, ,63.6, ,65, ,51.5, ,9.5, ,142, ,67.5, 
211,6/4/2014,2000,155,0, ,0, ,15, ,12.5, ,57.5, ,78, ,50.5, ,6.8, ,133, ,67.2, 
211,6/4/2014,2100,155,0, ,0, ,0, ,12.2, ,54.7, ,84, ,49.9, ,4.2, ,117, ,66.8, 
211,6/4/2014,2200,155,0, ,0, ,0, ,12, ,53.2, ,87, ,49.4, ,3.8, ,122, ,66.4, 
211,6/4/2014,2300,155,0, ,0, ,0, ,11.9, ,52, ,90, ,49, ,3.8, ,127, ,66, 
211,6/4/2014,2400,155,0, ,0, ,0, ,11.4, ,50.5, ,91, ,48, ,2.8, ,96, ,65.7, 
211,6/5/2014,0100,156,0, ,0, ,0, ,10.9, ,49.2, ,92, ,46.9, ,2.1, ,84, ,65.4, 
211,6/5/2014,0200,156,0, ,0, ,0, ,10.7, ,48.3, ,92, ,46.2, ,2, ,106, ,65, 
211,6/5/2014,0300,156,0, ,0, ,0, ,11.1, ,48.7, ,95, ,47.4, ,3.2, ,106, ,64.7, 
211,6/5/2014,0400,156,0, ,0, ,0, ,11.6, ,49.5, ,96, ,48.5, ,5.1, ,133, ,64.4, 
211,6/5/2014,0500,156,0, ,0, ,2, ,11.7, ,49.5, ,97, ,48.6, ,6.8, ,143, ,64.2, 
211,6/5/2014,0600,156,0, ,0, ,50, ,11.6, ,49.5, ,96, ,48.5, ,7.7, ,141, ,64.1, 
211,6/5/2014,0700,156,0, ,0, ,215, ,11.9, ,50.3, ,96, ,49.1, ,6.8, ,148, ,64, 
211,6/5/2014,0800,156,0.01, ,0, ,687, ,12.3, ,52.5, ,91, ,50, ,5.9, ,141, ,63.8, 
211,6/5/2014,0900,156,0.01, ,0, ,1295, ,13.2, ,57.4, ,82, ,52, ,6.7, ,143, ,63.8, 
211,6/5/2014,1000,156,0.02, ,0, ,1546, ,13.7, ,62.2, ,72, ,53, ,7.6, ,134, ,64, 
211,6/5/2014,1100,156,0.02, ,0, ,1844, ,14.1, ,67.2, ,62, ,53.7, ,7.9, ,137, ,64.3, 
211,6/5/2014,1200,156,0.03, ,0, ,1970, ,14.5, ,73.4, ,52, ,54.5, ,7.4, ,116, ,64.8, 
211,6/5/2014,1300,156,0.03, ,0, ,1953, ,13.4, ,77.5, ,42, ,52.4, ,7.8, ,134, ,65.4, 
211,6/5/2014,1400,156,0.03, ,0, ,1846, ,13.4, ,78.4, ,40, ,52.4, ,9.4, ,145, ,66, 
211,6/5/2014,1500,156,0.03, ,0, ,1628, ,14, ,79.1, ,41, ,53.6, ,8.5, ,133, ,66.6, 
211,6/5/2014,1600,156,0.02, ,0, ,1314, ,14.3, ,77.1, ,45, ,54.2, ,9, ,126, ,66.9, 
211,6/5/2014,1700,156,0.02, ,0, ,983, ,13.9, ,72.2, ,51, ,53.3, ,10.3, ,127, ,67, 
211,6/5/2014,1800,156,0.01, ,0, ,606, ,13.3, ,68.2, ,56, ,52.1, ,10.5, ,132, ,66.9, 
211,6/5/2014,1900,156,0, ,0, ,237, ,12.9, ,63.3, ,65, ,51.3, ,9.5, ,135, ,66.8, 
211,6/5/2014,2000,156,0, ,0, ,14, ,12.6, ,57.7, ,77, ,50.7, ,7.5, ,143, ,66.5, 
211,6/5/2014,2100,156,0, ,0, ,0, ,12.6, ,55.4, ,84, ,50.6, ,6.6, ,140, ,66.2, 
211,6/5/2014,2200,156,0, ,0, ,0, ,12.5, ,53.5, ,90, ,50.5, ,7.1, ,144, ,65.9, 
211,6/5/2014,2300,156,0, ,0, ,0, ,12.4, ,52.9, ,91, ,50.3, ,6.8, ,130, ,65.6, 
211,6/5/2014,2400,156,0, ,0, ,0, ,12.5, ,52.6, ,93, ,50.6, ,6.6, ,137, ,65.3, 
211,6/6/2014,0100,157,0, ,0, ,0, ,12.5, ,52.5, ,93, ,50.5, ,8, ,140, ,65, 
211,6/6/2014,0200,157,0, ,0, ,0, ,12.3, ,52, ,93, ,50, ,7.4, ,142, ,64.8, 
211,6/6/2014,0300,157,0, ,0, ,0, ,12.1, ,51.6, ,93, ,49.7, ,6.8, ,130, ,64.6, 
211,6/6/2014,0400,157,0, ,0, ,0, ,12.1, ,51.7, ,93, ,49.7, ,8.4, ,133, ,64.5, 
211,6/6/2014,0500,157,0, ,0, ,1, ,12.1, ,51.5, ,93, ,49.5, ,8.8, ,138, ,64.3, 
211,6/6/2014,0600,157,0, ,0, ,34, ,11.9, ,51.3, ,93, ,49.2, ,9.1, ,138, ,64.1, 
211,6/6/2014,0700,157,0, ,0, ,154, ,11.9, ,51.8, ,91, ,49.2, ,8.3, ,141, ,64, 
211,6/6/2014,0800,157,0, ,0, ,402, ,12.1, ,53.4, ,87, ,49.5, ,7.3, ,132, ,63.8, 
211,6/6/2014,0900,157,0.01, ,0, ,1318, ,12.7, ,56.7, ,81, ,50.8, ,7.2, ,122, ,63.8, 
211,6/6/2014,1000,157,0.02, ,0, ,1627, ,13.3, ,60.3, ,74, ,52.1, ,8, ,137, ,63.9, 
211,6/6/2014,1100,157,0.02, ,0, ,1856, ,13.5, ,65.7, ,62, ,52.5, ,7.3, ,137, ,64.2, 
211,6/6/2014,1200,157,0.03, ,0, ,1949, ,12.9, ,72.1, ,48, ,51.2, ,7, ,125, ,64.7, 
211,6/6/2014,1300,157,0.03, ,0, ,1939, ,13.7, ,77.6, ,42, ,52.9, ,7.9, ,130, ,65.3, 
211,6/6/2014,1400,157,0.03, ,0, ,1861, ,13.3, ,78.3, ,40, ,52.1, ,9.2, ,150, ,65.9, 
211,6/6/2014,1500,157,0.03, ,0, ,1654, ,12.2, ,78, ,37, ,49.8, ,7.5, ,134, ,66.5, 
211,6/6/2014,1600,157,0.02, ,0, ,1355, ,12.5, ,76.5, ,40, ,50.5, ,8, ,126, ,66.8, 
211,6/6/2014,1700,157,0.02, ,0, ,992, ,12.7, ,73.1, ,45, ,50.8, ,9.5, ,125, ,66.9, 
211,6/6/2014,1800,157,0.01, ,0, ,605, ,12.9, ,68.7, ,54, ,51.3, ,9.9, ,129, ,66.8, 
211,6/6/2014,1900,157,0, ,0, ,235, ,12.7, ,63.5, ,63, ,50.9, ,8.2, ,127, ,66.7, 
211,6/6/2014,2000,157,0, ,0, ,16, ,12.6, ,58.5, ,76, ,50.8, ,6.5, ,128, ,66.4, 
211,6/6/2014,2100,157,0, ,0, ,0, ,12.5, ,56.2, ,81, ,50.5, ,5.9, ,113, ,66.1, 
211,6/6/2014,2200,157,0, ,0, ,0, ,12.4, ,54.5, ,85, ,50.3, ,6.4, ,124, ,65.8, 
211,6/6/2014,2300,157,0, ,0, ,0, ,12.2, ,53.1, ,89, ,49.8, ,7.5, ,135, ,65.4, 
211,6/6/2014,2400,157,0, ,0, ,0, ,12.3, ,52.8, ,90, ,50, ,8, ,146, ,65.2, 
211,6/7/2014,0100,158,0, ,0, ,0, ,12.3, ,53, ,90, ,50, ,7, ,142, ,64.9, 
211,6/7/2014,0200,158,0, ,0, ,0, ,12.1, ,52.6, ,90, ,49.6, ,6.9, ,149, ,64.7, 
211,6/7/2014,0300,158,0, ,0, ,0, ,11.9, ,51.9, ,90, ,49.2, ,7, ,145, ,64.5, 
211,6/7/2014,0400,158,0, ,0, ,0, ,11.8, ,51.5, ,91, ,49, ,6.5, ,140, ,64.4, 
211,6/7/2014,0500,158,0, ,0, ,1, ,11.9, ,51.6, ,91, ,49.1, ,5.9, ,138, ,64.2, 
211,6/7/2014,0600,158,0, ,0, ,23, ,11.9, ,51.3, ,92, ,49.1, ,6.5, ,147, ,64.1, 
211,6/7/2014,0700,158,0, ,0, ,104, ,12, ,51.3, ,93, ,49.3, ,6.5, ,142, ,63.9, 
211,6/7/2014,0800,158,0, ,0, ,298, ,12.3, ,51.7, ,94, ,50, ,4.6, ,136, ,63.8, 
211,6/7/2014,0900,158,0.01, ,0, ,833, ,12.8, ,53.6, ,91, ,51.2, ,4.9, ,134, ,63.6, 
211,6/7/2014,1000,158,0.02, ,0, ,1603, ,13.9, ,58.6, ,82, ,53.3, ,6.7, ,152, ,63.6, 
211,6/7/2014,1100,158,0.02, ,0, ,1865, ,13.9, ,65.6, ,65, ,53.4, ,7.2, ,135, ,64.2, 
211,6/7/2014,1200,158,0.03, ,0, ,1976, ,14.8, ,70.9, ,58, ,55.1, ,5.8, ,131, ,64.8, 
211,6/7/2014,1300,158,0.03, ,0, ,1906, ,15.1, ,74.9, ,51, ,55.6, ,6.9, ,128, ,65.4, 
211,6/7/2014,1400,158,0.03, ,0, ,1873, ,14.7, ,77.4, ,46, ,54.9, ,9.2, ,147, ,66.2, 
211,6/7/2014,1500,158,0.03, ,0, ,1666, ,14.5, ,77.1, ,46, ,54.5, ,10.2, ,148, ,66.8, 
211,6/7/2014,1600,158,0.02, ,0, ,1366, ,14.2, ,74.7, ,48, ,53.9, ,11, ,136, ,67.2, 
211,6/7/2014,1700,158,0.02, ,0, ,1012, ,13.8, ,71.8, ,52, ,53.1, ,10.1, ,134, ,67.3, 
211,6/7/2014,1800,158,0.01, ,0, ,625, ,13.6, ,69.5, ,55, ,52.8, ,8.6, ,137, ,67.2, 
211,6/7/2014,1900,158,0, ,0, ,241, ,13.4, ,65.5, ,62, ,52.3, ,7.3, ,144, ,67.1, 
211,6/7/2014,2000,158,0, ,0, ,15, ,12.9, ,60.2, ,72, ,51.3, ,6, ,129, ,66.9, 
211,6/7/2014,2100,158,0, ,0, ,0, ,12.5, ,56.6, ,80, ,50.4, ,5.4, ,132, ,66.7, 
211,6/7/2014,2200,158,0, ,0, ,0, ,12.2, ,54.7, ,83, ,49.7, ,3.1, ,115, ,66.3, 
211,6/7/2014,2300,158,0, ,0, ,0, ,11.9, ,53.2, ,86, ,49, ,1.8, ,73, ,66, 
211,6/7/2014,2400,158,0, ,0, ,0, ,11.8, ,52.5, ,88, ,49, ,3.6, ,133, ,65.7, 
211,6/8/2014,0100,159,0, ,0, ,0, ,11.6, ,51.3, ,90, ,48.4, ,3, ,112, ,65.4, 
211,6/8/2014,0200,159,0, ,0, ,0, ,11.2, ,50.2, ,90, ,47.5, ,1.6, ,100, ,65.1, 
211,6/8/2014,0300,159,0, ,0, ,0, ,10.8, ,49.1, ,91, ,46.7, ,1.2, ,85, ,64.8, 
211,6/8/2014,0400,159,0, ,0, ,0, ,10.4, ,47.9, ,91, ,45.5, ,1.7, ,328, ,64.5, 
211,6/8/2014,0500,159,0, ,0, ,4, ,10.4, ,48, ,91, ,45.5, ,1.9, ,141, ,64.3, 
211,6/8/2014,0600,159,0, ,0, ,146, ,11.1, ,49.4, ,92, ,47.2, ,1.8, ,71, ,64, 
211,6/8/2014,0700,159,0.01, ,0, ,510, ,12.6, ,55.6, ,83, ,50.7, ,1.5, ,136, ,63.8, 
211,6/8/2014,0800,159,0.01, ,0, ,903, ,13.3, ,60, ,76, ,52.2, ,2.4, ,135, ,63.7, 
211,6/8/2014,0900,159,0.02, ,0, ,1259, ,14.6, ,67.9, ,62, ,54.6, ,2.2, ,52, ,63.8, 
211,6/8/2014,1000,159,0.02, ,0, ,1555, ,15.5, ,76.3, ,50, ,56.4, ,2.4, ,249, ,64.2, 
211,6/8/2014,1100,159,0.03, ,0, ,1792, ,14.9, ,83, ,39, ,55.2, ,4.4, ,290, ,64.8, 
211,6/8/2014,1200,159,0.03,Y,0, ,1914, ,14.5, ,90.6,Y,30,Y,54.5,Y,3.7, ,283, ,65.7, 
211,6/8/2014,1300,159,0.03,Y,0, ,1927, ,13.9, ,95.2,Y,25,Y,53.4,Y,3.6, ,189, ,66.7, 
211,6/8/2014,1400,159,0.03,Y,0, ,1828, ,14.1, ,96.9,Y,24,Y,53.8,Y,7.2, ,161, ,67.8, 
211,6/8/2014,1500,159,0.03,Y,0, ,1622, ,14, ,97.6,Y,23,Y,53.6,Y,7.1, ,162, ,68.7, 
211,6/8/2014,1600,159,0.02, ,0, ,1329, ,15.7, ,89.6, ,33, ,56.7, ,8.2, ,129, ,69.1, 
211,6/8/2014,1700,159,0.02, ,0, ,993, ,15.6, ,84, ,39, ,56.6, ,8.8, ,126, ,69.2, 
211,6/8/2014,1800,159,0.01, ,0, ,628, ,15, ,78.8, ,45, ,55.5, ,8.8, ,140, ,69.1, 
211,6/8/2014,1900,159,0, ,0, ,251, ,14.5, ,72.4, ,54, ,54.6, ,7.4, ,132, ,68.9, 
211,6/8/2014,2000,159,0, ,0, ,16, ,13.5, ,67.6, ,58, ,52.5, ,6.2, ,121, ,68.6, 
211,6/8/2014,2100,159,0,Y,0, ,0, ,12.7, ,65.3,Y,60,Y,50.9,Y,4.1, ,121, ,68.3, 
211,6/8/2014,2200,159,0,Y,0, ,0, ,12.4, ,64.1,Y,61,Y,50.2,Y,4.4, ,121, ,67.9, 
211,6/8/2014,2300,159,0,Y,0, ,0, ,12.6, ,61.2,Y,68,Y,50.8,Y,3.3, ,130, ,67.6, 
211,6/8/2014,2400,159,0, ,0, ,0, ,12.3, ,58.9, ,72, ,50.1, ,1.6, ,87, ,67.2, 
211,6/9/2014,0100,160,0, ,0, ,0, ,12, ,57.5, ,74, ,49.4, ,1.5, ,139, ,66.9, 
211,6/9/2014,0200,160,0, ,0, ,0, ,11.5, ,55.2, ,78, ,48.3, ,1.6, ,98, ,66.5, 
211,6/9/2014,0300,160,0, ,0, ,0, ,11.4, ,53.9, ,80, ,47.9, ,1.2, ,43, ,66.2, 
211,6/9/2014,0400,160,0, ,0, ,0, ,11.3, ,52.8, ,83, ,47.9, ,1.9, ,98, ,65.8, 
211,6/9/2014,0500,160,0, ,0, ,4, ,11.6, ,52, ,88, ,48.5, ,1.7, ,117, ,65.5, 
211,6/9/2014,0600,160,0, ,0, ,167, ,12.4, ,53.6, ,89, ,50.3, ,3.4, ,136, ,65.3, 
211,6/9/2014,0700,160,0.01, ,0, ,529, ,13.3, ,57.8, ,81, ,52.1, ,3.8, ,137, ,65, 
211,6/9/2014,0800,160,0.01, ,0, ,916, ,13.9, ,62.7, ,71, ,53.3, ,5.3, ,134, ,64.9, 
211,6/9/2014,0900,160,0.02, ,0, ,1275, ,14.8, ,67.9, ,63, ,55.1, ,5.6, ,132, ,65, 
211,6/9/2014,1000,160,0.02, ,0, ,1577, ,15.1, ,72.8, ,55, ,55.6, ,4.7, ,136, ,65.2, 
211,6/9/2014,1100,160,0.03, ,0, ,1801, ,15.7, ,77.5, ,49, ,56.8, ,5.7, ,136, ,65.7, 
211,6/9/2014,1200,160,0.03, ,0, ,1925, ,15.7, ,81.7, ,42, ,56.7, ,6.1, ,134, ,66.3, 
211,6/9/2014,1300,160,0.03, ,0, ,1920, ,16.1, ,84.9, ,39, ,57.3, ,7.3, ,140, ,67.1, 
211,6/9/2014,1400,160,0.03, ,0, ,1836, ,16.8, ,84.1, ,42, ,58.5, ,9.1, ,129, ,67.8, 
211,6/9/2014,1500,160,0.03, ,0, ,1629, ,16.3, ,82, ,44, ,57.7, ,9.4, ,122, ,68.3, 
211,6/9/2014,1600,160,0.02, ,0, ,1332, ,15.5, ,82, ,42, ,56.3, ,10.1, ,101, ,68.6, 
211,6/9/2014,1700,160,0.02, ,0, ,991, ,15.1, ,79.7, ,44, ,55.6, ,9.6, ,111, ,68.6, 
211,6/9/2014,1800,160,0.01, ,0, ,624, ,14.8, ,75.2, ,50, ,55, ,10, ,131, ,68.6, 
211,6/9/2014,1900,160,0, ,0, ,257, ,14.3, ,69.3, ,59, ,54.2, ,9.3, ,127, ,68.4, 
211,6/9/2014,2000,160,0, ,0, ,18, ,13.8, ,62, ,73, ,53.2, ,8.6, ,138, ,68.1, 
211,6/9/2014,2100,160,0, ,0, ,0, ,13.7, ,58.1, ,83, ,52.9, ,7.2, ,149, ,67.8, 
211,6/9/2014,2200,160,0, ,0, ,0, ,13.6, ,56.7, ,87, ,52.8, ,6.5, ,148, ,67.5, 
211,6/9/2014,2300,160,0, ,0, ,0, ,13.6, ,55.8, ,89, ,52.7, ,6, ,146, ,67.1, 
211,6/9/2014,2400,160,0, ,0, ,0, ,13.5, ,55.1, ,91, ,52.6, ,6.4, ,146, ,66.8, 
211,6/10/2014,0100,161,0, ,0, ,0, ,13.6, ,54.7, ,93, ,52.7, ,7.3, ,153, ,66.6, 
211,6/10/2014,0200,161,0, ,0, ,0, ,13.8, ,55.2, ,93, ,53.2, ,8.5, ,147, ,66.3, 
211,6/10/2014,0300,161,0, ,0, ,0, ,13.8, ,54.8, ,94, ,53.1, ,8.4, ,139, ,66.1, 
211,6/10/2014,0400,161,0, ,0, ,0, ,13.7, ,54.8, ,94, ,53, ,8.4, ,134, ,65.9, 
211,6/10/2014,0500,161,0, ,0, ,1, ,13.6, ,54.6, ,93, ,52.7, ,9, ,138, ,65.8, 
211,6/10/2014,0600,161,0, ,0, ,36, ,13.5, ,54.5, ,93, ,52.5, ,8.1, ,149, ,65.6, 
211,6/10/2014,0700,161,0, ,0, ,147, ,13.5, ,54.8, ,92, ,52.5, ,6.5, ,142, ,65.5, 
211,6/10/2014,0800,161,0, ,0, ,372, ,13.7, ,56.1, ,89, ,52.9, ,6.3, ,135, ,65.4, 
211,6/10/2014,0900,161,0.01, ,0, ,1120, ,14.4, ,59.6, ,82, ,54.3, ,6, ,133, ,65.3, 
211,6/10/2014,1000,161,0.02, ,0, ,1565, ,15.4, ,64.7, ,74, ,56.1, ,5.4, ,124, ,65.4, 
211,6/10/2014,1100,161,0.02, ,0, ,1778, ,15.9, ,69.6, ,64, ,57.1, ,4.8, ,124, ,65.8, 
211,6/10/2014,1200,161,0.03, ,0, ,1896, ,16.5, ,74.4, ,57, ,58.1, ,5.5, ,123, ,66.4, 
211,6/10/2014,1300,161,0.03, ,0, ,1881, ,16.5, ,78.2, ,50, ,58.1, ,6.7, ,114, ,67.1, 
211,6/10/2014,1400,161,0.03, ,0, ,1799, ,17.7, ,77.6, ,55, ,60, ,8.2, ,130, ,67.9, 
211,6/10/2014,1500,161,0.02, ,0, ,1596, ,17.3, ,76.2, ,56, ,59.5, ,8.3, ,128, ,68.7, 
211,6/10/2014,1600,161,0.02, ,0, ,1308, ,17, ,75.6, ,56, ,59, ,7.6, ,96, ,69.5, 
211,6/10/2014,1700,161,0.01, ,0, ,973, ,15.2, ,75.4, ,51, ,55.8, ,6.6, ,319, ,70, 
211,6/10/2014,1800,161,0.01, ,0, ,604, ,13.6, ,74.2, ,47, ,52.8, ,6.2, ,317, ,70.1, 
211,6/10/2014,1900,161,0, ,0, ,252, ,13.9, ,66.2, ,63, ,53.4, ,8.3, ,115, ,70, 
211,6/10/2014,2000,161,0, ,0, ,19, ,13.7, ,60, ,78, ,53, ,8.7, ,105, ,69.7, 
211,6/10/2014,2100,161,0, ,0, ,0, ,13.5, ,57.8, ,83, ,52.6, ,6.7, ,115, ,69.3, 
211,6/10/2014,2200,161,0, ,0, ,0, ,13.4, ,57, ,84, ,52.4, ,5.4, ,124, ,68.9, 
211,6/10/2014,2300,161,0, ,0, ,0, ,13.3, ,56.5, ,86, ,52.2, ,6.2, ,134, ,68.4, 
211,6/10/2014,2400,161,0, ,0, ,0, ,13.5, ,56.8, ,86, ,52.6, ,8.4, ,146, ,68.1, 
211,6/11/2014,0100,162,0, ,0, ,0, ,13.6, ,56.7, ,86, ,52.7, ,7.6, ,156, ,67.7, 
211,6/11/2014,0200,162,0, ,0, ,0, ,13.6, ,57.1, ,86, ,52.8, ,5.5, ,167, ,67.4, 
211,6/11/2014,0300,162,0, ,0, ,0, ,13.5, ,57.1, ,85, ,52.6, ,5, ,182, ,67.2, 
211,6/11/2014,0400,162,0, ,0, ,0, ,13.4, ,56.8, ,85, ,52.4, ,6.6, ,171, ,67, 
211,6/11/2014,0500,162,0, ,0, ,1, ,13.3, ,56.6, ,85, ,52.1, ,5.1, ,186, ,66.8, 
211,6/11/2014,0600,162,0, ,0, ,34, ,13.2, ,56.9, ,83, ,52, ,3.8, ,196, ,66.7, 
211,6/11/2014,0700,162,0, ,0, ,133, ,13.2, ,57.8, ,81, ,52, ,3.2, ,210, ,66.5, 
211,6/11/2014,0800,162,0, ,0, ,355, ,13.6, ,58.9, ,80, ,52.7, ,6.3, ,174, ,66.4, 
211,6/11/2014,0900,162,0.01, ,0, ,581, ,13.8, ,59.7, ,79, ,53.2, ,9.3, ,174, ,66.4, 
211,6/11/2014,1000,162,0.01, ,0, ,1096, ,14.1, ,61.7, ,75, ,53.8, ,10.3, ,172, ,66.4, 
211,6/11/2014,1100,162,0.02, ,0, ,1803, ,14.6, ,64.6, ,70, ,54.8, ,9.7, ,174, ,66.5, 
211,6/11/2014,1200,162,0.02, ,0, ,1923, ,14.6, ,67.2, ,64, ,54.7, ,4.6, ,182, ,66.7, 
211,6/11/2014,1300,162,0.03, ,0, ,1949, ,14.5, ,69.9, ,58, ,54.5, ,5, ,228, ,67.3, 
211,6/11/2014,1400,162,0.03, ,0, ,1856, ,14.4, ,71.6, ,54, ,54.3, ,5.1, ,231, ,68.1, 
211,6/11/2014,1500,162,0.02, ,0, ,1656, ,14.2, ,72.4, ,52, ,53.9, ,5.4, ,253, ,68.9, 
211,6/11/2014,1600,162,0.02, ,0, ,1366, ,14, ,71.6, ,53, ,53.6, ,7.6, ,269, ,69.5, 
211,6/11/2014,1700,162,0.01, ,0, ,1012, ,14.2, ,71.8, ,53, ,53.9, ,4.8, ,232, ,69.7, 
211,6/11/2014,1800,162,0.01, ,0, ,641, ,13.9, ,69.6, ,56, ,53.3, ,5.5, ,275, ,69.7, 
211,6/11/2014,1900,162,0, ,0, ,274, ,13.7, ,66.8, ,61, ,53, ,4.8, ,95, ,69.5, 
211,6/11/2014,2000,162,0, ,0, ,21, ,13.6, ,62.7, ,70, ,52.7, ,4.4, ,280, ,69.3, 
211,6/11/2014,2100,162,0, ,0, ,0, ,13.2, ,58.8, ,78, ,51.9, ,4, ,77, ,69, 
211,6/11/2014,2200,162,0, ,0, ,0, ,12.9, ,56.9, ,82, ,51.4, ,3.7, ,84, ,68.6, 
211,6/11/2014,2300,162,0, ,0, ,0, ,13, ,56, ,85, ,51.5, ,3, ,354, ,68.3, 
211,6/11/2014,2400,162,0, ,0, ,0, ,13.3, ,57.7, ,82, ,52.2, ,2.5, ,100, ,67.9, 
211,6/12/2014,0100,163,0, ,0, ,0, ,13.1, ,57.3, ,81, ,51.7, ,4.4, ,221, ,67.6, 
211,6/12/2014,0200,163,0, ,0, ,0, ,12.7, ,56.8, ,81, ,51, ,5.5, ,196, ,67.4, 
211,6/12/2014,0300,163,0, ,0, ,0, ,12.6, ,56.5, ,81, ,50.8, ,5.4, ,192, ,67.3, 
211,6/12/2014,0400,163,0, ,0, ,0, ,12.5, ,56.1, ,81, ,50.4, ,4.5, ,210, ,67.1, 
211,6/12/2014,0500,163,0, ,0, ,1, ,12.3, ,55.9, ,81, ,50.1, ,3.4, ,223, ,66.9, 
211,6/12/2014,0600,163,0, ,0, ,32, ,12.4, ,55.7, ,82, ,50.3, ,3.2, ,253, ,66.7, 
211,6/12/2014,0700,163,0, ,0, ,112, ,12.3, ,56.1, ,80, ,50.1, ,4.3, ,179, ,66.6, 
211,6/12/2014,0800,163,0, ,0, ,243, ,12.4, ,56.8, ,79, ,50.2, ,4.4, ,176, ,66.5, 
211,6/12/2014,0900,163,0.01, ,0, ,565, ,12.6, ,58.5, ,75, ,50.8, ,4.5, ,170, ,66.4, 
211,6/12/2014,1000,163,0.02, ,0, ,1378, ,13.2, ,61.7, ,70, ,52, ,3.7, ,174, ,66.4, 
211,6/12/2014,1100,163,0.02, ,0, ,1842, ,13.9, ,65.2, ,66, ,53.4, ,4.4, ,113, ,66.7, 
211,6/12/2014,1200,163,0.03, ,0, ,1945, ,14, ,68.4, ,59, ,53.5, ,5, ,153, ,67.2, 
211,6/12/2014,1300,163,0.03, ,0, ,1976, ,14.4, ,72.7, ,52, ,54.3, ,6.9, ,150, ,67.9, 
211,6/12/2014,1400,163,0.03, ,0, ,1809, ,14.2, ,75.4, ,47, ,54, ,7.1, ,154, ,68.7, 
211,6/12/2014,1500,163,0.03, ,0, ,1673, ,10.4, ,79.5, ,30, ,45.6, ,8.8, ,327, ,69.3, 
211,6/12/2014,1600,163,0.02, ,0, ,1371, ,11.8, ,78.5, ,35, ,49, ,12, ,319, ,69.7, 
211,6/12/2014,1700,163,0.02, ,0, ,1022, ,11.6, ,76.5, ,37, ,48.4, ,14.8, ,310, ,69.8, 
211,6/12/2014,1800,163,0.02, ,0, ,653, ,11, ,73.2, ,39, ,47, ,15.6, ,309, ,69.6, 
211,6/12/2014,1900,163,0.01, ,0, ,288, ,10.9, ,68.9, ,45, ,46.9, ,14.8, ,307, ,69.4, 
211,6/12/2014,2000,163,0, ,0, ,21, ,11.1, ,65.1, ,52, ,47.2, ,12.7, ,302, ,69.1, 
211,6/12/2014,2100,163,0, ,0, ,0, ,11.6, ,62.7, ,60, ,48.5, ,10.9, ,301, ,68.7, 
211,6/12/2014,2200,163,0, ,0, ,0, ,11.6, ,60.8, ,64, ,48.5, ,5.5, ,294, ,68.4, 
211,6/12/2014,2300,163,0, ,0, ,0, ,11.4, ,57.4, ,71, ,47.9, ,1.8, ,331, ,68, 
211,6/12/2014,2400,163,0, ,0, ,0, ,11.3, ,53, ,82, ,47.7, ,1.5, ,103, ,67.7, 
211,6/13/2014,0100,164,0, ,0, ,0, ,11, ,51.1, ,86, ,47, ,2.1, ,96, ,67.3, 
211,6/13/2014,0200,164,0, ,0, ,0, ,11.3, ,51.1, ,88, ,47.7, ,2.4, ,109, ,66.9, 
211,6/13/2014,0300,164,0, ,0, ,0, ,11.3, ,50.6, ,90, ,47.7, ,3.3, ,119, ,66.5, 
211,6/13/2014,0400,164,0, ,0, ,0, ,10.7, ,49.2, ,90, ,46.4, ,3.1, ,137, ,66.3, 
211,6/13/2014,0500,164,0, ,0, ,4, ,10.4, ,47.9, ,91, ,45.5, ,2.9, ,161, ,66, 
211,6/13/2014,0600,164,0, ,0, ,59, ,10.8, ,48.6, ,93, ,46.6, ,4.7, ,136, ,65.7, 
211,6/13/2014,0700,164,0, ,0, ,181, ,11.7, ,51.7, ,90, ,48.8, ,6.6, ,145, ,65.5, 
211,6/13/2014,0800,164,0.01, ,0, ,836, ,12.4, ,55.2, ,83, ,50.2, ,6.5, ,141, ,65.3, 
211,6/13/2014,0900,164,0.01, ,0, ,1313, ,12.9, ,59.6, ,74, ,51.3, ,4.7, ,103, ,65.3, 
211,6/13/2014,1000,164,0.02, ,0, ,1621, ,13.1, ,64.5, ,63, ,51.6, ,3.7, ,114, ,65.5, 
211,6/13/2014,1100,164,0.02, ,0, ,1842, ,12.3, ,69.8, ,49, ,50.1, ,4.4, ,312, ,66, 
211,6/13/2014,1200,164,0.03, ,0, ,1978, ,12.8, ,72.5, ,47, ,51.2, ,4.1, ,283, ,66.7, 
211,6/13/2014,1300,164,0.03, ,0, ,1997, ,12.7, ,75.6, ,42, ,50.9, ,3.7, ,264, ,67.7, 
211,6/13/2014,1400,164,0.03, ,0, ,1871, ,14.9, ,77.9, ,46, ,55.3, ,6.9, ,170, ,69.8, 
211,6/13/2014,1500,164,0.03, ,0, ,1644, ,14.4, ,80.9, ,40, ,54.4, ,9.4, ,169, ,71.8, 
211,6/13/2014,1600,164,0.02, ,0, ,1365, ,13.6, ,81.1, ,38, ,52.8, ,8.5, ,159, ,72.4, 
211,6/13/2014,1700,164,0.02, ,0, ,1049, ,11.6, ,81.1, ,32, ,48.5, ,5.7, ,137, ,72.3, 
211,6/13/2014,1800,164,0.02, ,0, ,668, ,9.5, ,80.8, ,26, ,43.1, ,11.6, ,329, ,72.1, 
211,6/13/2014,1900,164,0.01, ,0, ,291, ,7.8, ,76.4, ,25, ,38, ,12.4, ,316, ,71.7, 
211,6/13/2014,2000,164,0,Y,0, ,22, ,8.6, ,71.7,Y,32,Y,40.5,Y,10, ,310, ,71.3, 
211,6/13/2014,2100,164,0,Y,0, ,0, ,9.5, ,67.9,Y,41,Y,43.2,Y,8.5, ,320, ,70.8, 
211,6/13/2014,2200,164,0, ,0, ,0, ,10.5, ,62, ,55, ,45.9, ,3.8, ,335, ,70.3, 
211,6/13/2014,2300,164,0, ,0, ,0, ,11.5, ,56.3, ,74, ,48.2, ,2.9, ,132, ,69.8, 
211,6/13/2014,2400,164,0, ,0, ,0, ,11.5, ,54.6, ,79, ,48.3, ,3.5, ,126, ,69.3, 
211,6/14/2014,0100,165,0, ,0, ,0, ,11.5, ,53.9, ,81, ,48.2, ,2.7, ,123, ,68.9, 
211,6/14/2014,0200,165,0, ,0, ,0, ,11, ,51.9, ,83, ,47, ,2.4, ,144, ,68.5, 
211,6/14/2014,0300,165,0, ,0, ,0, ,10.6, ,49.9, ,86, ,46, ,1.8, ,105, ,68.1, 
211,6/14/2014,0400,165,0, ,0, ,0, ,10.4, ,49, ,88, ,45.5, ,2.8, ,156, ,67.7, 
211,6/14/2014,0500,165,0, ,0, ,4, ,9.9, ,47.7, ,87, ,44.2, ,2.5, ,319, ,67.3, 
211,6/14/2014,0600,165,0, ,0, ,177, ,10, ,49.1, ,84, ,44.4, ,2.1, ,316, ,66.9, 
211,6/14/2014,0700,165,0.01, ,0, ,542, ,10.7, ,55.8, ,70, ,46.3, ,2.6, ,277, ,66.6, 
211,6/14/2014,0800,165,0.01, ,0, ,922, ,11.6, ,62.1, ,61, ,48.4, ,2.1, ,82, ,66.4, 
211,6/14/2014,0900,165,0.02, ,0, ,1279, ,12.2, ,66.8, ,54, ,49.7, ,2.4, ,117, ,66.4, 
211,6/14/2014,1000,165,0.02, ,0, ,1583, ,12.9, ,72.1, ,48, ,51.3, ,4.1, ,305, ,66.6, 
211,6/14/2014,1100,165,0.03, ,0, ,1811, ,12.3, ,78.9, ,36, ,50, ,5.1, ,289, ,67.1, 
211,6/14/2014,1200,165,0.03, ,0, ,1923, ,12, ,83.7, ,31, ,49.4, ,4.2, ,345, ,67.9, 
211,6/14/2014,1300,165,0.03, ,0, ,1937, ,10.7, ,87.1, ,24, ,46.4, ,5.3, ,324, ,68.8, 
211,6/14/2014,1400,165,0.03, ,0, ,1854, ,10.8, ,87, ,25, ,46.5, ,9.3, ,207, ,69.8, 
211,6/14/2014,1500,165,0.03, ,0, ,1499, ,9.3, ,85.9, ,22, ,42.5, ,9.9, ,256, ,70.5, 
211,6/14/2014,1600,165,0.03, ,0, ,1368, ,8.7, ,86.8, ,20, ,40.9, ,8.9, ,253, ,70.8, 
211,6/14/2014,1700,165,0.02, ,0, ,847, ,8.8, ,85.3, ,21, ,41.2, ,10.1, ,270, ,70.8, 
211,6/14/2014,1800,165,0.01, ,0, ,502, ,10.2, ,81.5, ,28, ,44.9, ,11.9, ,315, ,70.6, 
211,6/14/2014,1900,165,0.01, ,0, ,298, ,10.4, ,78.7, ,31, ,45.6, ,10.5, ,306, ,70.4, 
211,6/14/2014,2000,165,0, ,0, ,26, ,11.3, ,70.5, ,44, ,47.8, ,6, ,333, ,70.1, 
211,6/14/2014,2100,165,0, ,0, ,0, ,12.3, ,60.9, ,67, ,50, ,3.3, ,120, ,69.8, 
211,6/14/2014,2200,165,0, ,0, ,0, ,11.9, ,57.7, ,73, ,49.1, ,3.7, ,127, ,69.4, 
211,6/14/2014,2300,165,0, ,0, ,0, ,11.6, ,56, ,76, ,48.6, ,4.3, ,118, ,69, 
211,6/14/2014,2400,165,0, ,0, ,0, ,11.6, ,54.9, ,79, ,48.5, ,4.5, ,118, ,68.6, 
211,6/15/2014,0100,166,0, ,0, ,0, ,11.6, ,53.3, ,84, ,48.6, ,4.9, ,109, ,68.3, 
211,6/15/2014,0200,166,0, ,0, ,0, ,11.4, ,51.9, ,87, ,48.1, ,4.8, ,115, ,67.9, 
211,6/15/2014,0300,166,0, ,0, ,0, ,11.5, ,51.4, ,89, ,48.2, ,6.1, ,127, ,67.6, 
211,6/15/2014,0400,166,0, ,0, ,0, ,11.7, ,51.7, ,90, ,48.8, ,7.1, ,136, ,67.3, 
211,6/15/2014,0500,166,0, ,0, ,2, ,11.7, ,52, ,88, ,48.7, ,8.6, ,146, ,67, 
211,6/15/2014,0600,166,0, ,0, ,68, ,11.7, ,52.4, ,87, ,48.8, ,8.4, ,153, ,66.8, 
211,6/15/2014,0700,166,0, ,0, ,218, ,12.1, ,53.9, ,85, ,49.6, ,7.4, ,177, ,66.5, 
211,6/15/2014,0800,166,0, ,0, ,368, ,12.3, ,55.4, ,82, ,50, ,7.2, ,186, ,66.3, 
211,6/15/2014,0900,166,0.01, ,0, ,735, ,12.5, ,58.2, ,75, ,50.4, ,7.2, ,173, ,66.3, 
211,6/15/2014,1000,166,0.02, ,0, ,1387, ,12.8, ,60.2, ,72, ,51.1, ,11.2, ,176, ,66.3, 
211,6/15/2014,1100,166,0.02, ,0, ,1850, ,13.1, ,61.6, ,70, ,51.6, ,12.6, ,175, ,66.4, 
211,6/15/2014,1200,166,0.03, ,0, ,1964, ,13.2, ,62, ,70, ,51.9, ,11.6, ,185, ,66.7, 
211,6/15/2014,1300,166,0.02, ,0, ,1898, ,13.2, ,62.9, ,68, ,52, ,10.3, ,179, ,67, 
211,6/15/2014,1400,166,0.02, ,0, ,1881, ,13.1, ,63.2, ,66, ,51.7, ,9, ,185, ,67.4, 
211,6/15/2014,1500,166,0.02, ,0, ,1578, ,13.1, ,63, ,66, ,51.6, ,9.5, ,169, ,67.9, 
211,6/15/2014,1600,166,0.02, ,0, ,1282, ,13, ,62.8, ,66, ,51.4, ,8.5, ,168, ,68.2, 
211,6/15/2014,1700,166,0.01, ,0, ,815, ,12.7, ,61.8, ,68, ,50.9, ,8.1, ,187, ,68.2, 
211,6/15/2014,1800,166,0.01, ,0, ,497, ,12.7, ,60.1, ,72, ,50.9, ,8.7, ,174, ,68.2, 
211,6/15/2014,1900,166,0, ,0, ,179, ,12.3, ,57.8, ,75, ,50.1, ,8.6, ,181, ,68, 
211,6/15/2014,2000,166,0, ,0, ,14, ,12.1, ,55.7, ,80, ,49.6, ,8.1, ,182, ,67.8, 
211,6/15/2014,2100,166,0, ,0, ,0, ,12.3, ,54.7, ,84, ,50.1, ,8.1, ,176, ,67.5, 
211,6/15/2014,2200,166,0, ,0, ,0, ,12.4, ,54.1, ,87, ,50.2, ,7, ,160, ,67.2, 
211,6/15/2014,2300,166,0, ,0, ,0, ,12.4, ,53.7, ,88, ,50.2, ,6.4, ,160, ,66.9, 
211,6/15/2014,2400,166,0, ,0, ,0, ,12.5, ,53.9, ,88, ,50.5, ,6.4, ,161, ,66.7, 
211,6/16/2014,0100,167,0, ,0, ,0, ,12.4, ,54.2, ,86, ,50.2, ,6.9, ,157, ,66.4, 
211,6/16/2014,0200,167,0, ,0, ,0, ,12.1, ,54.2, ,84, ,49.7, ,6.3, ,163, ,66.2, 
211,6/16/2014,0300,167,0, ,0, ,0, ,11.9, ,53.3, ,86, ,49.1, ,7.2, ,157, ,66.1, 
211,6/16/2014,0400,167,0, ,0, ,0, ,11.9, ,53.4, ,85, ,49, ,5, ,167, ,65.9, 
211,6/16/2014,0500,167,0, ,0, ,2, ,11.6, ,53.2, ,84, ,48.5, ,4.8, ,171, ,65.7, 
211,6/16/2014,0600,167,0, ,0, ,56, ,11.7, ,54.2, ,81, ,48.7, ,4.8, ,178, ,65.6, 
211,6/16/2014,0700,167,0, ,0, ,228, ,11.6, ,55.5, ,77, ,48.4, ,2.7, ,176, ,65.4, 
211,6/16/2014,0800,167,0, ,0, ,397, ,11.5, ,57.5, ,71, ,48.3, ,3.5, ,200, ,65.4, 
211,6/16/2014,0900,167,0.01, ,0, ,845, ,11.8, ,59.8, ,67, ,49, ,6.1, ,183, ,65.4, 
211,6/16/2014,1000,167,0.02, ,0, ,1559, ,12.6, ,62.3, ,66, ,50.6, ,10.4, ,168, ,65.5, 
211,6/16/2014,1100,167,0.02, ,0, ,1811, ,12.7, ,63.9, ,63, ,51, ,12.1, ,175, ,65.8, 
211,6/16/2014,1200,167,0.03, ,0, ,1931, ,12.8, ,65.2, ,60, ,51.1, ,11, ,186, ,66.1, 
211,6/16/2014,1300,167,0.03, ,0, ,1945, ,13, ,67, ,58, ,51.5, ,8.4, ,189, ,66.5, 
211,6/16/2014,1400,167,0.03, ,0, ,1844, ,13.1, ,68.6, ,55, ,51.7, ,11, ,179, ,67, 
211,6/16/2014,1500,167,0.02, ,0, ,1645, ,12.4, ,69.2, ,51, ,50.2, ,9.9, ,203, ,67.5, 
211,6/16/2014,1600,167,0.02, ,0, ,1362, ,11.4, ,68.3, ,48, ,48, ,11.9, ,179, ,67.7, 
211,6/16/2014,1700,167,0.02, ,0, ,1023, ,11.4, ,65.5, ,53, ,48.1, ,13.7, ,174, ,67.8, 
211,6/16/2014,1800,167,0.01, ,0, ,654, ,11.9, ,63.8, ,59, ,49, ,11.3, ,170, ,67.6, 
211,6/16/2014,1900,167,0, ,0, ,283, ,11.7, ,60.2, ,66, ,48.7, ,11.1, ,178, ,67.4, 
211,6/16/2014,2000,167,0, ,0, ,22, ,11.5, ,56.4, ,74, ,48.2, ,9.2, ,183, ,67.2, 
211,6/16/2014,2100,167,0, ,0, ,0, ,11.2, ,54.2, ,78, ,47.5, ,8.4, ,171, ,66.8, 
211,6/16/2014,2200,167,0, ,0, ,0, ,11.1, ,52.7, ,82, ,47.3, ,6.8, ,137, ,66.5, 
211,6/16/2014,2300,167,0, ,0, ,0, ,11, ,51.7, ,84, ,47.1, ,7.9, ,137, ,66.2, 
211,6/16/2014,2400,167,0, ,0, ,0, ,11, ,51, ,86, ,47.1, ,8.1, ,138, ,65.9, 
211,6/17/2014,0100,168,0, ,0, ,0, ,10.9, ,50.5, ,87, ,46.8, ,7.7, ,134, ,65.7, 
211,6/17/2014,0200,168,0, ,0, ,0, ,10.9, ,51.3, ,84, ,46.8, ,8.2, ,160, ,65.4, 
211,6/17/2014,0300,168,0, ,0, ,0, ,10.7, ,51.2, ,84, ,46.4, ,5.9, ,168, ,65.2, 
211,6/17/2014,0400,168,0, ,0, ,0, ,10.7, ,51.1, ,84, ,46.4, ,5.8, ,160, ,65, 
211,6/17/2014,0500,168,0, ,0, ,2, ,10.8, ,51.8, ,83, ,46.7, ,6.4, ,159, ,64.8, 
211,6/17/2014,0600,168,0, ,0, ,58, ,10.8, ,52.1, ,81, ,46.5, ,6.3, ,170, ,64.7, 
211,6/17/2014,0700,168,0, ,0, ,230, ,10.8, ,52.9, ,79, ,46.5, ,5, ,152, ,64.6, 
211,6/17/2014,0800,168,0.01, ,0, ,801, ,11.4, ,54.1, ,80, ,48.1, ,4.4, ,156, ,64.5, 
211,6/17/2014,0900,168,0.01, ,0, ,1265, ,11.9, ,56.7, ,75, ,49, ,3.7, ,146, ,64.5, 
211,6/17/2014,1000,168,0.02, ,0, ,1590, ,12.3, ,60.7, ,68, ,50.1, ,3.3, ,35, ,64.8, 
211,6/17/2014,1100,168,0.02, ,0, ,1819, ,12.6, ,65.2, ,59, ,50.6, ,4.6, ,347, ,65.8, 
211,6/17/2014,1200,168,0.03, ,0, ,1939, ,11.7, ,71.1, ,45, ,48.6, ,3.9, ,300, ,67, 
211,6/17/2014,1300,168,0.03, ,0, ,1941, ,11.9, ,74.7, ,40, ,49, ,5.2, ,161, ,68, 
211,6/17/2014,1400,168,0.03, ,0, ,1838, ,12.4, ,76.6, ,39, ,50.2, ,8.4, ,199, ,68.9, 
211,6/17/2014,1500,168,0.03, ,0, ,1647, ,10.8, ,77.2, ,34, ,46.6, ,8, ,228, ,69.6, 
211,6/17/2014,1600,168,0.02, ,0, ,1357, ,10.4, ,77.1, ,33, ,45.6, ,9.3, ,203, ,69.9, 
211,6/17/2014,1700,168,0.02, ,0, ,1016, ,10, ,78, ,30, ,44.4, ,6.9, ,211, ,70, 
211,6/17/2014,1800,168,0.01, ,0, ,646, ,10.9, ,74.6, ,37, ,46.8, ,7.4, ,145, ,69.8, 
211,6/17/2014,1900,168,0, ,0, ,283, ,11.8, ,67.2, ,52, ,48.8, ,6.6, ,124, ,69.6, 
211,6/17/2014,2000,168,0, ,0, ,24, ,11.7, ,60.6, ,65, ,48.6, ,7.2, ,133, ,69.3, 
211,6/17/2014,2100,168,0, ,0, ,0, ,11.4, ,57.6, ,70, ,47.9, ,4.5, ,120, ,68.9, 
211,6/17/2014,2200,168,0, ,0, ,0, ,11, ,54.8, ,75, ,47.2, ,4.3, ,133, ,68.5, 
211,6/17/2014,2300,168,0, ,0, ,0, ,10.7, ,52.8, ,78, ,46.3, ,3.5, ,143, ,68.1, 
211,6/17/2014,2400,168,0, ,0, ,0, ,10.2, ,51.4, ,78, ,44.9, ,2.1, ,122, ,67.7, 
211,6/18/2014,0100,169,0, ,0, ,0, ,9.7, ,48.7, ,83, ,43.8, ,1.7, ,356, ,67.3, 
211,6/18/2014,0200,169,0, ,0, ,0, ,8.9, ,46.3, ,84, ,41.6, ,1.2, ,63, ,66.9, 
211,6/18/2014,0300,169,0, ,0, ,0, ,8.8, ,45.4, ,85, ,41.1, ,1.5, ,340, ,66.5, 
211,6/18/2014,0400,169,0, ,0, ,0, ,8.5, ,44.4, ,85, ,40.2, ,2.2, ,337, ,66.1, 
211,6/18/2014,0500,169,0, ,0, ,4, ,8.3, ,43.7, ,86, ,39.8, ,1.9, ,322, ,65.8, 
211,6/18/2014,0600,169,0, ,0, ,180, ,9.1, ,46.2, ,85, ,42, ,1.6, ,1, ,65.5, 
211,6/18/2014,0700,169,0.01, ,0, ,554, ,10.7, ,54.8, ,73, ,46.4, ,1.6, ,49, ,65.2, 
211,6/18/2014,0800,169,0.01, ,0, ,931, ,11.1, ,61.8, ,59, ,47.4, ,1.9, ,21, ,65, 
211,6/18/2014,0900,169,0.02, ,0, ,1290, ,10.7, ,66.1, ,49, ,46.3, ,2.5, ,158, ,65, 
211,6/18/2014,1000,169,0.02, ,0, ,1533, ,10.3, ,72, ,39, ,45.4, ,3.8, ,345, ,65.3, 
211,6/18/2014,1100,169,0.03, ,0, ,1766, ,10.1, ,76.4, ,32, ,44.8, ,4, ,258, ,65.9, 
211,6/18/2014,1200,169,0.03, ,0, ,1925, ,10.2, ,81.1, ,28, ,45.1, ,3.7, ,269, ,66.6, 
211,6/18/2014,1300,169,0.03, ,0, ,1958, ,10.5, ,84.8, ,26, ,45.8, ,4.3, ,276, ,67.6, 
211,6/18/2014,1400,169,0.03, ,0, ,1859, ,10.6, ,86.6, ,24, ,46.1, ,7.6, ,191, ,68.6, 
211,6/18/2014,1500,169,0.03, ,0, ,1666, ,10.1, ,87.2, ,23, ,44.8, ,9.3, ,252, ,69.4, 
211,6/18/2014,1600,169,0.03, ,0, ,1384, ,8.3, ,86.7, ,19, ,39.8, ,9.3, ,259, ,69.7, 
211,6/18/2014,1700,169,0.02, ,0, ,1026, ,8.3, ,87.2, ,19, ,39.7, ,9.9, ,303, ,69.7, 
211,6/18/2014,1800,169,0.02, ,0, ,660, ,7.9, ,84.8, ,19, ,38.4, ,12.4, ,319, ,69.6, 
211,6/18/2014,1900,169,0.01,Y,0, ,294, ,7.5, ,82.2,Y,20,Y,37.2,Y,10.9, ,310, ,69.4, 
211,6/18/2014,2000,169,0, ,0, ,25, ,10.7, ,71.3, ,41, ,46.2, ,5.5, ,71, ,69.2, 
211,6/18/2014,2100,169,0, ,0, ,0, ,12.2, ,61.4, ,65, ,49.7, ,5.5, ,131, ,68.8, 
211,6/18/2014,2200,169,0, ,0, ,0, ,11.7, ,58.9, ,69, ,48.7, ,2.8, ,114, ,68.5, 
211,6/18/2014,2300,169,0, ,0, ,0, ,11.3, ,56.6, ,72, ,47.7, ,2.1, ,130, ,68.1, 
211,6/18/2014,2400,169,0, ,0, ,0, ,10.8, ,54.2, ,75, ,46.6, ,1.6, ,119, ,67.7, 
211,6/19/2014,0100,170,0, ,0, ,0, ,10.6, ,53.3, ,76, ,46.1, ,1.9, ,180, ,67.4, 
211,6/19/2014,0200,170,0, ,0, ,0, ,9.6, ,50.5, ,76, ,43.3, ,1.2, ,10, ,67, 
211,6/19/2014,0300,170,0, ,0, ,0, ,9.1, ,48.8, ,77, ,42, ,1.8, ,320, ,66.6, 
211,6/19/2014,0400,170,0, ,0, ,0, ,8.7, ,47, ,80, ,41, ,1.4, ,331, ,66.2, 
211,6/19/2014,0500,170,0, ,0, ,4, ,8.4, ,45.3, ,82, ,40.1, ,1.6, ,36, ,65.9, 
211,6/19/2014,0600,170,0, ,0, ,178, ,8.9, ,47.9, ,79, ,41.6, ,1.7, ,346, ,65.5, 
211,6/19/2014,0700,170,0.01, ,0, ,542, ,10.9, ,55.8, ,72, ,46.8, ,1.8, ,125, ,65.2, 
211,6/19/2014,0800,170,0.01, ,0, ,930, ,11.8, ,58.6, ,70, ,49, ,3.1, ,134, ,65, 
211,6/19/2014,0900,170,0.02, ,0, ,1302, ,12.5, ,64, ,62, ,50.5, ,4.4, ,145, ,65, 
211,6/19/2014,1000,170,0.02, ,0, ,1626, ,12.5, ,69.6, ,51, ,50.5, ,4.6, ,148, ,65.4, 
211,6/19/2014,1100,170,0.03, ,0, ,1838, ,9.7, ,77.7, ,30, ,43.8, ,4.1, ,139, ,66.3, 
211,6/19/2014,1200,170,0.03, ,0, ,1960, ,10.5, ,82.5, ,28, ,45.7, ,3.9, ,132, ,67.1, 
211,6/19/2014,1300,170,0.03, ,0, ,1980, ,10.8, ,84.9, ,26, ,46.5, ,6.3, ,147, ,68, 
211,6/19/2014,1400,170,0.03, ,0, ,1902, ,8.6, ,87.3, ,19, ,40.6, ,7.8, ,174, ,69, 
211,6/19/2014,1500,170,0.03, ,0, ,1712, ,9.7, ,85.1, ,24, ,43.8, ,9.3, ,171, ,69.6, 
211,6/19/2014,1600,170,0.02, ,0, ,1397, ,11.2, ,80.5, ,32, ,47.6, ,8.5, ,141, ,69.9, 
211,6/19/2014,1700,170,0.02, ,0, ,1045, ,12.1, ,75.6, ,40, ,49.7, ,8.9, ,133, ,70, 
211,6/19/2014,1800,170,0.01, ,0, ,667, ,12.3, ,70.2, ,49, ,50, ,9.1, ,137, ,69.9, 
211,6/19/2014,1900,170,0, ,0, ,265, ,12.3, ,67.1, ,54, ,50.1, ,7.7, ,141, ,69.7, 
211,6/19/2014,2000,170,0, ,0, ,10, ,12, ,61.7, ,64, ,49.5, ,6.5, ,122, ,69.4, 
211,6/19/2014,2100,170,0, ,0, ,0, ,11.6, ,58.3, ,70, ,48.5, ,5.7, ,121, ,69, 
211,6/19/2014,2200,170,0, ,0, ,0, ,11.7, ,56.4, ,75, ,48.6, ,4.9, ,121, ,68.6, 
211,6/19/2014,2300,170,0, ,0, ,0, ,11.7, ,54.3, ,81, ,48.6, ,4, ,120, ,68.2, 
211,6/19/2014,2400,170,0, ,0, ,0, ,11.2, ,51.9, ,85, ,47.6, ,2.1, ,112, ,67.9, 
211,6/20/2014,0100,171,0, ,0, ,0, ,10.7, ,50.3, ,86, ,46.3, ,1.8, ,2, ,67.5, 
211,6/20/2014,0200,171,0, ,0, ,0, ,10.3, ,49.1, ,87, ,45.4, ,1.5, ,319, ,67.1, 
211,6/20/2014,0300,171,0, ,0, ,0, ,9.4, ,47, ,86, ,43, ,1.5, ,130, ,66.8, 
211,6/20/2014,0400,171,0, ,0, ,0, ,9.6, ,46.5, ,89, ,43.5, ,2.1, ,122, ,66.4, 
211,6/20/2014,0500,171,0, ,0, ,3, ,9.6, ,46.1, ,90, ,43.5, ,1.6, ,331, ,66.1, 
211,6/20/2014,0600,171,0, ,0, ,104, ,10.4, ,48.4, ,90, ,45.6, ,1.6, ,146, ,65.8, 
211,6/20/2014,0700,171,0, ,0, ,386, ,11.3, ,52, ,86, ,47.8, ,2.1, ,116, ,65.5, 
211,6/20/2014,0800,171,0.01, ,0, ,698, ,12.1, ,56.3, ,78, ,49.6, ,2.1, ,122, ,65.3, 
211,6/20/2014,0900,171,0.01, ,0, ,1097, ,12.3, ,63.1, ,62, ,50, ,2.1, ,351, ,65.3, 
211,6/20/2014,1000,171,0.02, ,0, ,1518, ,12.7, ,70, ,51, ,50.9, ,3.3, ,340, ,65.6, 
211,6/20/2014,1100,171,0.03, ,0, ,1764, ,12.3, ,76.9, ,39, ,50.1, ,4.7, ,308, ,66.1, 
211,6/20/2014,1200,171,0.03, ,0, ,1927, ,12.1, ,82.4, ,32, ,49.5, ,4.1, ,273, ,66.8, 
211,6/20/2014,1300,171,0.03, ,0, ,1949, ,11.9, ,87, ,27, ,49.1, ,5.4, ,308, ,67.6, 
211,6/20/2014,1400,171,0.04, ,0, ,1867, ,11.8, ,88.2, ,26, ,48.9, ,12.1, ,332, ,68.6, 
211,6/20/2014,1500,171,0.04, ,0, ,1677, ,12, ,87.4, ,27, ,49.3, ,16.4, ,328, ,69.3, 
211,6/20/2014,1600,171,0.03, ,0, ,1391, ,11.6, ,86.3, ,27, ,48.5, ,17.4, ,322, ,69.6, 
211,6/20/2014,1700,171,0.02, ,0, ,774, ,9.8, ,83.9, ,25, ,44.1, ,17.2, ,320, ,69.6, 
211,6/20/2014,1800,171,0.02, ,0, ,566, ,8.5, ,81.8, ,23, ,40.3, ,16.3, ,314, ,69.4, 
211,6/20/2014,1900,171,0.01, ,0, ,259, ,6.7, ,78.5, ,20, ,34.2, ,13.6, ,307, ,69.2, 
211,6/20/2014,2000,171,0.01,Y,0, ,26, ,6, ,74.1,Y,21,Y,31.4,Y,8.5, ,311, ,68.9, 
211,6/20/2014,2100,171,0,Y,0, ,0, ,6.2, ,68.8,Y,26,Y,32.2,Y,5.6, ,323, ,68.5, 
211,6/20/2014,2200,171,0, ,0, ,0, ,6.9, ,64.9, ,33, ,34.9, ,4.6, ,318, ,68.2, 
211,6/20/2014,2300,171,0, ,0, ,0, ,8.6, ,60.1, ,49, ,40.6, ,2.8, ,333, ,67.8, 
211,6/20/2014,2400,171,0, ,0, ,0, ,10.4, ,55.5, ,70, ,45.7, ,2.6, ,153, ,67.5, 
211,6/21/2014,0100,172,0, ,0, ,0, ,10.5, ,54, ,74, ,45.8, ,2.6, ,136, ,67.1, 
211,6/21/2014,0200,172,0, ,0, ,0, ,10, ,51.9, ,76, ,44.4, ,1.5, ,110, ,66.8, 
211,6/21/2014,0300,172,0, ,0, ,0, ,9.4, ,51, ,74, ,42.9, ,1.4, ,316, ,66.4, 
211,6/21/2014,0400,172,0, ,0, ,0, ,9, ,48.2, ,79, ,41.9, ,1.2, ,31, ,66.1, 
211,6/21/2014,0500,172,0, ,0, ,5, ,8.7, ,47.3, ,78, ,40.9, ,1, ,360, ,65.8, 
211,6/21/2014,0600,172,0, ,0, ,156, ,10, ,50.8, ,79, ,44.6, ,1.1, ,349, ,65.5, 
211,6/21/2014,0700,172,0.01, ,0, ,481, ,11.2, ,55.7, ,74, ,47.6, ,2.2, ,126, ,65.2, 
211,6/21/2014,0800,172,0.01, ,0, ,870, ,11.9, ,59.9, ,67, ,49.1, ,3.2, ,125, ,65.1, 
211,6/21/2014,0900,172,0.01, ,0, ,1186, ,12.5, ,64.2, ,61, ,50.5, ,3.9, ,125, ,65.2, 
211,6/21/2014,1000,172,0.02, ,0, ,1340, ,12, ,68.5, ,51, ,49.4, ,2.9, ,66, ,65.4, 
211,6/21/2014,1100,172,0.02, ,0, ,1443, ,12, ,73, ,43, ,49.4, ,3.7, ,144, ,65.9, 
211,6/21/2014,1200,172,0.02, ,0, ,1531, ,12.7, ,76, ,41, ,50.9, ,4.1, ,135, ,66.5, 
211,6/21/2014,1300,172,0.03, ,0, ,1651, ,12.2, ,79.4, ,35, ,49.8, ,5.1, ,174, ,67.2, 
211,6/21/2014,1400,172,0.02, ,0, ,1318, ,13, ,78.9, ,39, ,51.6, ,6, ,147, ,67.8, 
211,6/21/2014,1500,172,0.01, ,0, ,806, ,12.9, ,74.6, ,44, ,51.3, ,5.7, ,133, ,68.3, 
211,6/21/2014,1600,172,0.02, ,0, ,1133, ,12.7, ,76.7, ,40, ,50.9, ,9.9, ,331, ,68.5, 
211,6/21/2014,1700,172,0.01, ,0, ,629, ,10.9, ,76.6, ,35, ,46.9, ,9.6, ,328, ,68.6, 
211,6/21/2014,1800,172,0.01, ,0, ,693, ,9.7, ,76.7, ,31, ,43.6, ,8, ,336, ,68.5, 
211,6/21/2014,1900,172,0, ,0, ,293, ,12.9, ,69.2, ,53, ,51.3, ,5.4, ,125, ,68.4, 
211,6/21/2014,2000,172,0, ,0, ,25, ,12.4, ,61.8, ,66, ,50.2, ,4.7, ,113, ,68.2, 
211,6/21/2014,2100,172,0, ,0, ,0, ,12.1, ,57, ,76, ,49.5, ,4.8, ,122, ,68, 
211,6/21/2014,2200,172,0, ,0, ,0, ,11.9, ,55, ,81, ,49.1, ,5.3, ,126, ,67.7, 
211,6/21/2014,2300,172,0, ,0, ,0, ,11.6, ,53.4, ,83, ,48.5, ,4, ,117, ,67.3, 
211,6/21/2014,2400,172,0, ,0, ,0, ,11.4, ,52, ,87, ,48.1, ,3.6, ,110, ,67, 
211,6/22/2014,0100,173,0, ,0, ,0, ,11.3, ,51.3, ,88, ,47.8, ,3.4, ,123, ,66.7, 
211,6/22/2014,0200,173,0, ,0, ,0, ,11, ,50.2, ,89, ,47.1, ,3.3, ,125, ,66.4, 
211,6/22/2014,0300,173,0, ,0, ,0, ,10.7, ,49.1, ,90, ,46.4, ,1.9, ,139, ,66.1, 
211,6/22/2014,0400,173,0, ,0, ,0, ,10.2, ,47.5, ,91, ,45.1, ,2.6, ,128, ,65.9, 
211,6/22/2014,0500,173,0, ,0, ,4, ,10, ,46.6, ,92, ,44.4, ,3.8, ,136, ,65.6, 
211,6/22/2014,0600,173,0, ,0, ,81, ,10.9, ,48.4, ,94, ,46.8, ,4.4, ,125, ,65.3, 
211,6/22/2014,0700,173,0, ,0, ,229, ,12, ,51.2, ,93, ,49.3, ,5.5, ,134, ,65.1, 
211,6/22/2014,0800,173,0.01, ,0, ,624, ,12.5, ,53.4, ,90, ,50.6, ,7.5, ,144, ,65, 
211,6/22/2014,0900,173,0.01, ,0, ,1265, ,13.1, ,58.8, ,78, ,51.8, ,6.8, ,142, ,65, 
211,6/22/2014,1000,173,0.02, ,0, ,1611, ,13.2, ,64.2, ,64, ,51.9, ,7.6, ,135, ,65.1, 
211,6/22/2014,1100,173,0.03, ,0, ,1832, ,13.8, ,68.9, ,57, ,53.2, ,7, ,125, ,65.5, 
211,6/22/2014,1200,173,0.03, ,0, ,1951, ,14, ,74.2, ,49, ,53.6, ,7.6, ,143, ,65.9, 
211,6/22/2014,1300,173,0.03, ,0, ,1964, ,14.4, ,75.7, ,47, ,54.2, ,8.6, ,151, ,66.6, 
211,6/22/2014,1400,173,0.03, ,0, ,1865, ,14.9, ,74.7, ,51, ,55.2, ,11.1, ,155, ,67.3, 
211,6/22/2014,1500,173,0.03, ,0, ,1656, ,14.7, ,74.1, ,51, ,54.9, ,11.7, ,154, ,67.8, 
211,6/22/2014,1600,173,0.02, ,0, ,1365, ,14.6, ,73.5, ,52, ,54.7, ,10.7, ,143, ,68.1, 
211,6/22/2014,1700,173,0.02, ,0, ,1015, ,13.9, ,70.5, ,54, ,53.3, ,10.9, ,146, ,68.1, 
211,6/22/2014,1800,173,0.01, ,0, ,652, ,13.2, ,65, ,62, ,51.9, ,9.5, ,137, ,68.1, 
211,6/22/2014,1900,173,0, ,0, ,283, ,12.6, ,59.4, ,73, ,50.6, ,9.1, ,137, ,67.9, 
211,6/22/2014,2000,173,0, ,0, ,24, ,12.2, ,55.6, ,81, ,49.8, ,7.4, ,132, ,67.7, 
211,6/22/2014,2100,173,0, ,0, ,0, ,12, ,54.1, ,84, ,49.3, ,5.2, ,109, ,67.3, 
211,6/22/2014,2200,173,0, ,0, ,0, ,11.8, ,53.1, ,86, ,49, ,5.4, ,107, ,67, 
211,6/22/2014,2300,173,0, ,0, ,0, ,11.8, ,52.4, ,88, ,48.9, ,4.2, ,119, ,66.7, 
211,6/22/2014,2400,173,0, ,0, ,0, ,11.6, ,51.6, ,89, ,48.6, ,3.3, ,118, ,66.4, 
211,6/23/2014,0100,174,0, ,0, ,0, ,11.5, ,51.1, ,90, ,48.2, ,3.2, ,112, ,66.1, 
211,6/23/2014,0200,174,0, ,0, ,0, ,11.4, ,50.6, ,91, ,48, ,3.1, ,120, ,65.8, 
211,6/23/2014,0300,174,0, ,0, ,0, ,12.1, ,52.5, ,90, ,49.6, ,4.1, ,148, ,65.6, 
211,6/23/2014,0400,174,0, ,0, ,0, ,11.9, ,52.8, ,88, ,49.2, ,3.6, ,161, ,65.4, 
211,6/23/2014,0500,174,0, ,0, ,1, ,12.1, ,52.7, ,89, ,49.5, ,5.9, ,164, ,65.3, 
211,6/23/2014,0600,174,0, ,0, ,22, ,12.2, ,52.5, ,90, ,49.8, ,6.4, ,155, ,65.2, 
211,6/23/2014,0700,174,0, ,0, ,113, ,12.2, ,53, ,89, ,49.9, ,5.3, ,147, ,65.1, 
211,6/23/2014,0800,174,0, ,0, ,247, ,12.3, ,53.6, ,88, ,50, ,5.2, ,158, ,65.1, 
211,6/23/2014,0900,174,0.01, ,0, ,771, ,12.7, ,56, ,83, ,50.9, ,3.9, ,136, ,65.1, 
211,6/23/2014,1000,174,0.02, ,0, ,1566, ,13.7, ,61, ,75, ,53, ,4, ,115, ,65.2, 
211,6/23/2014,1100,174,0.02, ,0, ,1766, ,14.5, ,66.2, ,66, ,54.4, ,4, ,120, ,65.5, 
211,6/23/2014,1200,174,0.03, ,0, ,1912, ,14.7, ,69.7, ,59, ,54.8, ,3.5, ,143, ,66.3, 
211,6/23/2014,1300,174,0.03, ,0, ,1951, ,15.5, ,74.2, ,54, ,56.3, ,3.1, ,124, ,67.8, 
211,6/23/2014,1400,174,0.03, ,0, ,1859, ,17, ,76.6, ,54, ,58.9, ,7.9, ,158, ,70.1, 
211,6/23/2014,1500,174,0.03, ,0, ,1646, ,16.5, ,75.6, ,54, ,58, ,10.8, ,148, ,72.4, 
211,6/23/2014,1600,174,0.02, ,0, ,1345, ,15.4, ,75.4, ,51, ,56.1, ,10.5, ,146, ,73.3, 
211,6/23/2014,1700,174,0.02, ,0, ,967, ,14.8, ,74.2, ,51, ,55.1, ,8.4, ,137, ,73.1, 
211,6/23/2014,1800,174,0.01, ,0, ,601, ,14.5, ,72.5, ,53, ,54.6, ,5.8, ,127, ,72.6, 
211,6/23/2014,1900,174,0, ,0, ,292, ,13.9, ,67.3, ,61, ,53.4, ,7.5, ,129, ,72.2, 
211,6/23/2014,2000,174,0, ,0, ,33, ,13.3, ,62.9, ,68, ,52.2, ,5.7, ,123, ,71.8, 
211,6/23/2014,2100,174,0, ,0, ,0, ,12.7, ,59.4, ,74, ,51, ,4.8, ,120, ,71.3, 
211,6/23/2014,2200,174,0, ,0, ,0, ,12.4, ,57.2, ,77, ,50.2, ,4.1, ,115, ,70.7, 
211,6/23/2014,2300,174,0, ,0, ,0, ,12, ,55.8, ,79, ,49.3, ,3.1, ,118, ,70.2, 
211,6/23/2014,2400,174,0, ,0, ,0, ,11.6, ,54.9, ,79, ,48.6, ,3.7, ,127, ,69.8, 
211,6/24/2014,0100,175,0, ,0, ,0, ,11.4, ,53.3, ,83, ,48.1, ,2.2, ,117, ,69.3, 
211,6/24/2014,0200,175,0, ,0, ,0, ,11.4, ,52.4, ,85, ,47.9, ,3.8, ,143, ,68.9, 
211,6/24/2014,0300,175,0, ,0, ,0, ,11.1, ,50.8, ,87, ,47.2, ,2.1, ,127, ,68.5, 
211,6/24/2014,0400,175,0, ,0, ,0, ,10.6, ,49.5, ,88, ,46.1, ,1.3, ,330, ,68.1, 
211,6/24/2014,0500,175,0, ,0, ,3, ,10.4, ,48.5, ,89, ,45.5, ,2, ,141, ,67.8, 
211,6/24/2014,0600,175,0, ,0, ,156, ,10.7, ,49.1, ,90, ,46.3, ,2.1, ,115, ,67.4, 
211,6/24/2014,0700,175,0.01, ,0, ,504, ,12, ,54.7, ,82, ,49.4, ,2.9, ,134, ,67.1, 
211,6/24/2014,0800,175,0.01, ,0, ,901, ,12.9, ,59.8, ,74, ,51.4, ,3.4, ,135, ,66.8, 
211,6/24/2014,0900,175,0.02, ,0, ,1227, ,13.9, ,65.8, ,64, ,53.3, ,4, ,139, ,66.8, 
211,6/24/2014,1000,175,0.02, ,0, ,1507, ,13.4, ,71.1, ,51, ,52.4, ,4.4, ,187, ,67, 
211,6/24/2014,1100,175,0.03, ,0, ,1757, ,13.4, ,76.4, ,43, ,52.4, ,6.4, ,183, ,67.5, 
211,6/24/2014,1200,175,0.03, ,0, ,1887, ,15.4, ,77.9, ,47, ,56.1, ,9.7, ,166, ,68.1, 
211,6/24/2014,1300,175,0.03, ,0, ,1908, ,15.5, ,78.3, ,47, ,56.3, ,12, ,166, ,68.7, 
211,6/24/2014,1400,175,0.03, ,0, ,1811, ,15.6, ,78.7, ,46, ,56.4, ,12.6, ,164, ,69.2, 
211,6/24/2014,1500,175,0.03, ,0, ,1620, ,14.9, ,80.5, ,42, ,55.3, ,11.5, ,228, ,69.6, 
211,6/24/2014,1600,175,0.03, ,0, ,1288, ,13, ,81.4, ,35, ,51.5, ,15.2, ,313, ,69.9, 
211,6/24/2014,1700,175,0.02, ,0, ,1005, ,13.2, ,79.4, ,38, ,51.8, ,14.4, ,314, ,69.9, 
211,6/24/2014,1800,175,0.01, ,0, ,642, ,12.9, ,78.1, ,39, ,51.2, ,12.3, ,313, ,69.9, 
211,6/24/2014,1900,175,0.01, ,0, ,292, ,12.5, ,75.6, ,41, ,50.5, ,10.4, ,304, ,69.7, 
211,6/24/2014,2000,175,0, ,0, ,25, ,12.8, ,70, ,51, ,51.2, ,6.4, ,310, ,69.5, 
211,6/24/2014,2100,175,0, ,0, ,0, ,13.6, ,60.4, ,76, ,52.8, ,6, ,120, ,69.3, 
211,6/24/2014,2200,175,0, ,0, ,0, ,13.6, ,58, ,83, ,52.7, ,5.5, ,118, ,69, 
211,6/24/2014,2300,175,0, ,0, ,0, ,13.5, ,56.7, ,86, ,52.5, ,4.8, ,117, ,68.7, 
211,6/24/2014,2400,175,0, ,0, ,0, ,13.3, ,55.8, ,87, ,52.2, ,5.6, ,125, ,68.4, 
211,6/25/2014,0100,176,0, ,0, ,0, ,13.2, ,55.3, ,88, ,51.9, ,5.2, ,115, ,68.1, 
211,6/25/2014,0200,176,0, ,0, ,0, ,13.1, ,54.8, ,89, ,51.7, ,5.1, ,136, ,67.9, 
211,6/25/2014,0300,176,0, ,0, ,0, ,13.1, ,54, ,92, ,51.7, ,4.4, ,129, ,67.6, 
211,6/25/2014,0400,176,0, ,0, ,0, ,12.8, ,53.4, ,92, ,51, ,2.4, ,123, ,67.4, 
211,6/25/2014,0500,176,0, ,0, ,3, ,12.3, ,52.4, ,92, ,50.1, ,2.5, ,137, ,67.1, 
211,6/25/2014,0600,176,0, ,0, ,47, ,13.1, ,54, ,92, ,51.8, ,2.4, ,127, ,66.9, 
211,6/25/2014,0700,176,0, ,0, ,193, ,13.6, ,55.3, ,91, ,52.7, ,4.4, ,146, ,66.7, 
211,6/25/2014,0800,176,0, ,0, ,410, ,13.9, ,57.4, ,86, ,53.3, ,2.8, ,138, ,66.6, 
211,6/25/2014,0900,176,0.01, ,0, ,1002, ,14.5, ,60.1, ,82, ,54.5, ,4.5, ,116, ,66.6, 
211,6/25/2014,1000,176,0.02, ,0, ,1541, ,15.5, ,64.7, ,74, ,56.3, ,4.1, ,124, ,66.8, 
211,6/25/2014,1100,176,0.02, ,0, ,1751, ,16, ,69.9, ,64, ,57.2, ,4.4, ,146, ,67.2, 
211,6/25/2014,1200,176,0.03, ,0, ,1871, ,16.1, ,73.7, ,57, ,57.4, ,6.5, ,185, ,67.8, 
211,6/25/2014,1300,176,0.03, ,0, ,1885, ,16.7, ,77, ,53, ,58.5, ,8.6, ,202, ,68.6, 
211,6/25/2014,1400,176,0.03, ,0, ,1805, ,17.7, ,78.8, ,53, ,60.1, ,11.4, ,333, ,69.2, 
211,6/25/2014,1500,176,0.03, ,0, ,1592, ,18, ,79.4, ,52, ,60.5, ,11.7, ,328, ,69.7, 
211,6/25/2014,1600,176,0.02, ,0, ,1187, ,17.2, ,77.2, ,54, ,59.3, ,14.5, ,319, ,70.1, 
211,6/25/2014,1700,176,0.02, ,0, ,957, ,16.7, ,75.4, ,56, ,58.5, ,15.1, ,317, ,70.2, 
211,6/25/2014,1800,176,0.01, ,0, ,577, ,16.1, ,73.2, ,58, ,57.4, ,14.5, ,311, ,70.1, 
211,6/25/2014,1900,176,0.01, ,0, ,262, ,15.4, ,70.1, ,61, ,56.1, ,15.1, ,308, ,69.9, 
211,6/25/2014,2000,176,0, ,0, ,14, ,15.5, ,66.8, ,69, ,56.4, ,12, ,305, ,69.6, 
211,6/25/2014,2100,176,0, ,0, ,0, ,14.8, ,65.7, ,69, ,55.1, ,10.8, ,292, ,69.4, 
211,6/25/2014,2200,176,0, ,0, ,0, ,14.7, ,64.5, ,71, ,55, ,8.3, ,292, ,69.1, 
211,6/25/2014,2300,176,0, ,0, ,0, ,14.9, ,63.5, ,75, ,55.3, ,3.9, ,277, ,68.8, 
211,6/25/2014,2400,176,0, ,0, ,0, ,14.7, ,59.7, ,84, ,54.9, ,3.3, ,107, ,68.6, 
211,6/26/2014,0100,177,0, ,0, ,0, ,14.7, ,58.3, ,88, ,54.8, ,3.7, ,115, ,68.3, 
211,6/26/2014,0200,177,0, ,0, ,0, ,14.7, ,58, ,89, ,54.9, ,4, ,121, ,68.1, 
211,6/26/2014,0300,177,0, ,0, ,0, ,14.9, ,58.4, ,89, ,55.2, ,3.9, ,116, ,67.9, 
211,6/26/2014,0400,177,0, ,0, ,0, ,15, ,58.6, ,89, ,55.5, ,3.7, ,121, ,67.8, 
211,6/26/2014,0500,177,0, ,0, ,1, ,15, ,58.9, ,88, ,55.4, ,3.9, ,119, ,67.6, 
211,6/26/2014,0600,177,0, ,0, ,27, ,15.2, ,59.5, ,87, ,55.7, ,3.7, ,130, ,67.5, 
211,6/26/2014,0700,177,0, ,0, ,220, ,14.8, ,61.8, ,79, ,55.1, ,7.6, ,301, ,67.4, 
211,6/26/2014,0800,177,0.01, ,0, ,653, ,15.1, ,64.1, ,74, ,55.7, ,8.1, ,316, ,67.3, 
211,6/26/2014,0900,177,0.02, ,0, ,1238, ,15.2, ,67, ,67, ,55.8, ,7.3, ,312, ,67.4, 
211,6/26/2014,1000,177,0.02, ,0, ,1567, ,15.2, ,69.3, ,62, ,55.8, ,6.5, ,314, ,67.5, 
211,6/26/2014,1100,177,0.03, ,0, ,1805, ,15.3, ,71.7, ,58, ,56, ,5.9, ,318, ,67.8, 
211,6/26/2014,1200,177,0.03, ,0, ,1879, ,15.3, ,73.9, ,54, ,56.1, ,5.1, ,288, ,68.4, 
211,6/26/2014,1300,177,0.03, ,0, ,1918, ,14, ,76.9, ,44, ,53.6, ,7.4, ,320, ,69.1, 
211,6/26/2014,1400,177,0.03, ,0, ,1817, ,14.2, ,78.3, ,43, ,53.9, ,7.8, ,303, ,69.8, 
211,6/26/2014,1500,177,0.02, ,0, ,1622, ,14.6, ,78.7, ,44, ,54.7, ,5.7, ,270, ,70.4, 
211,6/26/2014,1600,177,0.02, ,0, ,1346, ,14.2, ,78.7, ,42, ,54, ,6.6, ,254, ,70.8, 
211,6/26/2014,1700,177,0.02, ,0, ,1017, ,13.6, ,79, ,40, ,52.8, ,6.2, ,282, ,70.9, 
211,6/26/2014,1800,177,0.01, ,0, ,654, ,14.1, ,74.8, ,48, ,53.8, ,7.2, ,65, ,70.9, 
211,6/26/2014,1900,177,0, ,0, ,301, ,14.3, ,68.3, ,61, ,54.2, ,6.6, ,140, ,70.7, 
211,6/26/2014,2000,177,0, ,0, ,26, ,14.1, ,62.8, ,72, ,53.7, ,5.2, ,129, ,70.4, 
211,6/26/2014,2100,177,0, ,0, ,0, ,13.9, ,60.1, ,79, ,53.4, ,4.4, ,95, ,70.1, 
211,6/26/2014,2200,177,0, ,0, ,0, ,13.9, ,58.8, ,82, ,53.3, ,3.6, ,110, ,69.7, 
211,6/26/2014,2300,177,0, ,0, ,0, ,13.6, ,57.1, ,85, ,52.8, ,2.6, ,120, ,69.3, 
211,6/26/2014,2400,177,0, ,0, ,0, ,13.6, ,58.8, ,80, ,52.8, ,4.9, ,314, ,69, 
211,6/27/2014,0100,178,0, ,0, ,0, ,13.5, ,58.2, ,81, ,52.5, ,2.6, ,307, ,68.6, 
211,6/27/2014,0200,178,0, ,0, ,0, ,13.3, ,57.1, ,84, ,52.1, ,2.1, ,325, ,68.3, 
211,6/27/2014,0300,178,0, ,0, ,0, ,12.6, ,54.7, ,86, ,50.8, ,1.7, ,156, ,68, 
211,6/27/2014,0400,178,0, ,0, ,0, ,12.4, ,53.4, ,89, ,50.3, ,2.5, ,152, ,67.7, 
211,6/27/2014,0500,178,0, ,0, ,2, ,12.3, ,52.5, ,92, ,50.1, ,1.9, ,125, ,67.5, 
211,6/27/2014,0600,178,0, ,0, ,73, ,13.3, ,54, ,93, ,52.1, ,2, ,196, ,67.2, 
211,6/27/2014,0700,178,0, ,0, ,235, ,14.4, ,57.8, ,88, ,54.4, ,3.7, ,260, ,66.6, 
211,6/27/2014,0800,178,0.01, ,0, ,760, ,15.5, ,61.5, ,83, ,56.3, ,7.5, ,319, ,66, 
211,6/27/2014,0900,178,0.01, ,0, ,1219, ,16.1, ,64.9, ,77, ,57.4, ,5.6, ,320, ,65.9, 
211,6/27/2014,1000,178,0.02, ,0, ,1534, ,15.8, ,71, ,61, ,56.8, ,7.6, ,326, ,66.2, 
211,6/27/2014,1100,178,0.03, ,0, ,1753, ,14.6, ,75.1, ,49, ,54.7, ,10.4, ,331, ,66.8, 
211,6/27/2014,1200,178,0.03, ,0, ,1875, ,15.3, ,77.6, ,47, ,55.9, ,10.7, ,326, ,67.4, 
211,6/27/2014,1300,178,0.03, ,0, ,1873, ,15.6, ,79.8, ,45, ,56.4, ,11.3, ,317, ,68, 
211,6/27/2014,1400,178,0.03, ,0, ,1776, ,16.4, ,81.7, ,44, ,57.9, ,11.6, ,316, ,68.7, 
211,6/27/2014,1500,178,0.03, ,0, ,1598, ,17, ,82.6, ,45, ,59, ,11.7, ,324, ,69.2, 
211,6/27/2014,1600,178,0.02, ,0, ,1323, ,17.3, ,82.6, ,45, ,59.4, ,12.1, ,321, ,69.7, 
211,6/27/2014,1700,178,0.02, ,0, ,996, ,18, ,81.7, ,49, ,60.5, ,12.8, ,320, ,69.9, 
211,6/27/2014,1800,178,0.01, ,0, ,642, ,17.6, ,79.1, ,52, ,59.9, ,13.3, ,317, ,69.9, 
211,6/27/2014,1900,178,0.01, ,0, ,294, ,17, ,75.9, ,56, ,58.9, ,12.2, ,314, ,69.8, 
211,6/27/2014,2000,178,0, ,0, ,26, ,16.5, ,71.7, ,62, ,58.1, ,8.9, ,332, ,69.7, 
211,6/27/2014,2100,178,0, ,0, ,0, ,16.6, ,69.4, ,68, ,58.3, ,11.3, ,312, ,69.5, 
211,6/27/2014,2200,178,0, ,0, ,0, ,16.8, ,66.7, ,75, ,58.6, ,13.4, ,310, ,69.3, 
211,6/27/2014,2300,178,0, ,0, ,0, ,16.9, ,65.3, ,79, ,58.7, ,11.8, ,308, ,69, 
211,6/27/2014,2400,178,0, ,0, ,0, ,16.3, ,64.9, ,77, ,57.7, ,10.9, ,315, ,68.8, 
211,6/28/2014,0100,179,0, ,0, ,0, ,15, ,64.3, ,73, ,55.4, ,12, ,304, ,68.6, 
211,6/28/2014,0200,179,0, ,0, ,0, ,14.3, ,63.4, ,72, ,54.2, ,9.8, ,318, ,68.4, 
211,6/28/2014,0300,179,0, ,0, ,0, ,14, ,61.8, ,74, ,53.6, ,9.6, ,322, ,68.3, 
211,6/28/2014,0400,179,0, ,0, ,0, ,14, ,60.5, ,78, ,53.5, ,9.2, ,319, ,68.1, 
211,6/28/2014,0500,179,0, ,0, ,3, ,13.7, ,58.6, ,82, ,53, ,7.2, ,321, ,67.9, 
211,6/28/2014,0600,179,0, ,0, ,74, ,13.5, ,57.1, ,85, ,52.5, ,4.7, ,331, ,67.8, 
211,6/28/2014,0700,179,0.01, ,0, ,483, ,14.3, ,60.7, ,79, ,54, ,5.6, ,350, ,67.6, 
211,6/28/2014,0800,179,0.01, ,0, ,910, ,14.7, ,64.8, ,70, ,54.8, ,5.5, ,327, ,67.4, 
211,6/28/2014,0900,179,0.02, ,0, ,1263, ,14.8, ,67.7, ,64, ,55.1, ,4.7, ,320, ,67.4, 
211,6/28/2014,1000,179,0.02, ,0, ,1571, ,14.4, ,70.8, ,56, ,54.3, ,4.1, ,276, ,67.6, 
211,6/28/2014,1100,179,0.03, ,0, ,1786, ,13.9, ,75.2, ,46, ,53.3, ,5, ,295, ,68, 
211,6/28/2014,1200,179,0.03, ,0, ,1943, ,11.8, ,79.4, ,34, ,48.9, ,8.5, ,321, ,68.6, 
211,6/28/2014,1300,179,0.03, ,0, ,1970, ,11.5, ,82.1, ,31, ,48.2, ,10.4, ,330, ,69.3, 
211,6/28/2014,1400,179,0.03, ,0, ,1875, ,11.5, ,84.2, ,29, ,48.3, ,10.6, ,327, ,69.9, 
211,6/28/2014,1500,179,0.03, ,0, ,1666, ,10.6, ,85.7, ,25, ,46.1, ,12.2, ,328, ,70.4, 
211,6/28/2014,1600,179,0.03, ,0, ,1381, ,11.4, ,84.4, ,28, ,48, ,14, ,319, ,70.7, 
211,6/28/2014,1700,179,0.02, ,0, ,1037, ,13.3, ,82.2, ,35, ,52.1, ,13.7, ,308, ,70.7, 
211,6/28/2014,1800,179,0.02, ,0, ,671, ,13.5, ,78.9, ,40, ,52.5, ,13.4, ,312, ,70.6, 
211,6/28/2014,1900,179,0.01, ,0, ,311, ,11.7, ,76.2, ,38, ,48.7, ,12.5, ,303, ,70.4, 
211,6/28/2014,2000,179,0, ,0, ,28, ,11, ,72.3, ,40, ,47, ,9.7, ,303, ,70.1, 
211,6/28/2014,2100,179,0, ,0, ,0, ,10.9, ,68.7, ,46, ,46.9, ,6.8, ,304, ,69.8, 
211,6/28/2014,2200,179,0, ,0, ,0, ,11.2, ,65.4, ,52, ,47.4, ,3.7, ,303, ,69.5, 
211,6/28/2014,2300,179,0, ,0, ,0, ,11.4, ,61.8, ,60, ,48, ,2.1, ,301, ,69.1, 
211,6/28/2014,2400,179,0, ,0, ,0, ,12, ,57.3, ,75, ,49.4, ,2.3, ,132, ,68.8, 
211,6/29/2014,0100,180,0, ,0, ,0, ,11.5, ,54.6, ,79, ,48.2, ,1.1, ,87, ,68.4, 
211,6/29/2014,0200,180,0, ,0, ,0, ,11.1, ,52.6, ,82, ,47.2, ,1, ,331, ,68.1, 
211,6/29/2014,0300,180,0, ,0, ,0, ,10.6, ,51.9, ,81, ,46.1, ,1.4, ,343, ,67.7, 
211,6/29/2014,0400,180,0, ,0, ,0, ,10.3, ,50.6, ,82, ,45.4, ,1.6, ,322, ,67.4, 
211,6/29/2014,0500,180,0, ,0, ,3, ,10.2, ,50.1, ,83, ,45.1, ,1.5, ,345, ,67.1, 
211,6/29/2014,0600,180,0, ,0, ,160, ,11.1, ,52.6, ,82, ,47.2, ,1.2, ,145, ,66.8, 
211,6/29/2014,0700,180,0.01, ,0, ,520, ,12.2, ,60.4, ,68, ,49.8, ,1.2, ,348, ,66.5, 
211,6/29/2014,0800,180,0.01, ,0, ,893, ,12.7, ,64.7, ,61, ,50.9, ,2.5, ,326, ,66.4, 
211,6/29/2014,0900,180,0.02, ,0, ,1244, ,13.2, ,70.8, ,51, ,51.9, ,1.9, ,117, ,66.5, 
211,6/29/2014,1000,180,0.02, ,0, ,1546, ,12.9, ,75.3, ,43, ,51.3, ,3.3, ,310, ,66.8, 
211,6/29/2014,1100,180,0.03, ,0, ,1790, ,11.5, ,80.3, ,33, ,48.3, ,4.1, ,263, ,67.4, 
211,6/29/2014,1200,180,0.03, ,0, ,1916, ,11.6, ,85.7, ,28, ,48.4, ,4.1, ,247, ,68.2, 
211,6/29/2014,1300,180,0.03, ,0, ,1918, ,12.3, ,90.5, ,25, ,49.9, ,3.9, ,10, ,69.1, 
211,6/29/2014,1400,180,0.03,Y,0, ,1852, ,12.2, ,92.5,Y,23,Y,49.7,Y,4.5, ,114, ,70.2, 
211,6/29/2014,1500,180,0.03, ,0, ,1654, ,14.5, ,91.2, ,29, ,54.4, ,7, ,144, ,71.2, 
211,6/29/2014,1600,180,0.02, ,0, ,1359, ,14.6, ,90.4, ,30, ,54.8, ,6.6, ,140, ,71.7, 
211,6/29/2014,1700,180,0.02, ,0, ,1032, ,14.9, ,85.8, ,35, ,55.2, ,6.8, ,142, ,71.8, 
211,6/29/2014,1800,180,0.01, ,0, ,667, ,14.2, ,81.9, ,38, ,54, ,7.7, ,140, ,71.7, 
211,6/29/2014,1900,180,0.01, ,0, ,304, ,14.2, ,78.4, ,43, ,53.9, ,6.5, ,139, ,71.5, 
211,6/29/2014,2000,180,0, ,0, ,27, ,14, ,71.6, ,53, ,53.5, ,4.2, ,124, ,71.2, 
211,6/29/2014,2100,180,0, ,0, ,0, ,13.5, ,66.6, ,61, ,52.5, ,4, ,128, ,70.9, 
211,6/29/2014,2200,180,0, ,0, ,0, ,12.8, ,65.1, ,61, ,51.1, ,4, ,133, ,70.5, 
211,6/29/2014,2300,180,0, ,0, ,0, ,12.5, ,63, ,63, ,50.4, ,2.3, ,113, ,70.1, 
211,6/29/2014,2400,180,0, ,0, ,0, ,12.3, ,59.8, ,70, ,50.1, ,1, ,345, ,69.7, 
211,6/30/2014,0100,181,0, ,0, ,0, ,12.2, ,58, ,74, ,49.7, ,1, ,337, ,69.4, 
211,6/30/2014,0200,181,0, ,0, ,0, ,11.8, ,58.3, ,71, ,48.9, ,1.3, ,336, ,69, 
211,6/30/2014,0300,181,0, ,0, ,0, ,11.8, ,55.9, ,77, ,48.9, ,1.4, ,127, ,68.6, 
211,6/30/2014,0400,181,0, ,0, ,0, ,11.6, ,54.1, ,81, ,48.4, ,1.2, ,114, ,68.3, 
211,6/30/2014,0500,181,0, ,0, ,3, ,11.6, ,53.2, ,84, ,48.4, ,1, ,32, ,68, 
211,6/30/2014,0600,181,0, ,0, ,156, ,12.2, ,56.5, ,78, ,49.8, ,1.1, ,109, ,67.7, 
211,6/30/2014,0700,181,0.01, ,0, ,516, ,13.2, ,62.4, ,68, ,51.9, ,2.3, ,128, ,67.5, 
211,6/30/2014,0800,181,0.01, ,0, ,892, ,13.9, ,67.7, ,60, ,53.3, ,2.4, ,129, ,67.4, 
211,6/30/2014,0900,181,0.02, ,0, ,1116, ,14.1, ,73, ,51, ,53.7, ,3.2, ,129, ,67.5, 
211,6/30/2014,1000,181,0.02, ,0, ,1445, ,14.2, ,78.1, ,43, ,53.9, ,3.9, ,134, ,67.8, 
211,6/30/2014,1100,181,0.02, ,0, ,1569, ,15.2, ,82.3, ,40, ,55.9, ,5.1, ,127, ,68.3, 
211,6/30/2014,1200,181,0.03, ,0, ,1912, ,16.4, ,84.6, ,40, ,58, ,6.5, ,127, ,69, 
211,6/30/2014,1300,181,0.03, ,0, ,1716, ,16.5, ,84.1, ,41, ,58, ,8.2, ,127, ,69.6, 
211,6/30/2014,1400,181,0.03, ,0, ,1797, ,16.1, ,81.4, ,44, ,57.4, ,9, ,126, ,70.2, 
211,6/30/2014,1500,181,0.03, ,0, ,1605, ,16.1, ,80.9, ,45, ,57.4, ,8.9, ,120, ,70.6, 
211,6/30/2014,1600,181,0.02, ,0, ,1272, ,15.4, ,76.6, ,49, ,56.2, ,8.8, ,119, ,70.9, 
211,6/30/2014,1700,181,0.02, ,0, ,967, ,14.8, ,74.1, ,52, ,55.1, ,8.7, ,121, ,70.8, 
211,6/30/2014,1800,181,0.01, ,0, ,630, ,14.4, ,71.1, ,55, ,54.3, ,8.2, ,119, ,70.7, 
211,6/30/2014,1900,181,0, ,0, ,201, ,14.1, ,65.9, ,65, ,53.8, ,8.1, ,124, ,70.5, 
211,6/30/2014,2000,181,0, ,0, ,17, ,13.9, ,60.7, ,76, ,53.3, ,6.4, ,122, ,70.2, 
211,6/30/2014,2100,181,0, ,0, ,0, ,13.6, ,57.8, ,83, ,52.8, ,7, ,146, ,69.8, 
211,6/30/2014,2200,181,0, ,0, ,0, ,13.6, ,56.5, ,87, ,52.8, ,6.8, ,156, ,69.5, 
211,6/30/2014,2300,181,0, ,0, ,0, ,13.5, ,55.5, ,90, ,52.5, ,5.6, ,155, ,69.1, 
211,6/30/2014,2400,181,0, ,0, ,0, ,13.5, ,55, ,91, ,52.5, ,5.1, ,141, ,68.8, 
211,7/1/2014,0100,182,0, ,0, ,0, ,13.6, ,54.9, ,92, ,52.7, ,6.2, ,141, ,68.5, 
211,7/1/2014,0200,182,0, ,0, ,0, ,13.7, ,54.9, ,93, ,52.9, ,8.3, ,141, ,68.3, 
211,7/1/2014,0300,182,0, ,0, ,0, ,13.6, ,54.6, ,93, ,52.7, ,9.4, ,144, ,68, 
211,7/1/2014,0400,182,0, ,0, ,0, ,13.5, ,54.5, ,93, ,52.6, ,8.1, ,138, ,67.8, 
211,7/1/2014,0500,182,0, ,0, ,1, ,13.4, ,54.4, ,93, ,52.4, ,8.6, ,144, ,67.7, 
211,7/1/2014,0600,182,0, ,0, ,36, ,13.4, ,54.6, ,92, ,52.4, ,7.4, ,141, ,67.5, 
211,7/1/2014,0700,182,0, ,0, ,152, ,13.6, ,55.2, ,91, ,52.7, ,7.3, ,141, ,67.3, 
211,7/1/2014,0800,182,0.01, ,0, ,554, ,14, ,56.8, ,89, ,53.5, ,9.5, ,140, ,67.2, 
211,7/1/2014,0900,182,0.01, ,0, ,1230, ,15, ,59.6, ,86, ,55.5, ,8.5, ,133, ,67.2, 
211,7/1/2014,1000,182,0.02, ,0, ,1567, ,16, ,63, ,81, ,57.1, ,8.5, ,134, ,67.3, 
211,7/1/2014,1100,182,0.02, ,0, ,1794, ,16.8, ,67.7, ,73, ,58.5, ,8, ,134, ,67.6, 
211,7/1/2014,1200,182,0.03, ,0, ,1916, ,17.1, ,70.9, ,66, ,59.1, ,6.8, ,123, ,68.4, 
211,7/1/2014,1300,182,0.03, ,0, ,1933, ,16.9, ,74.6, ,58, ,58.7, ,7.1, ,127, ,69.4, 
211,7/1/2014,1400,182,0.03, ,0, ,1850, ,16.3, ,75, ,55, ,57.8, ,9.6, ,146, ,70.4, 
211,7/1/2014,1500,182,0.03, ,0, ,1656, ,16.3, ,74.7, ,56, ,57.7, ,8.8, ,136, ,71.1, 
211,7/1/2014,1600,182,0.02, ,0, ,1375, ,15.6, ,73.9, ,55, ,56.6, ,7, ,118, ,71.4, 
211,7/1/2014,1700,182,0.01, ,0, ,1040, ,15.7, ,72.5, ,58, ,56.8, ,7, ,114, ,71.4, 
211,7/1/2014,1800,182,0.01, ,0, ,666, ,15.5, ,71, ,60, ,56.3, ,6.3, ,115, ,71.3, 
211,7/1/2014,1900,182,0, ,0, ,308, ,14.8, ,65.3, ,69, ,55, ,6, ,114, ,71.1, 
211,7/1/2014,2000,182,0, ,0, ,27, ,14, ,59.8, ,80, ,53.6, ,5.8, ,115, ,70.9, 
211,7/1/2014,2100,182,0, ,0, ,0, ,13.7, ,57.3, ,86, ,53, ,5.5, ,116, ,70.5, 
211,7/1/2014,2200,182,0, ,0, ,0, ,13.6, ,56.5, ,87, ,52.7, ,5.7, ,126, ,70.1, 
211,7/1/2014,2300,182,0, ,0, ,0, ,13.5, ,56, ,88, ,52.6, ,6.4, ,137, ,69.7, 
211,7/1/2014,2400,182,0, ,0, ,0, ,13.9, ,56.9, ,88, ,53.4, ,7.2, ,145, ,69.4, 
211,7/2/2014,0100,183,0, ,0, ,0, ,14, ,56.9, ,88, ,53.5, ,7.2, ,151, ,69.1, 
211,7/2/2014,0200,183,0, ,0, ,0, ,14, ,56.8, ,89, ,53.5, ,5.9, ,142, ,68.8, 
211,7/2/2014,0300,183,0, ,0, ,0, ,13.9, ,57, ,88, ,53.4, ,5.3, ,139, ,68.6, 
211,7/2/2014,0400,183,0, ,0, ,0, ,14, ,56.8, ,89, ,53.5, ,5.2, ,140, ,68.4, 
211,7/2/2014,0500,183,0, ,0, ,1, ,13.8, ,56.2, ,90, ,53.2, ,6, ,154, ,68.3, 
211,7/2/2014,0600,183,0, ,0, ,29, ,13.8, ,56.2, ,89, ,53.1, ,5.3, ,144, ,68.1, 
211,7/2/2014,0700,183,0, ,0, ,97, ,13.8, ,56.5, ,88, ,53.2, ,5.8, ,156, ,68, 
211,7/2/2014,0800,183,0, ,0, ,176, ,13.9, ,56.5, ,89, ,53.3, ,6.7, ,158, ,67.9, 
211,7/2/2014,0900,183,0, ,0, ,354, ,14, ,57.3, ,87, ,53.5, ,7, ,160, ,67.8, 
211,7/2/2014,1000,183,0.01, ,0, ,1164, ,14.6, ,60.5, ,81, ,54.7, ,6.8, ,143, ,67.7, 
211,7/2/2014,1100,183,0.02, ,0, ,1811, ,15.5, ,65.9, ,71, ,56.3, ,8, ,139, ,67.8, 
211,7/2/2014,1200,183,0.03, ,0, ,1939, ,15.7, ,70.2, ,62, ,56.6, ,9.2, ,145, ,68.1, 
211,7/2/2014,1300,183,0.03, ,0, ,1962, ,15.6, ,73.7, ,55, ,56.5, ,10.1, ,147, ,68.6, 
211,7/2/2014,1400,183,0.03, ,0, ,1867, ,16.2, ,73.9, ,57, ,57.6, ,11.6, ,160, ,69.1, 
211,7/2/2014,1500,183,0.03, ,0, ,1666, ,16.4, ,73.5, ,58, ,58, ,9.8, ,157, ,69.5, 
211,7/2/2014,1600,183,0.02, ,0, ,1387, ,15.7, ,69.7, ,63, ,56.7, ,10.7, ,147, ,69.9, 
211,7/2/2014,1700,183,0.01, ,0, ,1044, ,15, ,66.6, ,67, ,55.4, ,11.7, ,144, ,70, 
211,7/2/2014,1800,183,0.01, ,0, ,664, ,14.7, ,64.1, ,72, ,54.9, ,10.1, ,138, ,69.9, 
211,7/2/2014,1900,183,0, ,0, ,287, ,14.2, ,61.2, ,77, ,53.9, ,8.4, ,137, ,69.8, 
211,7/2/2014,2000,183,0, ,0, ,24, ,13.7, ,58, ,83, ,52.9, ,7.1, ,138, ,69.5, 
211,7/2/2014,2100,183,0, ,0, ,0, ,13.4, ,56.1, ,87, ,52.4, ,5.3, ,137, ,69.2, 
211,7/2/2014,2200,183,0, ,0, ,0, ,13.3, ,55.4, ,89, ,52.2, ,4, ,117, ,68.9, 
211,7/2/2014,2300,183,0, ,0, ,0, ,13.3, ,54.7, ,91, ,52.1, ,4.5, ,120, ,68.6, 
211,7/2/2014,2400,183,0, ,0, ,0, ,13.3, ,54.6, ,91, ,52.2, ,4, ,124, ,68.3, 
211,7/3/2014,0100,184,0, ,0, ,0, ,13.6, ,55.1, ,92, ,52.8, ,5.7, ,150, ,68.1, 
211,7/3/2014,0200,184,0, ,0, ,0, ,13.8, ,55.3, ,92, ,53.1, ,6.3, ,156, ,67.9, 
211,7/3/2014,0300,184,0, ,0, ,0, ,13.6, ,54.7, ,93, ,52.7, ,6.4, ,150, ,67.7, 
211,7/3/2014,0400,184,0, ,0, ,0, ,13.6, ,54.4, ,94, ,52.7, ,5.7, ,146, ,67.6, 
211,7/3/2014,0500,184,0, ,0, ,1, ,13.5, ,54.2, ,94, ,52.5, ,5.6, ,151, ,67.4, 
211,7/3/2014,0600,184,0, ,0, ,25, ,13.4, ,54.2, ,94, ,52.4, ,5.8, ,155, ,67.3, 
211,7/3/2014,0700,184,0, ,0, ,106, ,13.5, ,54.5, ,93, ,52.5, ,6.1, ,153, ,67.2, 
211,7/3/2014,0800,184,0, ,0, ,279, ,13.6, ,55.4, ,91, ,52.8, ,5.8, ,154, ,67.1, 
211,7/3/2014,0900,184,0.01, ,0, ,631, ,14.1, ,57.8, ,86, ,53.8, ,5.1, ,131, ,67, 
211,7/3/2014,1000,184,0.02, ,0, ,1439, ,15.1, ,61.8, ,80, ,55.6, ,6.2, ,127, ,67, 
211,7/3/2014,1100,184,0.02, ,0, ,1803, ,15.8, ,66.6, ,71, ,56.9, ,6.8, ,126, ,67.3, 
211,7/3/2014,1200,184,0.03, ,0, ,1931, ,15.8, ,71.5, ,60, ,56.9, ,7.4, ,140, ,67.7, 
211,7/3/2014,1300,184,0.03, ,0, ,1951, ,15.9, ,75.8, ,52, ,57, ,8.3, ,143, ,68.3, 
211,7/3/2014,1400,184,0.03, ,0, ,1869, ,15.9, ,78.1, ,48, ,57, ,8.7, ,142, ,68.9, 
211,7/3/2014,1500,184,0.03, ,0, ,1681, ,16.2, ,78, ,49, ,57.5, ,9, ,130, ,69.4, 
211,7/3/2014,1600,184,0.02, ,0, ,1389, ,16.1, ,75.8, ,53, ,57.3, ,9.5, ,127, ,69.8, 
211,7/3/2014,1700,184,0.02, ,0, ,1038, ,15.7, ,74.1, ,54, ,56.6, ,9, ,130, ,69.9, 
211,7/3/2014,1800,184,0.01, ,0, ,659, ,15.2, ,71.3, ,58, ,55.8, ,8.7, ,138, ,69.9, 
211,7/3/2014,1900,184,0, ,0, ,288, ,14.4, ,66.3, ,65, ,54.3, ,8.9, ,143, ,69.8, 
211,7/3/2014,2000,184,0, ,0, ,26, ,13.8, ,61.7, ,74, ,53.2, ,6, ,122, ,69.6, 
211,7/3/2014,2100,184,0, ,0, ,0, ,13.3, ,59, ,78, ,52.1, ,4.4, ,113, ,69.3, 
211,7/3/2014,2200,184,0, ,0, ,0, ,12.9, ,57.2, ,81, ,51.4, ,4, ,125, ,69, 
211,7/3/2014,2300,184,0, ,0, ,0, ,12.6, ,55.9, ,83, ,50.7, ,2.8, ,139, ,68.6, 
211,7/3/2014,2400,184,0, ,0, ,0, ,11.8, ,53.5, ,84, ,48.9, ,1, ,72, ,68.3, 
211,7/4/2014,0100,185,0, ,0, ,0, ,11.4, ,51.7, ,87, ,48, ,1.1, ,98, ,68, 
211,7/4/2014,0200,185,0, ,0, ,0, ,11.1, ,51.2, ,87, ,47.3, ,1.2, ,113, ,67.7, 
211,7/4/2014,0300,185,0, ,0, ,0, ,10.8, ,49.7, ,89, ,46.6, ,1.2, ,101, ,67.4, 
211,7/4/2014,0400,185,0, ,0, ,0, ,10.9, ,49.7, ,90, ,46.9, ,2, ,117, ,67, 
211,7/4/2014,0500,185,0, ,0, ,2, ,11.6, ,50.4, ,93, ,48.4, ,3.1, ,119, ,66.8, 
211,7/4/2014,0600,185,0, ,0, ,111, ,12.1, ,51.1, ,94, ,49.5, ,3.3, ,123, ,66.5, 
211,7/4/2014,0700,185,0.01, ,0, ,500, ,13.3, ,54.5, ,91, ,52.1, ,5.5, ,148, ,66.3, 
211,7/4/2014,0800,185,0.01, ,0, ,895, ,13.9, ,58.5, ,83, ,53.3, ,6.2, ,150, ,66.3, 
211,7/4/2014,0900,185,0.01, ,0, ,1252, ,15.1, ,61.9, ,80, ,55.6, ,7, ,149, ,66.3, 
211,7/4/2014,1000,185,0.02, ,0, ,1568, ,16.1, ,66.1, ,73, ,57.3, ,7.4, ,143, ,66.6, 
211,7/4/2014,1100,185,0.03, ,0, ,1813, ,17.2, ,72.1, ,64, ,59.2, ,5.8, ,131, ,67.2, 
211,7/4/2014,1200,185,0.03, ,0, ,1970, ,16.5, ,76.7, ,53, ,58.1, ,6.2, ,123, ,68.1, 
211,7/4/2014,1300,185,0.03, ,0, ,1968, ,15.8, ,81, ,44, ,56.8, ,6.7, ,129, ,69.3, 
211,7/4/2014,1400,185,0.03, ,0, ,1871, ,15.2, ,80.4, ,43, ,55.8, ,7.8, ,135, ,70.2, 
211,7/4/2014,1500,185,0.03, ,0, ,1681, ,15.4, ,80.4, ,43, ,56.1, ,8.1, ,135, ,70.8, 
211,7/4/2014,1600,185,0.02, ,0, ,1379, ,15.4, ,77.6, ,48, ,56.2, ,8.8, ,131, ,71.2, 
211,7/4/2014,1700,185,0.02, ,0, ,1029, ,15.2, ,74.5, ,52, ,55.8, ,8.7, ,133, ,71.3, 
211,7/4/2014,1800,185,0.01, ,0, ,662, ,14.6, ,71.5, ,55, ,54.6, ,8.7, ,138, ,71.1, 
211,7/4/2014,1900,185,0, ,0, ,291, ,14, ,66.9, ,62, ,53.5, ,6.9, ,132, ,70.9, 
211,7/4/2014,2000,185,0, ,0, ,26, ,13.4, ,60.4, ,75, ,52.3, ,4.2, ,122, ,70.7, 
211,7/4/2014,2100,185,0, ,0, ,0, ,12.9, ,56.5, ,82, ,51.2, ,3.1, ,117, ,70.3, 
211,7/4/2014,2200,185,0, ,0, ,0, ,12.7, ,54.9, ,86, ,50.8, ,2.9, ,123, ,69.9, 
211,7/4/2014,2300,185,0, ,0, ,0, ,12.2, ,53.3, ,88, ,49.8, ,1.7, ,87, ,69.5, 
211,7/4/2014,2400,185,0, ,0, ,0, ,11.4, ,51.4, ,88, ,48.1, ,1.3, ,17, ,69.2, 
211,7/5/2014,0100,186,0, ,0, ,0, ,10.9, ,50.1, ,89, ,46.8, ,1.5, ,342, ,68.8, 
211,7/5/2014,0200,186,0, ,0, ,0, ,10.6, ,49, ,89, ,46, ,1.3, ,124, ,68.4, 
211,7/5/2014,0300,186,0, ,0, ,0, ,10, ,47.3, ,90, ,44.6, ,1.2, ,2, ,68, 
211,7/5/2014,0400,186,0, ,0, ,0, ,9.9, ,46.6, ,91, ,44.3, ,1.3, ,116, ,67.6, 
211,7/5/2014,0500,186,0, ,0, ,2, ,9.9, ,46.3, ,92, ,44.2, ,1.8, ,114, ,67.3, 
211,7/5/2014,0600,186,0, ,0, ,82, ,10.4, ,47, ,94, ,45.5, ,2.3, ,129, ,67, 
211,7/5/2014,0700,186,0, ,0, ,441, ,11.8, ,50.2, ,96, ,49, ,1.9, ,127, ,66.7, 
211,7/5/2014,0800,186,0.01, ,0, ,892, ,13.2, ,55.8, ,87, ,51.9, ,3.9, ,139, ,66.5, 
211,7/5/2014,0900,186,0.01, ,0, ,1256, ,14.3, ,63.2, ,72, ,54.1, ,2.7, ,100, ,66.6, 
211,7/5/2014,1000,186,0.02, ,0, ,1569, ,15.1, ,69.6, ,61, ,55.6, ,3.3, ,100, ,66.8, 
211,7/5/2014,1100,186,0.03, ,0, ,1780, ,15.3, ,76.2, ,50, ,56, ,3, ,93, ,67.2, 
211,7/5/2014,1200,186,0.03, ,0, ,1953, ,13.6, ,83.2, ,35, ,52.8, ,2.7, ,111, ,67.7, 
211,7/5/2014,1300,186,0.03, ,0, ,1972, ,11.5, ,88.4, ,25, ,48.3, ,3.6, ,60, ,68.4, 
211,7/5/2014,1400,186,0.03, ,0, ,1885, ,13.2, ,88.5, ,29, ,51.9, ,7.1, ,141, ,69.1, 
211,7/5/2014,1500,186,0.03, ,0, ,1693, ,13.1, ,86.1, ,31, ,51.8, ,8.1, ,139, ,69.8, 
211,7/5/2014,1600,186,0.02, ,0, ,1390, ,13.2, ,85, ,32, ,51.8, ,6.8, ,117, ,70.3, 
211,7/5/2014,1700,186,0.02, ,0, ,1039, ,13.3, ,81.9, ,36, ,52.1, ,7.9, ,128, ,70.5, 
211,7/5/2014,1800,186,0.01, ,0, ,664, ,14.1, ,77.2, ,44, ,53.7, ,7.5, ,129, ,70.5, 
211,7/5/2014,1900,186,0.01, ,0, ,299, ,13, ,72.6, ,47, ,51.4, ,7.7, ,139, ,70.4, 
211,7/5/2014,2000,186,0, ,0, ,27, ,13.1, ,65, ,62, ,51.7, ,4.8, ,128, ,70.2, 
211,7/5/2014,2100,186,0, ,0, ,0, ,12.9, ,60.4, ,72, ,51.3, ,3.6, ,119, ,70, 
211,7/5/2014,2200,186,0, ,0, ,0, ,12.6, ,58.7, ,75, ,50.7, ,2.1, ,112, ,69.7, 
211,7/5/2014,2300,186,0, ,0, ,0, ,12.2, ,56.9, ,77, ,49.8, ,1.3, ,332, ,69.3, 
211,7/5/2014,2400,186,0, ,0, ,0, ,11.7, ,54.6, ,80, ,48.7, ,1.5, ,106, ,69, 
211,7/6/2014,0100,187,0, ,0, ,0, ,11.4, ,53.2, ,82, ,48, ,2.2, ,114, ,68.6, 
211,7/6/2014,0200,187,0, ,0, ,0, ,10.9, ,51.6, ,84, ,46.8, ,1.5, ,119, ,68.3, 
211,7/6/2014,0300,187,0, ,0, ,0, ,10.6, ,50, ,86, ,46, ,1.3, ,30, ,68, 
211,7/6/2014,0400,187,0, ,0, ,0, ,10.5, ,49.9, ,86, ,45.9, ,2.4, ,313, ,67.7, 
211,7/6/2014,0500,187,0, ,0, ,2, ,10.3, ,48.8, ,87, ,45.2, ,2, ,317, ,67.4, 
211,7/6/2014,0600,187,0, ,0, ,142, ,10.9, ,50.8, ,86, ,46.9, ,2.8, ,323, ,67.1, 
211,7/6/2014,0700,187,0.01, ,0, ,503, ,12.6, ,59.5, ,73, ,50.8, ,2.7, ,341, ,66.9, 
211,7/6/2014,0800,187,0.01, ,0, ,880, ,13.8, ,65.5, ,64, ,53.1, ,4.3, ,329, ,66.7, 
211,7/6/2014,0900,187,0.02, ,0, ,1233, ,12.3, ,73, ,44, ,50, ,2.9, ,335, ,66.7, 
211,7/6/2014,1000,187,0.02, ,0, ,1512, ,10.5, ,79.5, ,31, ,45.8, ,2.8, ,335, ,66.9, 
211,7/6/2014,1100,187,0.03, ,0, ,1782, ,11.2, ,84.3, ,28, ,47.4, ,3.9, ,319, ,67.4, 
211,7/6/2014,1200,187,0.03, ,0, ,1918, ,10.4, ,88.1, ,23, ,45.7, ,4.7, ,327, ,67.8, 
211,7/6/2014,1300,187,0.03, ,0, ,1941, ,10.2, ,90.9, ,21, ,45.1, ,5.9, ,335, ,68.3, 
211,7/6/2014,1400,187,0.03, ,0, ,1856, ,10.8, ,92.4, ,21, ,46.5, ,6.3, ,333, ,68.8, 
211,7/6/2014,1500,187,0.03, ,0, ,1660, ,11.6, ,92.8, ,22, ,48.5, ,5.8, ,103, ,69.3, 
211,7/6/2014,1600,187,0.02, ,0, ,1373, ,13.2, ,89.6, ,28, ,52, ,6.9, ,128, ,69.7, 
211,7/6/2014,1700,187,0.02, ,0, ,1029, ,13.7, ,85.4, ,33, ,52.9, ,6.9, ,131, ,70.1, 
211,7/6/2014,1800,187,0.01, ,0, ,660, ,14, ,82.3, ,37, ,53.5, ,6, ,125, ,70.2, 
211,7/6/2014,1900,187,0.01, ,0, ,301, ,13.1, ,78.1, ,40, ,51.8, ,5.6, ,123, ,70.3, 
211,7/6/2014,2000,187,0, ,0, ,29, ,13.6, ,68.2, ,58, ,52.8, ,5, ,123, ,70.2, 
211,7/6/2014,2100,187,0, ,0, ,0, ,13, ,63.6, ,65, ,51.5, ,4.9, ,126, ,70, 
211,7/6/2014,2200,187,0, ,0, ,0, ,12.6, ,61.7, ,67, ,50.8, ,3.5, ,119, ,69.7, 
211,7/6/2014,2300,187,0, ,0, ,0, ,12.7, ,59.8, ,72, ,50.8, ,4.1, ,125, ,69.5, 
211,7/6/2014,2400,187,0, ,0, ,0, ,12.7, ,58.7, ,75, ,50.8, ,2.3, ,105, ,69.2, 
211,7/7/2014,0100,188,0, ,0, ,0, ,12.6, ,58.6, ,75, ,50.8, ,2, ,156, ,68.9, 
211,7/7/2014,0200,188,0, ,0, ,0, ,12.3, ,55.8, ,81, ,50, ,1.9, ,115, ,68.7, 
211,7/7/2014,0300,188,0, ,0, ,0, ,12.1, ,55.1, ,82, ,49.7, ,2.3, ,163, ,68.4, 
211,7/7/2014,0400,188,0, ,0, ,0, ,12.3, ,55.4, ,82, ,50.1, ,1.7, ,338, ,68.2, 
211,7/7/2014,0500,188,0, ,0, ,1, ,12.1, ,54.9, ,82, ,49.6, ,1.6, ,48, ,68, 
211,7/7/2014,0600,188,0, ,0, ,53, ,12, ,54, ,84, ,49.4, ,3.1, ,144, ,67.7, 
211,7/7/2014,0700,188,0, ,0, ,140, ,12.7, ,55, ,86, ,50.8, ,3.8, ,123, ,67.6, 
211,7/7/2014,0800,188,0.01, ,0, ,904, ,13.9, ,60, ,78, ,53.3, ,5.4, ,134, ,67.4, 
211,7/7/2014,0900,188,0.02, ,0, ,1401, ,14.5, ,67.2, ,64, ,54.6, ,4.1, ,135, ,67.4, 
211,7/7/2014,1000,188,0.02, ,0, ,1607, ,14.8, ,73.5, ,53, ,55.1, ,4.7, ,148, ,67.6, 
211,7/7/2014,1100,188,0.02, ,0, ,1597, ,12.9, ,79.7, ,37, ,51.2, ,4.7, ,134, ,68, 
211,7/7/2014,1200,188,0.01, ,0, ,716, ,11.9, ,82.2, ,32, ,49.1, ,5.8, ,119, ,68.5, 
211,7/7/2014,1300,188,0.01, ,0, ,806, ,12.1, ,81.1, ,33, ,49.5, ,6.7, ,138, ,68.8, 
211,7/7/2014,1400,188,0.03, ,0, ,1728, ,12.9, ,83.1, ,33, ,51.4, ,7.6, ,121, ,69, 
211,7/7/2014,1500,188,0.03, ,0, ,1699, ,13.8, ,84, ,35, ,53.2, ,8.2, ,133, ,69.2, 
211,7/7/2014,1600,188,0.02, ,0, ,1190, ,14.7, ,80.9, ,41, ,54.9, ,7.7, ,122, ,69.5, 
211,7/7/2014,1700,188,0.02, ,0, ,1061, ,14.8, ,76.8, ,47, ,55.1, ,9, ,128, ,69.6, 
211,7/7/2014,1800,188,0.01, ,0, ,671, ,14.5, ,73.8, ,51, ,54.5, ,8.1, ,130, ,69.6, 
211,7/7/2014,1900,188,0, ,0, ,155, ,14.1, ,66.6, ,63, ,53.7, ,8.4, ,127, ,69.6, 
211,7/7/2014,2000,188,0, ,0, ,20, ,13.6, ,59.9, ,77, ,52.7, ,7.8, ,129, ,69.4, 
211,7/7/2014,2100,188,0, ,0, ,0, ,13.5, ,57.1, ,84, ,52.5, ,7.3, ,148, ,69.2, 
211,7/7/2014,2200,188,0, ,0, ,0, ,13.4, ,56.5, ,86, ,52.4, ,5.5, ,145, ,68.9, 
211,7/7/2014,2300,188,0, ,0, ,0, ,13.5, ,56.1, ,88, ,52.5, ,4.7, ,133, ,68.7, 
211,7/7/2014,2400,188,0, ,0, ,0, ,13.4, ,55.5, ,89, ,52.3, ,3.8, ,121, ,68.4, 
211,7/8/2014,0100,189,0, ,0, ,0, ,13.2, ,55.2, ,89, ,52, ,5.5, ,138, ,68.2, 
211,7/8/2014,0200,189,0, ,0, ,0, ,13, ,54.7, ,89, ,51.5, ,6.8, ,135, ,68, 
211,7/8/2014,0300,189,0, ,0, ,0, ,12.8, ,54.2, ,89, ,51.1, ,6.8, ,124, ,67.9, 
211,7/8/2014,0400,189,0, ,0, ,0, ,12.8, ,53.6, ,91, ,51.1, ,6.4, ,124, ,67.7, 
211,7/8/2014,0500,189,0, ,0, ,1, ,12.5, ,52.9, ,92, ,50.6, ,6.9, ,131, ,67.5, 
211,7/8/2014,0600,189,0, ,0, ,43, ,12.6, ,52.8, ,92, ,50.7, ,7.2, ,143, ,67.3, 
211,7/8/2014,0700,189,0, ,0, ,441, ,13.1, ,55.1, ,89, ,51.8, ,7.8, ,141, ,67.2, 
211,7/8/2014,0800,189,0.01, ,0, ,472, ,13.4, ,55.7, ,89, ,52.4, ,8.8, ,145, ,67, 
211,7/8/2014,0900,189,0.01, ,0, ,1071, ,14.3, ,59, ,84, ,54.2, ,8.7, ,147, ,66.9, 
211,7/8/2014,1000,189,0.02, ,0, ,1378, ,15.3, ,62.3, ,80, ,56.1, ,6.8, ,130, ,66.9, 
211,7/8/2014,1100,189,0.02, ,0, ,1759, ,16.3, ,67.7, ,71, ,57.8, ,6, ,131, ,67.2, 
211,7/8/2014,1200,189,0.03, ,0, ,1914, ,17.1, ,73.4, ,61, ,59.1, ,5.9, ,127, ,67.9, 
211,7/8/2014,1300,189,0.03, ,0, ,1941, ,16.4, ,76.6, ,52, ,57.9, ,7.5, ,137, ,69.2, 
211,7/8/2014,1400,189,0.03, ,0, ,1840, ,15.8, ,77.8, ,49, ,56.9, ,6, ,118, ,70.7, 
211,7/8/2014,1500,189,0.03, ,0, ,1646, ,15.6, ,79, ,46, ,56.5, ,5.9, ,117, ,71.7, 
211,7/8/2014,1600,189,0.02, ,0, ,1375, ,14.6, ,79.3, ,43, ,54.7, ,4.8, ,232, ,72.2, 
211,7/8/2014,1700,189,0.02, ,0, ,1038, ,14.5, ,74.6, ,50, ,54.6, ,8.8, ,172, ,72.4, 
211,7/8/2014,1800,189,0.01, ,0, ,665, ,14.9, ,69.7, ,60, ,55.3, ,8.6, ,149, ,72.3, 
211,7/8/2014,1900,189,0, ,0, ,301, ,14.4, ,64.9, ,68, ,54.3, ,7.7, ,135, ,72.1, 
211,7/8/2014,2000,189,0, ,0, ,24, ,13.8, ,59.4, ,80, ,53.2, ,6.3, ,122, ,71.7, 
211,7/8/2014,2100,189,0, ,0, ,0, ,13.7, ,57.3, ,85, ,52.9, ,6.8, ,128, ,71.3, 
211,7/8/2014,2200,189,0, ,0, ,0, ,13.7, ,56.3, ,88, ,52.9, ,7.9, ,147, ,70.8, 
211,7/8/2014,2300,189,0, ,0, ,0, ,13.6, ,55.7, ,90, ,52.8, ,6.4, ,135, ,70.4, 
211,7/8/2014,2400,189,0, ,0, ,0, ,13.9, ,55.6, ,92, ,53.3, ,7.9, ,148, ,70, 
211,7/9/2014,0100,190,0, ,0, ,0, ,14, ,55.8, ,92, ,53.5, ,7.3, ,139, ,69.7, 
211,7/9/2014,0200,190,0, ,0, ,0, ,13.9, ,55.5, ,92, ,53.3, ,6.3, ,132, ,69.4, 
211,7/9/2014,0300,190,0, ,0, ,0, ,13.8, ,55.3, ,92, ,53.1, ,6.1, ,128, ,69.1, 
211,7/9/2014,0400,190,0, ,0, ,0, ,13.4, ,55.3, ,90, ,52.4, ,5.4, ,124, ,68.9, 
211,7/9/2014,0500,190,0, ,0, ,1, ,13.3, ,54.5, ,91, ,52.1, ,4.7, ,125, ,68.7, 
211,7/9/2014,0600,190,0, ,0, ,51, ,13.6, ,55.3, ,91, ,52.8, ,5.8, ,126, ,68.5, 
211,7/9/2014,0700,190,0, ,0, ,226, ,13.8, ,56.9, ,87, ,53.2, ,5, ,131, ,68.3, 
211,7/9/2014,0800,190,0.01, ,0, ,566, ,14.2, ,58.6, ,84, ,53.9, ,5.8, ,134, ,68.1, 
211,7/9/2014,0900,190,0.01, ,0, ,1233, ,15.1, ,62.3, ,79, ,55.6, ,6.6, ,117, ,68, 
211,7/9/2014,1000,190,0.02, ,0, ,1532, ,15.8, ,67.4, ,69, ,56.8, ,6.7, ,105, ,68.1, 
211,7/9/2014,1100,190,0.02, ,0, ,1764, ,16.3, ,71.3, ,62, ,57.7, ,6.4, ,114, ,68.3, 
211,7/9/2014,1200,190,0.03, ,0, ,1889, ,16.4, ,73.9, ,58, ,58, ,5.6, ,149, ,68.8, 
211,7/9/2014,1300,190,0.03, ,0, ,1927, ,16.7, ,75.7, ,55, ,58.4, ,6, ,141, ,69.5, 
211,7/9/2014,1400,190,0.03, ,0, ,1842, ,16.3, ,75.9, ,53, ,57.7, ,7.1, ,135, ,70.3, 
211,7/9/2014,1500,190,0.03, ,0, ,1650, ,16.1, ,75.8, ,53, ,57.5, ,7.7, ,135, ,71, 
211,7/9/2014,1600,190,0.02, ,0, ,1370, ,15.8, ,75, ,53, ,56.9, ,7, ,115, ,71.5, 
211,7/9/2014,1700,190,0.02, ,0, ,1031, ,15.6, ,73.7, ,55, ,56.6, ,7.4, ,119, ,71.6, 
211,7/9/2014,1800,190,0.01, ,0, ,663, ,15.1, ,71.2, ,58, ,55.7, ,6, ,146, ,71.6, 
211,7/9/2014,1900,190,0, ,0, ,303, ,14.7, ,66.3, ,66, ,54.8, ,5.1, ,135, ,71.4, 
211,7/9/2014,2000,190,0, ,0, ,25, ,14, ,60.5, ,78, ,53.6, ,5.2, ,123, ,71.2, 
211,7/9/2014,2100,190,0, ,0, ,0, ,13.8, ,58.4, ,83, ,53.2, ,5.3, ,145, ,70.9, 
211,7/9/2014,2200,190,0, ,0, ,0, ,14, ,57.8, ,86, ,53.5, ,5.6, ,151, ,70.5, 
211,7/9/2014,2300,190,0, ,0, ,0, ,13.9, ,57.4, ,87, ,53.4, ,5.9, ,146, ,70.2, 
211,7/9/2014,2400,190,0, ,0, ,0, ,14.1, ,58.3, ,85, ,53.7, ,4.2, ,129, ,--,M
211,7/10/2014,0100,191,0, ,0, ,0, ,14, ,58.5, ,84, ,53.6, ,4.2, ,130, ,--,M
211,7/10/2014,0200,191,0, ,0, ,0, ,14.1, ,58.4, ,84, ,53.7, ,5.1, ,143, ,--,M
211,7/10/2014,0300,191,0, ,0, ,0, ,14, ,58, ,85, ,53.6, ,4.7, ,130, ,--,M
211,7/10/2014,0400,191,0, ,0, ,0, ,14, ,58, ,85, ,53.5, ,4.9, ,146, ,--,M
211,7/10/2014,0500,191,0, ,0, ,1, ,14, ,57.5, ,86, ,53.5, ,3.9, ,137, ,--,M
211,7/10/2014,0600,191,0, ,0, ,54, ,14, ,58, ,85, ,53.5, ,3.7, ,132, ,--,M
211,7/10/2014,0700,191,0, ,0, ,350, ,14.2, ,59.3, ,83, ,54, ,6.1, ,171, ,--,M
211,7/10/2014,0800,191,0.01, ,0, ,477, ,14.4, ,60.2, ,81, ,54.3, ,6.5, ,157, ,--,M
211,7/10/2014,0900,191,0.01, ,0, ,944, ,14.7, ,62.7, ,76, ,54.9, ,4.4, ,88, ,--,M
211,7/10/2014,1000,191,0.02, ,0, ,1539, ,15.6, ,66.4, ,70, ,56.5, ,4.4, ,112, ,--,S
211,7/10/2014,1100,191,0.02, ,0, ,1747, ,16, ,69.4, ,65, ,57.2, ,5.2, ,150, ,--,S
211,7/10/2014,1200,191,0.02, ,0, ,1788, ,16.4, ,72.4, ,60, ,57.9, ,3.8, ,350, ,--,S
211,7/10/2014,1300,191,0.03, ,0, ,1894, ,16.2, ,74.8, ,55, ,57.5, ,5.2, ,278, ,--,S
211,7/10/2014,1400,191,0.03, ,0, ,1821, ,15.5, ,74.7, ,53, ,56.3, ,9, ,274, ,--,S
211,7/10/2014,1500,191,0.03, ,0, ,1634, ,15.3, ,74.4, ,53, ,56, ,8.8, ,279, ,--,S
211,7/10/2014,1600,191,0.02, ,0, ,1356, ,15.2, ,74.9, ,51, ,55.8, ,6.9, ,281, ,--,S
211,7/10/2014,1700,191,0.02, ,0, ,1018, ,14.8, ,74.3, ,51, ,55.1, ,6.5, ,268, ,--,S
211,7/10/2014,1800,191,0.01, ,0, ,655, ,14.7, ,70.7, ,57, ,54.8, ,6.9, ,266, ,--,S
211,7/10/2014,1900,191,0, ,0, ,290, ,14.5, ,67.2, ,64, ,54.4, ,5.9, ,260, ,--,S
211,7/10/2014,2000,191,0, ,0, ,25, ,14.2, ,62.6, ,74, ,54, ,3.6, ,285, ,--,S
211,7/10/2014,2100,191,0, ,0, ,0, ,14.2, ,59.5, ,82, ,54, ,3.3, ,37, ,--,S
211,7/10/2014,2200,191,0, ,0, ,0, ,14, ,58.6, ,83, ,53.6, ,1.7, ,80, ,--,S
211,7/10/2014,2300,191,0, ,0, ,0, ,13.7, ,56.7, ,87, ,52.9, ,2.5, ,331, ,--,S
211,7/10/2014,2400,191,0, ,0, ,0, ,14.4, ,59, ,85, ,54.4, ,3.7, ,143, ,--,S
211,7/11/2014,0100,192,0, ,0, ,0, ,14.7, ,59.1, ,86, ,54.9, ,4.7, ,138, ,--,S
211,7/11/2014,0200,192,0, ,0, ,0, ,14.6, ,59.7, ,83, ,54.6, ,3.2, ,258, ,--,S
211,7/11/2014,0300,192,0, ,0, ,0, ,14.4, ,59.5, ,83, ,54.4, ,3.2, ,273, ,--,S
211,7/11/2014,0400,192,0, ,0, ,0, ,14.5, ,59.5, ,83, ,54.4, ,2, ,157, ,--,S
211,7/11/2014,0500,192,0, ,0, ,0, ,14.5, ,59.3, ,84, ,54.4, ,2.9, ,176, ,--,S
211,7/11/2014,0600,192,0, ,0, ,29, ,14.4, ,58.6, ,86, ,54.4, ,3.7, ,191, ,--,M
211,7/11/2014,0700,192,0, ,0, ,194, ,14.6, ,58.9, ,86, ,54.8, ,5.2, ,178, ,--,M
211,7/11/2014,0800,192,0, ,0, ,405, ,14.6, ,59.2, ,85, ,54.8, ,5.6, ,189, ,--,M
211,7/11/2014,0900,192,0.01, ,0, ,778, ,14.8, ,60.9, ,81, ,55.1, ,5.8, ,189, ,--,M
211,7/11/2014,1000,192,0.02, ,0, ,1239, ,14.9, ,63.3, ,75, ,55.3, ,6.3, ,185, ,--,M
211,7/11/2014,1100,192,0.02, ,0, ,1772, ,15.3, ,66.2, ,70, ,56, ,5.9, ,165, ,--,S
211,7/11/2014,1200,192,0.03, ,0, ,1883, ,15.7, ,69.5, ,64, ,56.7, ,4.9, ,100, ,--,S
211,7/11/2014,1300,192,0.03, ,0, ,1912, ,16.2, ,73.8, ,57, ,57.6, ,6.4, ,124, ,--,S
211,7/11/2014,1400,192,0.03, ,0, ,1828, ,16, ,76.1, ,52, ,57.3, ,5.6, ,132, ,--,S
211,7/11/2014,1500,192,0.03, ,0, ,1635, ,15.8, ,78.5, ,47, ,56.8, ,6.7, ,145, ,--,M
211,7/11/2014,1600,192,0.02, ,0, ,1354, ,15.6, ,79.4, ,45, ,56.5, ,5.4, ,202, ,--,M
211,7/11/2014,1700,192,0.02, ,0, ,1014, ,15, ,76.5, ,48, ,55.3, ,7, ,139, ,--,M
211,7/11/2014,1800,192,0.01, ,0, ,644, ,15.6, ,73.8, ,55, ,56.5, ,5.9, ,109, ,--,M
211,7/11/2014,1900,192,0, ,0, ,284, ,15.4, ,69, ,64, ,56.1, ,5.4, ,112, ,--,M
211,7/11/2014,2000,192,0, ,0, ,22, ,14.7, ,63.7, ,73, ,54.9, ,5.5, ,65, ,--,M
211,7/11/2014,2100,192,0, ,0, ,0, ,14.5, ,60.6, ,81, ,54.6, ,4.8, ,75, ,--,S
211,7/11/2014,2200,192,0, ,0, ,0, ,14.5, ,59.2, ,84, ,54.4, ,3.4, ,111, ,--,S
211,7/11/2014,2300,192,0, ,0, ,0, ,14.3, ,58.1, ,86, ,54.1, ,2.8, ,121, ,--,S
211,7/11/2014,2400,192,0, ,0, ,0, ,13.9, ,57, ,88, ,53.4, ,2, ,126, ,--,S
211,7/12/2014,0100,193,0, ,0, ,0, ,13.6, ,55.9, ,90, ,52.8, ,3, ,140, ,--,S
211,7/12/2014,0200,193,0, ,0, ,0, ,13.9, ,56.2, ,90, ,53.4, ,1.7, ,127, ,--,S
211,7/12/2014,0300,193,0, ,0, ,0, ,14.4, ,57.7, ,89, ,54.3, ,2.4, ,147, ,--,S
211,7/12/2014,0400,193,0, ,0, ,0, ,14.5, ,58.8, ,86, ,54.5, ,2.1, ,227, ,--,S
211,7/12/2014,0500,193,0, ,0, ,0, ,14.7, ,59.5, ,84, ,54.8, ,2.8, ,338, ,--,S
211,7/12/2014,0600,193,0, ,0, ,28, ,14.7, ,59.8, ,84, ,54.8, ,4.4, ,334, ,--,S
211,7/12/2014,0700,193,0, ,0, ,161, ,14.7, ,60.6, ,81, ,54.8, ,5.9, ,331, ,--,S
211,7/12/2014,0800,193,0.01, ,0, ,460, ,14.8, ,62.1, ,78, ,55.1, ,7.2, ,302, ,--,M
211,7/12/2014,0900,193,0.01, ,0, ,1133, ,15.2, ,64.8, ,73, ,55.9, ,6.9, ,305, ,--,M
211,7/12/2014,1000,193,0.02, ,0, ,1500, ,15.9, ,68.8, ,66, ,57.1, ,5.3, ,318, ,--,M
211,7/12/2014,1100,193,0.02, ,0, ,1745, ,16, ,72.9, ,58, ,57.3, ,5.8, ,332, ,--,M
211,7/12/2014,1200,193,0.03, ,0, ,1885, ,16.2, ,77.2, ,51, ,57.6, ,6.6, ,324, ,--,M
211,7/12/2014,1300,193,0.03, ,0, ,1904, ,16.5, ,80.8, ,46, ,58.1, ,6.8, ,326, ,--,M
211,7/12/2014,1400,193,0.03, ,0, ,1819, ,16.2, ,83.4, ,41, ,57.5, ,7.2, ,333, ,--,M
211,7/12/2014,1500,193,0.03, ,0, ,1626, ,17, ,84.2, ,42, ,58.8, ,9, ,333, ,--,M
211,7/12/2014,1600,193,0.02, ,0, ,1343, ,17, ,81.4, ,46, ,58.9, ,7.6, ,114, ,--,M
211,7/12/2014,1700,193,0.02, ,0, ,1000, ,16.7, ,78.2, ,51, ,58.5, ,6.6, ,139, ,--,M
211,7/12/2014,1800,193,0.01, ,0, ,623, ,16, ,72.5, ,59, ,57.2, ,8.9, ,146, ,--,M
211,7/12/2014,1900,193,0, ,0, ,268, ,15.4, ,68.8, ,64, ,56.1, ,5.2, ,119, ,--,M
211,7/12/2014,2000,193,0, ,0, ,20, ,14.6, ,63.1, ,74, ,54.7, ,5.3, ,123, ,--,M
211,7/12/2014,2100,193,0, ,0, ,0, ,14.2, ,60.2, ,80, ,54, ,3.9, ,111, ,--,S
211,7/12/2014,2200,193,0, ,0, ,0, ,14, ,58.6, ,83, ,53.5, ,3.6, ,99, ,--,S
211,7/12/2014,2300,193,0, ,0, ,0, ,14.5, ,59.6, ,83, ,54.5, ,5.5, ,339, ,--,S
211,7/12/2014,2400,193,0, ,0, ,0, ,14.3, ,58.7, ,85, ,54.1, ,4.8, ,322, ,--,S
211,7/13/2014,0100,194,0, ,0, ,0, ,14, ,57.1, ,87, ,53.5, ,3.7, ,331, ,--,S
211,7/13/2014,0200,194,0, ,0, ,0, ,14.1, ,56.7, ,90, ,53.6, ,6.2, ,337, ,--,S
211,7/13/2014,0300,194,0, ,0, ,0, ,13.9, ,56.1, ,90, ,53.3, ,5.3, ,325, ,--,S
211,7/13/2014,0400,194,0, ,0, ,0, ,13.9, ,55.9, ,91, ,53.4, ,5.2, ,318, ,--,S
211,7/13/2014,0500,194,0, ,0, ,1, ,14.4, ,57.2, ,90, ,54.3, ,7.2, ,325, ,--,S
211,7/13/2014,0600,194,0, ,0, ,33, ,14.4, ,57.9, ,88, ,54.4, ,8.4, ,327, ,--,S
211,7/13/2014,0700,194,0, ,0, ,215, ,14.6, ,58.7, ,86, ,54.7, ,7.1, ,336, ,--,M
211,7/13/2014,0800,194,0.01, ,0, ,892, ,15.3, ,62.4, ,79, ,56, ,7.4, ,326, ,--,M
211,7/13/2014,0900,194,0.02, ,0, ,1194, ,15.8, ,65.5, ,74, ,56.9, ,6.6, ,321, ,--,M
211,7/13/2014,1000,194,0.02, ,0, ,1505, ,16.5, ,70.6, ,64, ,58, ,6, ,330, ,--,M
211,7/13/2014,1100,194,0.02, ,0, ,1662, ,16.7, ,75.6, ,55, ,58.4, ,6, ,322, ,--,M
211,7/13/2014,1200,194,0.03, ,0, ,1865, ,16.8, ,81, ,47, ,58.6, ,6.7, ,315, ,--,M
211,7/13/2014,1300,194,0.03, ,0, ,1733, ,16.2, ,84.3, ,40, ,57.5, ,9.2, ,322, ,--,M
211,7/13/2014,1400,194,0.03, ,0, ,1790, ,16.2, ,85.9, ,38, ,57.5, ,11.8, ,326, ,--,M
211,7/13/2014,1500,194,0.03, ,0, ,1649, ,16.5, ,87.1, ,38, ,58.1, ,12.8, ,325, ,--,M
211,7/13/2014,1600,194,0.03, ,0, ,1353, ,15.9, ,87.1, ,36, ,57, ,12.8, ,321, ,--,M
211,7/13/2014,1700,194,0.02, ,0, ,1119, ,15.1, ,86.8, ,35, ,55.6, ,13.1, ,327, ,--,M
211,7/13/2014,1800,194,0.01, ,0, ,467, ,15.1, ,84.3, ,38, ,55.6, ,9.9, ,324, ,--,M
211,7/13/2014,1900,194,0.01,Y,0, ,209, ,15.3, ,81.5,Y,42,Y,56,Y,10.1, ,323, ,--,M
211,7/13/2014,2000,194,0,R,0, ,14, ,15.5, ,78.1,R,47,R,56.3,R,6.7, ,323, ,--,M
211,7/13/2014,2100,194,0,Y,0, ,0, ,15.1, ,69.6,Y,61,Y,55.7,Y,2.8, ,124, ,--,M
211,7/13/2014,2200,194,0,Y,0, ,0, ,14.8, ,66.6,Y,66,Y,55.1,Y,2.9, ,134, ,--,M
211,7/13/2014,2300,194,0,Y,0, ,0, ,14.7, ,64.3,Y,71,Y,54.8,Y,1.4, ,104, ,--,M
211,7/13/2014,2400,194,0, ,0, ,0, ,14.5, ,62.9, ,74, ,54.6, ,2.1, ,308, ,--,S
211,7/14/2014,0100,195,0, ,0, ,0, ,14.3, ,62.3, ,75, ,54.2, ,1.4, ,328, ,--,S
211,7/14/2014,0200,195,0, ,0, ,0, ,14.6, ,61.6, ,78, ,54.7, ,2, ,293, ,--,S
211,7/14/2014,0300,195,0, ,0, ,0, ,13.7, ,59.2, ,80, ,53, ,1.6, ,151, ,--,S
211,7/14/2014,0400,195,0, ,0, ,0, ,13.4, ,57.6, ,82, ,52.3, ,1.2, ,31, ,--,S
211,7/14/2014,0500,195,0, ,0, ,1, ,13.4, ,56.8, ,85, ,52.3, ,1.1, ,102, ,--,S
211,7/14/2014,0600,195,0, ,0, ,104, ,13.6, ,57.3, ,85, ,52.7, ,1.8, ,84, ,--,M
211,7/14/2014,0700,195,0.01, ,0, ,438, ,15.1, ,63, ,77, ,55.6, ,3.9, ,124, ,--,M
211,7/14/2014,0800,195,0.01, ,0, ,802, ,16.2, ,67.8, ,70, ,57.6, ,4.9, ,117, ,--,M
211,7/14/2014,0900,195,0.02, ,0, ,1105, ,16.5, ,71.6, ,62, ,58, ,7, ,123, ,--,M
211,7/14/2014,1000,195,0.02, ,0, ,1038, ,16.7, ,73.3, ,60, ,58.4, ,7.2, ,130, ,--,M
211,7/14/2014,1100,195,0.02, ,0, ,1150, ,16.5, ,74.7, ,56, ,58.1, ,9, ,138, ,--,M
211,7/14/2014,1200,195,0.02, ,0, ,1257, ,16.6, ,74.5, ,57, ,58.2, ,9.4, ,154, ,--,M
211,7/14/2014,1300,195,0.01, ,0, ,401, ,16, ,73.1, ,58, ,57.3, ,7, ,147, ,--,M
211,7/14/2014,1400,195,0.01, ,0, ,546, ,16.1, ,71, ,62, ,57.4, ,8.5, ,150, ,--,M
211,7/14/2014,1500,195,0.01, ,0, ,444, ,16.5, ,71.3, ,63, ,58.1, ,7.3, ,106, ,--,M
211,7/14/2014,1600,195,0.01, ,0, ,445, ,16.6, ,70, ,66, ,58.2, ,7.6, ,137, ,--,M
211,7/14/2014,1700,195,0.01, ,0, ,328, ,16.7, ,69.3, ,68, ,58.4, ,6.2, ,128, ,--,M
211,7/14/2014,1800,195,0.01, ,0, ,335, ,16.8, ,68.8, ,70, ,58.5, ,6.1, ,120, ,--,M
211,7/14/2014,1900,195,0, ,0, ,248, ,16.8, ,69.2, ,69, ,58.5, ,5.2, ,133, ,--,M
211,7/14/2014,2000,195,0, ,0, ,11, ,16.2, ,66.7, ,73, ,57.6, ,5.2, ,131, ,--,M
211,7/14/2014,2100,195,0, ,0, ,0, ,15.7, ,63.5, ,78, ,56.6, ,4.5, ,138, ,--,M
211,7/14/2014,2200,195,0, ,0, ,0, ,15.5, ,62.7, ,80, ,56.4, ,6.1, ,142, ,--,M
211,7/14/2014,2300,195,0, ,0, ,0, ,15.8, ,63.9, ,78, ,56.9, ,8.4, ,149, ,--,M
211,7/14/2014,2400,195,0, ,0, ,0, ,15.6, ,62.2, ,82, ,56.6, ,8, ,147, ,--,M
211,7/15/2014,0100,196,0, ,0, ,0, ,15.8, ,62.3, ,82, ,56.8, ,5.1, ,149, ,--,S
211,7/15/2014,0200,196,0,Y,0, ,0, ,15.8, ,62.4,Y,82,Y,56.9,Y,5, ,139, ,--,S
211,7/15/2014,0300,196,0, ,0, ,0, ,15.4, ,61, ,84, ,56.1, ,4, ,119, ,--,S
211,7/15/2014,0400,196,0, ,0, ,0, ,15.4, ,61, ,84, ,56.1, ,5.8, ,139, ,--,S
211,7/15/2014,0500,196,0, ,0, ,0, ,15.2, ,60.5, ,85, ,55.8, ,5.6, ,124, ,--,S
211,7/15/2014,0600,196,0, ,0, ,32, ,15.4, ,60.5, ,86, ,56.2, ,5.9, ,139, ,--,S
211,7/15/2014,0700,196,0, ,0, ,204, ,15.8, ,61.3, ,85, ,56.8, ,6.6, ,139, ,--,M
211,7/15/2014,0800,196,0, ,0, ,367, ,16.5, ,63.6, ,82, ,58.1, ,7.1, ,136, ,--,M
211,7/15/2014,0900,196,0.02, ,0, ,1177, ,18.1, ,69.5, ,74, ,60.7, ,4.9, ,136, ,--,M
211,7/15/2014,1000,196,0.02, ,0, ,1207, ,19.2, ,73.9, ,67, ,62.3, ,3.1, ,100, ,--,M
211,7/15/2014,1100,196,0.02, ,0, ,1603, ,19.8, ,76.8, ,63, ,63.2, ,4.4, ,135, ,--,M
211,7/15/2014,1200,196,0.03, ,0, ,1972, ,20.3, ,81.4, ,56, ,64, ,4.1, ,0, ,--,M
211,7/15/2014,1300,196,0.03, ,0, ,1846, ,20.5, ,83.5, ,52, ,64.2, ,6.5, ,318, ,--,M
211,7/15/2014,1400,196,0.03, ,0, ,1704, ,19.2, ,84.3, ,48, ,62.3, ,8.2, ,273, ,--,M
211,7/15/2014,1500,196,0.03, ,0, ,1509, ,19, ,83.6, ,48, ,62, ,8.8, ,267, ,--,M
211,7/15/2014,1600,196,0.02, ,0, ,874, ,18, ,81.9, ,49, ,60.6, ,10.1, ,271, ,--,M
211,7/15/2014,1700,196,0.01, ,0, ,508, ,17.1, ,78.9, ,51, ,59.1, ,8.8, ,269, ,--,M
211,7/15/2014,1800,196,0.01, ,0, ,280, ,17.2, ,76.4, ,55, ,59.2, ,5.7, ,200, ,--,M
211,7/15/2014,1900,196,0, ,0, ,180, ,17.5, ,73.6, ,62, ,59.7, ,4.4, ,106, ,--,M
211,7/15/2014,2000,196,0, ,0, ,10, ,17.5, ,68.3, ,74, ,59.7, ,5.1, ,105, ,--,M
211,7/15/2014,2100,196,0, ,0, ,0, ,17.3, ,65.4, ,81, ,59.4, ,5.5, ,112, ,--,S
211,7/15/2014,2200,196,0, ,0, ,0, ,17.3, ,64.1, ,85, ,59.4, ,5.5, ,115, ,--,S
211,7/15/2014,2300,196,0, ,0, ,0, ,17.2, ,63.4, ,87, ,59.3, ,6.3, ,123, ,--,S
211,7/15/2014,2400,196,0, ,0, ,0, ,17.1, ,62.4, ,89, ,59, ,5.8, ,123, ,--,S
211,7/16/2014,0100,197,0, ,0, ,0, ,16.9, ,61.6, ,90, ,58.8, ,5.4, ,123, ,--,S
211,7/16/2014,0200,197,0, ,0, ,0, ,16.8, ,61.1, ,92, ,58.6, ,5.3, ,120, ,--,S
211,7/16/2014,0300,197,0, ,0, ,0, ,16.8, ,60.9, ,92, ,58.6, ,5.5, ,120, ,--,S
211,7/16/2014,0400,197,0, ,0, ,0, ,16.7, ,61, ,91, ,58.4, ,2.8, ,98, ,--,S
211,7/16/2014,0500,197,0,Y,0, ,0, ,16.8, ,62.1,Y,88,Y,58.6,Y,2.9, ,128, ,--,S
211,7/16/2014,0600,197,0,Y,0, ,33, ,16.7, ,62.1,Y,88,Y,58.4,Y,2.3, ,128, ,--,S
211,7/16/2014,0700,197,0, ,0, ,230, ,16.9, ,63.5, ,85, ,58.7, ,3.8, ,130, ,--,M
211,7/16/2014,0800,197,0.01, ,0, ,634, ,16.9, ,66.4, ,76, ,58.7, ,3.9, ,176, ,--,M
211,7/16/2014,0900,197,0.01, ,0, ,888, ,16.9, ,67.2, ,74, ,58.7, ,4.7, ,228, ,--,M
211,7/16/2014,1000,197,0.02, ,0, ,1485, ,17.4, ,70.2, ,69, ,59.6, ,4.5, ,198, ,--,M
211,7/16/2014,1100,197,0.02, ,0, ,1710, ,18.1, ,71.9, ,68, ,60.7, ,6.5, ,144, ,--,M
211,7/16/2014,1200,197,0.03, ,0, ,1844, ,17.8, ,73.2, ,64, ,60.3, ,7.7, ,153, ,--,M
211,7/16/2014,1300,197,0.03, ,0, ,1846, ,17.4, ,75.8, ,57, ,59.5, ,6.8, ,182, ,--,M
211,7/16/2014,1400,197,0.03, ,0, ,1772, ,17, ,77.2, ,53, ,58.8, ,5.9, ,273, ,--,M
211,7/16/2014,1500,197,0.02, ,0, ,1576, ,17.5, ,77.5, ,54, ,59.8, ,8.4, ,276, ,--,M
211,7/16/2014,1600,197,0.02, ,0, ,1296, ,17.8, ,77, ,56, ,60.2, ,8.5, ,276, ,--,M
211,7/16/2014,1700,197,0.01, ,0, ,963, ,17.6, ,75.2, ,59, ,59.9, ,6.6, ,258, ,--,M
211,7/16/2014,1800,197,0.01, ,0, ,598, ,17.3, ,72.6, ,63, ,59.4, ,5.9, ,224, ,--,M
211,7/16/2014,1900,197,0, ,0, ,246, ,16.8, ,69.7, ,68, ,58.6, ,5.3, ,271, ,--,M
211,7/16/2014,2000,197,0, ,0, ,15, ,16.3, ,66.5, ,73, ,57.7, ,3.9, ,322, ,--,M
211,7/16/2014,2100,197,0, ,0, ,0, ,15.7, ,63.5, ,79, ,56.7, ,3.7, ,18, ,--,S
211,7/16/2014,2200,197,0, ,0, ,0, ,15.1, ,62.7, ,78, ,55.7, ,3.5, ,65, ,--,S
211,7/16/2014,2300,197,0, ,0, ,0, ,14.8, ,61.3, ,80, ,55, ,3.1, ,90, ,--,S
211,7/16/2014,2400,197,0, ,0, ,0, ,14.7, ,60.4, ,82, ,54.8, ,3.9, ,116, ,--,S
211,7/17/2014,0100,198,0, ,0, ,0, ,14.9, ,59.3, ,86, ,55.2, ,4.6, ,119, ,--,S
211,7/17/2014,0200,198,0, ,0, ,0, ,14.9, ,58.2, ,90, ,55.2, ,3.5, ,115, ,--,S
211,7/17/2014,0300,198,0, ,0, ,0, ,14.8, ,57.6, ,91, ,55, ,3.8, ,105, ,--,S
211,7/17/2014,0400,198,0, ,0, ,0, ,14.8, ,57.5, ,92, ,55.1, ,3.4, ,107, ,--,S
211,7/17/2014,0500,198,0, ,0, ,1, ,14.8, ,57.5, ,92, ,55.1, ,3.2, ,102, ,--,S
211,7/17/2014,0600,198,0, ,0, ,71, ,15, ,57.6, ,92, ,55.4, ,3.4, ,125, ,--,M
211,7/17/2014,0700,198,0, ,0, ,443, ,15.7, ,59.5, ,91, ,56.8, ,4.5, ,130, ,--,M
211,7/17/2014,0800,198,0.01, ,0, ,782, ,16.3, ,62.3, ,85, ,57.7, ,5.2, ,128, ,--,M
211,7/17/2014,0900,198,0.01, ,0, ,1146, ,16.9, ,66.3, ,77, ,58.7, ,5.3, ,123, ,--,M
211,7/17/2014,1000,198,0.02, ,0, ,1464, ,17.2, ,69.4, ,70, ,59.2, ,5.5, ,150, ,--,M
211,7/17/2014,1100,198,0.02, ,0, ,1708, ,17.1, ,72.2, ,63, ,59.1, ,4.6, ,283, ,--,M
211,7/17/2014,1200,198,0.03, ,0, ,1861, ,16.3, ,74.5, ,56, ,57.7, ,6.6, ,267, ,--,M
211,7/17/2014,1300,198,0.03, ,0, ,1883, ,16.1, ,75.7, ,53, ,57.4, ,8.8, ,278, ,--,S
211,7/17/2014,1400,198,0.03, ,0, ,1825, ,16.2, ,76.8, ,52, ,57.6, ,7.6, ,252, ,--,S
211,7/17/2014,1500,198,0.02, ,0, ,1138, ,16.1, ,75.4, ,54, ,57.4, ,6.9, ,224, ,--,S
211,7/17/2014,1600,198,0.02, ,0, ,1106, ,16.1, ,75.5, ,53, ,57.4, ,5, ,204, ,--,M
211,7/17/2014,1700,198,0.01, ,0, ,927, ,16, ,75.7, ,53, ,57.2, ,5.3, ,246, ,--,M
211,7/17/2014,1800,198,0.01, ,0, ,642, ,16.1, ,72.2, ,59, ,57.3, ,6.2, ,281, ,--,M
211,7/17/2014,1900,198,0, ,0, ,293, ,16, ,69.3, ,66, ,57.3, ,5.6, ,292, ,--,M
211,7/17/2014,2000,198,0, ,0, ,19, ,15.9, ,65.1, ,75, ,57.1, ,4.5, ,81, ,--,S
211,7/17/2014,2100,198,0, ,0, ,0, ,15.6, ,61.9, ,83, ,56.5, ,4.5, ,32, ,--,S
211,7/17/2014,2200,198,0, ,0, ,0, ,15.4, ,61, ,84, ,56.2, ,3.7, ,110, ,--,S
211,7/17/2014,2300,198,0, ,0, ,0, ,15.2, ,59.8, ,87, ,55.8, ,3.3, ,112, ,--,S
211,7/17/2014,2400,198,0, ,0, ,0, ,15, ,59, ,88, ,55.5, ,2.8, ,153, ,--,S
211,7/18/2014,0100,199,0, ,0, ,0, ,15.4, ,60.6, ,85, ,56.2, ,2, ,296, ,--,S
211,7/18/2014,0200,199,0, ,0, ,0, ,15.4, ,60.9, ,84, ,56.2, ,3.9, ,172, ,--,S
211,7/18/2014,0300,199,0, ,0, ,0, ,15.1, ,60.5, ,84, ,55.6, ,5.9, ,185, ,--,S
211,7/18/2014,0400,199,0, ,0, ,0, ,14.8, ,60.9, ,81, ,55, ,4.8, ,188, ,--,S
211,7/18/2014,0500,199,0, ,0, ,0, ,14.6, ,61.1, ,80, ,54.8, ,3.4, ,181, ,--,S
211,7/18/2014,0600,199,0, ,0, ,29, ,14.8, ,61.2, ,80, ,55.1, ,3.9, ,160, ,--,S
211,7/18/2014,0700,199,0, ,0, ,109, ,14.9, ,61.6, ,80, ,55.3, ,4.2, ,167, ,--,S
211,7/18/2014,0800,199,0, ,0, ,237, ,15.2, ,62.3, ,79, ,55.8, ,4.6, ,177, ,--,S
211,7/18/2014,0900,199,0.01, ,0, ,530, ,15.5, ,63.8, ,77, ,56.3, ,5, ,177, ,--,M
211,7/18/2014,1000,199,0.02, ,0, ,1202, ,16.2, ,66.6, ,73, ,57.6, ,5.8, ,173, ,--,M
211,7/18/2014,1100,199,0.02, ,0, ,1714, ,16.6, ,69.2, ,68, ,58.2, ,5.6, ,162, ,--,M
211,7/18/2014,1200,199,0.03, ,0, ,1844, ,17, ,72.7, ,62, ,58.8, ,4.1, ,129, ,--,M
211,7/18/2014,1300,199,0.03, ,0, ,1856, ,17.3, ,77, ,55, ,59.5, ,4.6, ,101, ,--,M
211,7/18/2014,1400,199,0.03, ,0, ,1780, ,16.8, ,78.5, ,51, ,58.6, ,6.5, ,269, ,--,M
211,7/18/2014,1500,199,0.02, ,0, ,1598, ,17, ,79.3, ,50, ,59, ,5.9, ,267, ,--,M
211,7/18/2014,1600,199,0.02, ,0, ,1325, ,16.6, ,78, ,51, ,58.2, ,7.4, ,270, ,--,M
211,7/18/2014,1700,199,0.02, ,0, ,984, ,16.1, ,77.4, ,50, ,57.3, ,6.2, ,275, ,--,M
211,7/18/2014,1800,199,0.01, ,0, ,632, ,16.1, ,75.6, ,53, ,57.4, ,5.5, ,154, ,--,M
211,7/18/2014,1900,199,0, ,0, ,276, ,15.8, ,71.2, ,61, ,56.9, ,5.9, ,127, ,--,M
211,7/18/2014,2000,199,0, ,0, ,21, ,15.2, ,66, ,70, ,55.8, ,5.9, ,112, ,--,M
211,7/18/2014,2100,199,0, ,0, ,0, ,15, ,62.9, ,76, ,55.3, ,5.2, ,108, ,--,S
211,7/18/2014,2200,199,0, ,0, ,0, ,14.8, ,61.3, ,80, ,55, ,4.8, ,116, ,--,S
211,7/18/2014,2300,199,0, ,0, ,0, ,14.7, ,60, ,83, ,54.8, ,4.1, ,111, ,--,S
211,7/18/2014,2400,199,0, ,0, ,0, ,14.6, ,59.1, ,86, ,54.8, ,3.7, ,115, ,--,S
211,7/19/2014,0100,200,0, ,0, ,0, ,14.6, ,58.3, ,88, ,54.8, ,3.7, ,114, ,--,S
211,7/19/2014,0200,200,0, ,0, ,0, ,14.5, ,57.5, ,90, ,54.5, ,3.5, ,119, ,--,S
211,7/19/2014,0300,200,0, ,0, ,0, ,14.4, ,56.8, ,91, ,54.2, ,3, ,116, ,--,S
211,7/19/2014,0400,200,0, ,0, ,0, ,14.2, ,56.5, ,91, ,54, ,2.5, ,122, ,--,S
211,7/19/2014,0500,200,0, ,0, ,0, ,14.5, ,56.9, ,92, ,54.5, ,2, ,135, ,--,S
211,7/19/2014,0600,200,0, ,0, ,36, ,14.9, ,58.2, ,90, ,55.3, ,2.1, ,152, ,--,S
211,7/19/2014,0700,200,0, ,0, ,163, ,14.8, ,58.7, ,88, ,55.1, ,3.7, ,149, ,--,S
211,7/19/2014,0800,200,0.01, ,0, ,487, ,15.2, ,60.1, ,85, ,55.7, ,3.7, ,125, ,--,M
211,7/19/2014,0900,200,0.01, ,0, ,1154, ,16.1, ,63.7, ,80, ,57.3, ,4, ,153, ,--,M
211,7/19/2014,1000,200,0.02, ,0, ,1353, ,16.8, ,67.8, ,72, ,58.5, ,3.6, ,131, ,--,M
211,7/19/2014,1100,200,0.02, ,0, ,1710, ,17.3, ,72.2, ,64, ,59.3, ,4.4, ,130, ,--,M
211,7/19/2014,1200,200,0.03, ,0, ,1815, ,17.8, ,76.9, ,56, ,60.2, ,4.5, ,112, ,--,M
211,7/19/2014,1300,200,0.03, ,0, ,1821, ,18.6, ,80.3, ,53, ,61.4, ,5.3, ,119, ,--,M
211,7/19/2014,1400,200,0.03, ,0, ,1648, ,18.4, ,80.7, ,51, ,61.1, ,7.2, ,141, ,--,M
211,7/19/2014,1500,200,0.01, ,0, ,912, ,17.6, ,77.5, ,54, ,59.8, ,6.7, ,136, ,--,M
211,7/19/2014,1600,200,0.02, ,0, ,1233, ,17.7, ,78.1, ,54, ,60, ,5.2, ,280, ,--,M
211,7/19/2014,1700,200,0.01, ,0, ,890, ,17.2, ,78.3, ,52, ,59.2, ,4.9, ,107, ,--,M
211,7/19/2014,1800,200,0.01, ,0, ,221, ,16.2, ,74.3, ,56, ,57.5, ,6.3, ,124, ,--,M
211,7/19/2014,1900,200,0, ,0, ,125, ,15.7, ,69.5, ,64, ,56.7, ,6.1, ,126, ,--,M
211,7/19/2014,2000,200,0, ,0, ,15, ,15.3, ,67.1, ,68, ,56, ,5.8, ,132, ,--,M
211,7/19/2014,2100,200,0, ,0, ,0, ,15.2, ,64.7, ,73, ,55.8, ,4.9, ,124, ,--,S
211,7/19/2014,2200,200,0, ,0, ,0, ,15.1, ,62.7, ,78, ,55.7, ,4.4, ,123, ,--,S
211,7/19/2014,2300,200,0, ,0, ,0, ,15.1, ,61.3, ,82, ,55.6, ,3.9, ,121, ,--,S
211,7/19/2014,2400,200,0, ,0, ,0, ,15.1, ,61, ,82, ,55.6, ,3.4, ,123, ,--,S
211,7/20/2014,0100,201,0, ,0, ,0, ,15.2, ,60.8, ,83, ,55.8, ,3.2, ,130, ,--,S
211,7/20/2014,0200,201,0, ,0, ,0, ,15.2, ,60.6, ,84, ,55.9, ,3.3, ,128, ,--,S
211,7/20/2014,0300,201,0, ,0, ,0, ,15.5, ,60.8, ,85, ,56.4, ,3, ,123, ,--,S
211,7/20/2014,0400,201,0, ,0, ,0, ,15.6, ,60.5, ,87, ,56.5, ,2.4, ,109, ,--,S
211,7/20/2014,0500,201,0, ,0, ,0, ,15.7, ,60.4, ,87, ,56.7, ,3.4, ,121, ,--,S
211,7/20/2014,0600,201,0, ,0, ,43, ,16, ,60.4, ,89, ,57.3, ,3.2, ,107, ,--,S
211,7/20/2014,0700,201,0, ,0, ,368, ,16.4, ,62.1, ,86, ,57.8, ,4.3, ,111, ,--,M
211,7/20/2014,0800,201,0.01, ,0, ,806, ,16.7, ,65.7, ,78, ,58.5, ,5.3, ,122, ,--,M
211,7/20/2014,0900,201,0.02, ,0, ,1176, ,17.1, ,68.5, ,72, ,59.1, ,6.3, ,134, ,--,M
211,7/20/2014,1000,201,0.02, ,0, ,1448, ,17.5, ,72.6, ,64, ,59.8, ,6.1, ,121, ,--,M
211,7/20/2014,1100,201,0.02, ,0, ,1651, ,18.3, ,77.1, ,58, ,61, ,5, ,67, ,--,M
211,7/20/2014,1200,201,0.03, ,0, ,1803, ,17.5, ,79.5, ,51, ,59.8, ,4.6, ,283, ,--,M
211,7/20/2014,1300,201,0.03, ,0, ,1828, ,17.4, ,80.7, ,49, ,59.6, ,5.1, ,276, ,--,M
211,7/20/2014,1400,201,0.03, ,0, ,1666, ,17.6, ,81.7, ,48, ,59.9, ,4.9, ,278, ,--,M
211,7/20/2014,1500,201,0.02, ,0, ,1558, ,18.1, ,82.8, ,47, ,60.7, ,5.3, ,270, ,--,M
211,7/20/2014,1600,201,0.02, ,0, ,1331, ,17.5, ,79.6, ,51, ,59.7, ,9.2, ,271, ,--,M
211,7/20/2014,1700,201,0.01, ,0, ,881, ,17.2, ,77, ,54, ,59.3, ,8.7, ,272, ,--,M
211,7/20/2014,1800,201,0.01, ,0, ,606, ,17, ,75, ,57, ,58.9, ,7.3, ,266, ,--,M
211,7/20/2014,1900,201,0, ,0, ,148, ,16.5, ,71.6, ,62, ,58, ,6.6, ,263, ,--,M
211,7/20/2014,2000,201,0, ,0, ,6, ,16.3, ,68.5, ,69, ,57.8, ,3.7, ,283, ,--,M
211,7/20/2014,2100,201,0, ,0, ,0, ,16.3, ,65.7, ,76, ,57.8, ,4.1, ,43, ,--,S
211,7/20/2014,2200,201,0, ,0, ,0, ,16.2, ,64.2, ,79, ,57.5, ,3.1, ,75, ,--,S
211,7/20/2014,2300,201,0, ,0, ,0, ,16.1, ,63.8, ,80, ,57.5, ,3, ,88, ,--,S
211,7/20/2014,2400,201,0, ,0, ,0, ,16, ,62.9, ,82, ,57.2, ,1.6, ,154, ,--,S
211,7/21/2014,0100,202,0,Y,0, ,0, ,16.3, ,63.5,Y,81,Y,57.7,Y,2.8, ,128, ,--,S
211,7/21/2014,0200,202,0,Y,0, ,0, ,16.4, ,64.5,Y,79,Y,58,Y,1.9, ,105, ,--,S
211,7/21/2014,0300,202,0,Y,0, ,0, ,16.4, ,64.8,Y,78,Y,57.9,Y,2, ,250, ,--,S
211,7/21/2014,0400,202,0,Y,0, ,0, ,16.1, ,64.8,Y,77,Y,57.4,Y,3.3, ,243, ,--,S
211,7/21/2014,0500,202,0,Y,0, ,0, ,16, ,64.6,Y,77,Y,57.2,Y,3.8, ,197, ,--,S
211,7/21/2014,0600,202,0,Y,0, ,21, ,15.8, ,64.5,Y,76,Y,56.9,Y,3.5, ,201, ,--,S
211,7/21/2014,0700,202,0,Y,0, ,99, ,16, ,64.8,Y,76,Y,57.2,Y,3.4, ,210, ,--,S
211,7/21/2014,0800,202,0, ,0, ,292, ,16.3, ,65.7, ,75, ,57.7, ,2.6, ,226, ,--,M
211,7/21/2014,0900,202,0.01, ,0, ,459, ,16.6, ,66.9, ,74, ,58.3, ,3.2, ,229, ,--,M
211,7/21/2014,1000,202,0.01, ,0, ,895, ,17, ,68.8, ,71, ,58.9, ,5.7, ,198, ,--,M
211,7/21/2014,1100,202,0.02, ,0, ,1450, ,17.2, ,71.1, ,66, ,59.3, ,4.1, ,250, ,--,M
211,7/21/2014,1200,202,0.03, ,0, ,1836, ,17.5, ,74.3, ,60, ,59.6, ,4.3, ,264, ,--,M
211,7/21/2014,1300,202,0.03, ,0, ,1706, ,17.7, ,76.5, ,57, ,60.1, ,7.1, ,203, ,--,M
211,7/21/2014,1400,202,0.03, ,0, ,1609, ,17.3, ,76.4, ,56, ,59.4, ,8.7, ,245, ,--,M
211,7/21/2014,1500,202,0.02, ,0, ,1618, ,17.5, ,76.8, ,56, ,59.8, ,7.5, ,252, ,--,M
211,7/21/2014,1600,202,0.02, ,0, ,1313, ,17, ,75.8, ,56, ,59, ,7.9, ,267, ,--,M
211,7/21/2014,1700,202,0.01, ,0, ,972, ,16.9, ,75.6, ,56, ,58.8, ,7.2, ,268, ,--,M
211,7/21/2014,1800,202,0.01, ,0, ,606, ,16.7, ,75, ,56, ,58.4, ,5, ,214, ,--,M
211,7/21/2014,1900,202,0, ,0, ,249, ,16.2, ,72.1, ,60, ,57.5, ,5.7, ,149, ,--,M
211,7/21/2014,2000,202,0, ,0, ,13, ,15.5, ,67.5, ,67, ,56.4, ,4.2, ,129, ,--,M
211,7/21/2014,2100,202,0, ,0, ,0, ,15.1, ,64.6, ,73, ,55.6, ,4.1, ,89, ,--,S
211,7/21/2014,2200,202,0, ,0, ,0, ,14.8, ,63, ,75, ,55.1, ,3.8, ,113, ,--,S
211,7/21/2014,2300,202,0, ,0, ,0, ,14.7, ,61.3, ,79, ,54.8, ,3.8, ,130, ,--,S
211,7/21/2014,2400,202,0, ,0, ,0, ,14.6, ,60.2, ,82, ,54.6, ,3.2, ,138, ,--,S
211,7/22/2014,0100,203,0, ,0, ,0, ,14.5, ,59.3, ,84, ,54.4, ,2.3, ,132, ,--,S
211,7/22/2014,0200,203,0, ,0, ,0, ,14.6, ,58.8, ,86, ,54.6, ,2, ,147, ,--,S
211,7/22/2014,0300,203,0, ,0, ,0, ,14.6, ,59.1, ,85, ,54.6, ,2.8, ,150, ,--,S
211,7/22/2014,0400,203,0, ,0, ,0, ,14.9, ,59, ,87, ,55.2, ,3.3, ,146, ,--,S
211,7/22/2014,0500,203,0, ,0, ,0, ,15, ,58.8, ,88, ,55.4, ,2.2, ,159, ,--,S
211,7/22/2014,0600,203,0, ,0, ,42, ,15.2, ,59.1, ,88, ,55.8, ,1.9, ,127, ,--,S
211,7/22/2014,0700,203,0, ,0, ,212, ,15.6, ,60.7, ,86, ,56.4, ,3.6, ,138, ,--,S
211,7/22/2014,0800,203,0.01, ,0, ,469, ,16, ,62.9, ,82, ,57.3, ,4.6, ,143, ,--,M
211,7/22/2014,0900,203,0.01, ,0, ,788, ,16.7, ,64.8, ,80, ,58.4, ,3.6, ,151, ,--,M
211,7/22/2014,1000,203,0.01, ,0, ,785, ,17.1, ,66.4, ,77, ,59.1, ,3.3, ,88, ,--,M
211,7/22/2014,1100,203,0.01, ,0, ,742, ,17.3, ,67.2, ,76, ,59.3, ,4, ,269, ,--,M
211,7/22/2014,1200,203,0.02, ,0, ,1714, ,17.9, ,69.8, ,72, ,60.4, ,3.8, ,245, ,--,M
211,7/22/2014,1300,203,0.03, ,0, ,1892, ,18.7, ,72.5, ,69, ,61.7, ,3.4, ,348, ,--,M
211,7/22/2014,1400,203,0.03, ,0, ,1803, ,18.1, ,74.9, ,61, ,60.6, ,6, ,224, ,--,M
211,7/22/2014,1500,203,0.02, ,0, ,1622, ,16.8, ,76, ,55, ,58.6, ,7.6, ,207, ,--,M
211,7/22/2014,1600,203,0.02, ,0, ,1337, ,16, ,75.9, ,52, ,57.2, ,7.9, ,213, ,--,S
211,7/22/2014,1700,203,0.01, ,0, ,989, ,16, ,75.1, ,54, ,57.2, ,7.1, ,199, ,--,S
211,7/22/2014,1800,203,0.01, ,0, ,617, ,15.8, ,73.8, ,55, ,56.8, ,4.8, ,205, ,--,S
211,7/22/2014,1900,203,0, ,0, ,256, ,15.4, ,72.1, ,57, ,56.2, ,3.8, ,198, ,--,M
211,7/22/2014,2000,203,0, ,0, ,14, ,15.5, ,66.7, ,69, ,56.3, ,4.1, ,63, ,--,M
211,7/22/2014,2100,203,0, ,0, ,0, ,15.3, ,64, ,75, ,56, ,3.5, ,54, ,--,S
211,7/22/2014,2200,203,0, ,0, ,0, ,15.2, ,62.3, ,79, ,55.8, ,2.9, ,109, ,--,S
211,7/22/2014,2300,203,0, ,0, ,0, ,15.4, ,60.8, ,85, ,56.2, ,2.9, ,119, ,--,S
211,7/22/2014,2400,203,0, ,0, ,0, ,15, ,59.1, ,88, ,55.5, ,1.7, ,127, ,--,S
211,7/23/2014,0100,204,0, ,0, ,0, ,14.5, ,57.6, ,89, ,54.5, ,1.9, ,132, ,--,S
211,7/23/2014,0200,204,0, ,0, ,0, ,14.2, ,56.8, ,90, ,54, ,1.4, ,121, ,--,S
211,7/23/2014,0300,204,0, ,0, ,0, ,15.5, ,58.8, ,92, ,56.3, ,2.8, ,150, ,--,S
211,7/23/2014,0400,204,0, ,0, ,0, ,15.5, ,59.2, ,90, ,56.3, ,2.9, ,168, ,--,S
211,7/23/2014,0500,204,0, ,0, ,0, ,15.2, ,59.5, ,88, ,55.8, ,2.1, ,217, ,--,S
211,7/23/2014,0600,204,0, ,0, ,33, ,14.9, ,59.4, ,86, ,55.3, ,1.3, ,15, ,--,S
211,7/23/2014,0700,204,0, ,0, ,212, ,15.3, ,60.6, ,85, ,55.9, ,2.2, ,140, ,--,S
211,7/23/2014,0800,204,0.01, ,0, ,758, ,16.1, ,63.9, ,79, ,57.4, ,2.6, ,181, ,--,S
211,7/23/2014,0900,204,0.01, ,0, ,1174, ,16.7, ,68, ,71, ,58.4, ,3.4, ,301, ,--,S
211,7/23/2014,1000,204,0.02, ,0, ,1480, ,16.8, ,71.5, ,64, ,58.6, ,6, ,304, ,--,S
211,7/23/2014,1100,204,0.03, ,0, ,1718, ,16.9, ,75.3, ,56, ,58.7, ,8, ,312, ,--,S
211,7/23/2014,1200,204,0.03, ,0, ,1887, ,16.3, ,81.5, ,44, ,57.8, ,6.9, ,343, ,73.3, 
211,7/23/2014,1300,204,0.03, ,0, ,1870, ,16.9, ,82.3, ,45, ,58.7, ,5.8, ,312, ,73.5, 
211,7/23/2014,1400,204,0.03, ,0, ,1788, ,17.2, ,83.6, ,44, ,59.3, ,6.7, ,305, ,74.1, 
211,7/23/2014,1500,204,0.03, ,0, ,1592, ,16.7, ,84.9, ,41, ,58.3, ,6.9, ,297, ,74.6, 
211,7/23/2014,1600,204,0.02, ,0, ,1306, ,17.9, ,84.4, ,44, ,60.3, ,10.5, ,332, ,75.1, 
211,7/23/2014,1700,204,0.02, ,0, ,971, ,18.5, ,82.1, ,49, ,61.3, ,12.4, ,330, ,75.2, 
211,7/23/2014,1800,204,0.01, ,0, ,602, ,16.5, ,80.1, ,47, ,58.1, ,12.6, ,328, ,75.1, 
211,7/23/2014,1900,204,0.01,Y,0, ,243, ,16.3, ,76.5,Y,52,Y,57.7,Y,12.2, ,323, ,74.9, 
211,7/23/2014,2000,204,0,Y,0, ,13, ,14.8, ,71.5,Y,56,Y,55,Y,12.5, ,327, ,74.6, 
211,7/23/2014,2100,204,0,Y,0, ,0, ,14.7, ,67.7,Y,64,Y,54.9,Y,13, ,331, ,74.2, 
211,7/23/2014,2200,204,0,Y,0, ,0, ,16.1, ,65.2,Y,76,Y,57.5,Y,11.2, ,326, ,73.8, 
211,7/23/2014,2300,204,0,Y,0, ,0, ,15.7, ,63.2,Y,79,Y,56.6,Y,5.1, ,326, ,73.5, 
211,7/23/2014,2400,204,0, ,0, ,0, ,15.3, ,61, ,84, ,56, ,2.6, ,269, ,73.1, 
211,7/24/2014,0100,205,0, ,0, ,0, ,14.8, ,59.1, ,87, ,55.1, ,1.3, ,140, ,72.8, 
211,7/24/2014,0200,205,0, ,0, ,0, ,14.1, ,57.1, ,88, ,53.8, ,1.1, ,145, ,72.4, 
211,7/24/2014,0300,205,0, ,0, ,0, ,13.5, ,55.7, ,89, ,52.5, ,1.6, ,195, ,72.1, 
211,7/24/2014,0400,205,0, ,0, ,0, ,12.8, ,54.2, ,89, ,51.2, ,1.2, ,229, ,71.8, 
211,7/24/2014,0500,205,0, ,0, ,0, ,12.8, ,53.7, ,91, ,51.1, ,1.8, ,176, ,71.4, 
211,7/24/2014,0600,205,0, ,0, ,89, ,13.1, ,54.3, ,91, ,51.7, ,1.5, ,215, ,71.1, 
211,7/24/2014,0700,205,0, ,0, ,428, ,15.2, ,61.4, ,82, ,55.8, ,2.2, ,194, ,70.8, 
211,7/24/2014,0800,205,0.01, ,0, ,798, ,16.4, ,66.1, ,75, ,57.8, ,3, ,284, ,70.6, 
211,7/24/2014,0900,205,0.01, ,0, ,1156, ,17, ,70.1, ,68, ,58.8, ,3.8, ,249, ,70.6, 
211,7/24/2014,1000,205,0.02, ,0, ,1470, ,17.1, ,74.6, ,58, ,59.1, ,4.7, ,310, ,70.9, 
211,7/24/2014,1100,205,0.03, ,0, ,1709, ,16.2, ,80.1, ,46, ,57.6, ,4.3, ,226, ,71.4, 
211,7/24/2014,1200,205,0.03, ,0, ,1860, ,14.9, ,84.5, ,37, ,55.3, ,5.1, ,269, ,72.1, 
211,7/24/2014,1300,205,0.03, ,0, ,1887, ,14.7, ,88, ,33, ,54.9, ,4.2, ,171, ,72.9, 
211,7/24/2014,1400,205,0.03, ,0, ,1801, ,14.5, ,90.9, ,29, ,54.5, ,4.9, ,252, ,73.8, 
211,7/24/2014,1500,205,0.03,Y,0, ,1600, ,14.7, ,92.5,Y,28,Y,54.8,Y,5.1, ,275, ,74.6, 
211,7/24/2014,1600,205,0.02,Y,0, ,1310, ,14.2, ,92.3,Y,27,Y,53.9,Y,7.1, ,213, ,75.2, 
211,7/24/2014,1700,205,0.02,Y,0, ,982, ,15.1, ,92,Y,29,Y,55.7,Y,7.5, ,311, ,75.4, 
211,7/24/2014,1800,205,0.01,R,0, ,613, ,16.1, ,88.1,R,35,R,57.4,R,6.5, ,189, ,75.4, 
211,7/24/2014,1900,205,0,Y,0, ,243, ,16.5, ,80.5,Y,47,Y,58.1,Y,4.5, ,126, ,75.2, 
211,7/24/2014,2000,205,0,Y,0, ,12, ,16.3, ,72.2,Y,60,Y,57.8,Y,4.2, ,110, ,75, 
211,7/24/2014,2100,205,0,Y,0, ,0, ,15.6, ,67.4,Y,68,Y,56.5,Y,3.5, ,129, ,74.6, 
211,7/24/2014,2200,205,0,Y,0, ,0, ,15.2, ,65.4,Y,71,Y,55.8,Y,3.6, ,128, ,74.2, 
211,7/24/2014,2300,205,0,Y,0, ,0, ,14.7, ,64.1,Y,72,Y,54.9,Y,3, ,136, ,73.8, 
211,7/24/2014,2400,205,0,Y,0, ,0, ,14.1, ,62.9,Y,72,Y,53.8,Y,2.3, ,146, ,73.4, 
211,7/25/2014,0100,206,0, ,0, ,0, ,14, ,59.7, ,80, ,53.6, ,1.3, ,211, ,73, 
211,7/25/2014,0200,206,0, ,0, ,0, ,14, ,58.8, ,83, ,53.6, ,1.2, ,228, ,72.7, 
211,7/25/2014,0300,206,0, ,0, ,0, ,13.4, ,57.7, ,82, ,52.4, ,1.8, ,267, ,72.3, 
211,7/25/2014,0400,206,0, ,0, ,0, ,13.1, ,55.9, ,86, ,51.7, ,1.6, ,248, ,72, 
211,7/25/2014,0500,206,0, ,0, ,0, ,12.8, ,55.3, ,86, ,51.2, ,1.6, ,160, ,71.7, 
211,7/25/2014,0600,206,0, ,0, ,83, ,13, ,55.4, ,87, ,51.5, ,1.5, ,138, ,71.3, 
211,7/25/2014,0700,206,0, ,0, ,413, ,14.7, ,63.3, ,74, ,55, ,1.2, ,74, ,71.1, 
211,7/25/2014,0800,206,0.01,Y,0, ,777, ,17, ,68.3,Y,72,Y,58.9,Y,1.2, ,151, ,75.3, 
211,7/25/2014,0900,206,0.01, ,0, ,1146, ,17.7, ,71.9, ,66, ,60, ,1.7, ,111, ,--,S
211,7/25/2014,1000,206,0.02, ,0, ,1472, ,19.9, ,76.7, ,63, ,63.4, ,1.9, ,137, ,--,S
211,7/25/2014,1100,206,0.03, ,0, ,1718, ,18.4, ,81.2, ,51, ,61.1, ,3.5, ,287, ,--,S
211,7/25/2014,1200,206,0.03, ,0, ,1863, ,18.6, ,86.9, ,43, ,61.4, ,2.4, ,200, ,--,S
211,7/25/2014,1300,206,0.03, ,0, ,1894, ,17.9, ,89.8, ,37, ,60.4, ,3.6, ,176, ,--,S
211,7/25/2014,1400,206,0.03,Y,0, ,1796, ,17.2, ,92.5,Y,33,Y,59.2,Y,7.6, ,167, ,--,S
211,7/25/2014,1500,206,0.03,Y,0, ,1611, ,16.4, ,93.2,Y,31,Y,57.9,Y,7.2, ,146, ,--,S
211,7/25/2014,1600,206,0.02,Y,0, ,1324, ,17.3, ,89.5,Y,37,Y,59.4,Y,6.6, ,119, ,81.8, 
211,7/25/2014,1700,206,0.02, ,0, ,975, ,17.2, ,83.5, ,44, ,59.3, ,6.3, ,113, ,81.4, 
211,7/25/2014,1800,206,0.01, ,0, ,601, ,16.2, ,78.3, ,49, ,57.6, ,8.5, ,134, ,80.8, 
211,7/25/2014,1900,206,0, ,0, ,232, ,15.4, ,74, ,54, ,56.2, ,6.4, ,128, ,80.2, 
211,7/25/2014,2000,206,0, ,0, ,9, ,15, ,68.2, ,63, ,55.3, ,5.6, ,118, ,79.5, 
211,7/25/2014,2100,206,0, ,0, ,0, ,15.5, ,64.4, ,75, ,56.4, ,4.9, ,120, ,78.7, 
211,7/25/2014,2200,206,0, ,0, ,0, ,14.5, ,63.4, ,73, ,54.5, ,3.3, ,129, ,78, 
211,7/25/2014,2300,206,0, ,0, ,0, ,14, ,62.1, ,74, ,53.6, ,1.5, ,120, ,77.4, 
211,7/25/2014,2400,206,0, ,0, ,0, ,13.8, ,59.4, ,80, ,53.1, ,1.1, ,164, ,76.8, 
211,7/26/2014,0100,207,0, ,0, ,0, ,13.5, ,57.9, ,82, ,52.5, ,1.5, ,150, ,76.3, 
211,7/26/2014,0200,207,0, ,0, ,0, ,13.2, ,56.4, ,85, ,52, ,1.3, ,140, ,75.7, 
211,7/26/2014,0300,207,0, ,0, ,0, ,13, ,55.4, ,87, ,51.5, ,1.2, ,197, ,75.2, 
211,7/26/2014,0400,207,0, ,0, ,0, ,13.3, ,56.1, ,87, ,52.2, ,3.2, ,138, ,74.8, 
211,7/26/2014,0500,207,0, ,0, ,0, ,14, ,56.2, ,91, ,53.5, ,3.1, ,118, ,74.3, 
211,7/26/2014,0600,207,0, ,0, ,76, ,13.3, ,54.6, ,91, ,52.1, ,1.4, ,193, ,73.9, 
211,7/26/2014,0700,207,0, ,0, ,408, ,14.9, ,59.1, ,87, ,55.2, ,3.8, ,138, ,73.6, 
211,7/26/2014,0800,207,0.01, ,0, ,780, ,15.9, ,64.2, ,78, ,57.1, ,6.3, ,165, ,73.3, 
211,7/26/2014,0900,207,0.02, ,0, ,1136, ,16.8, ,69.4, ,68, ,58.5, ,6.5, ,157, ,73.1, 
211,7/26/2014,1000,207,0.02, ,0, ,1446, ,17.5, ,75.9, ,57, ,59.7, ,5.8, ,145, ,73.2, 
211,7/26/2014,1100,207,0.03, ,0, ,1686, ,16, ,82.4, ,42, ,57.2, ,6.1, ,138, ,73.4, 
211,7/26/2014,1200,207,0.03, ,0, ,1824, ,15.9, ,86.9, ,36, ,57, ,5.5, ,126, ,73.9, 
211,7/26/2014,1300,207,0.03,Y,0, ,1856, ,16, ,90.7,Y,33,Y,57.3,Y,5.5, ,114, ,74.6, 
211,7/26/2014,1400,207,0.03,Y,0, ,1771, ,15.7, ,93.4,Y,29,Y,56.8,Y,4.4, ,178, ,75.3, 
211,7/26/2014,1500,207,0.03,Y,0, ,1582, ,15.5, ,90.3,Y,32,Y,56.3,Y,7.5, ,176, ,76.2, 
211,7/26/2014,1600,207,0.02, ,0, ,1317, ,15.8, ,87.2, ,36, ,56.9, ,8.3, ,148, ,76.8, 
211,7/26/2014,1700,207,0.02, ,0, ,961, ,16.1, ,83.9, ,41, ,57.4, ,7.3, ,129, ,76.9, 
211,7/26/2014,1800,207,0.01, ,0, ,534, ,16.3, ,78.3, ,49, ,57.7, ,7.1, ,118, ,76.8, 
211,7/26/2014,1900,207,0, ,0, ,103, ,15.8, ,71.2, ,61, ,56.9, ,6.7, ,123, ,76.6, 
211,7/26/2014,2000,207,0, ,0, ,8, ,15.5, ,66.5, ,69, ,56.3, ,7.4, ,130, ,76.2, 
211,7/26/2014,2100,207,0, ,0, ,0, ,15.4, ,63.6, ,77, ,56.1, ,5.3, ,125, ,75.7, 
211,7/26/2014,2200,207,0, ,0, ,0, ,15.3, ,63.2, ,77, ,56, ,5.7, ,166, ,75.3, 
211,7/26/2014,2300,207,0, ,0, ,0, ,15.4, ,62.6, ,80, ,56.2, ,3, ,118, ,74.9, 
211,7/26/2014,2400,207,0, ,0, ,0, ,15.3, ,62, ,81, ,56, ,2.1, ,100, ,74.6, 
211,7/27/2014,0100,208,0, ,0, ,0, ,15.1, ,60.7, ,83, ,55.6, ,1.9, ,119, ,74.3, 
211,7/27/2014,0200,208,0, ,0, ,0, ,14.8, ,59.6, ,85, ,55, ,2.1, ,123, ,74, 
211,7/27/2014,0300,208,0, ,0, ,0, ,14.8, ,59.2, ,86, ,55.1, ,2.1, ,106, ,73.7, 
211,7/27/2014,0400,208,0, ,0, ,0, ,15.1, ,59.9, ,86, ,55.6, ,4.7, ,140, ,73.4, 
211,7/27/2014,0500,208,0, ,0, ,0, ,15.4, ,59.2, ,90, ,56.1, ,5.1, ,120, ,73.1, 
211,7/27/2014,0600,208,0, ,0, ,55, ,15.7, ,59.6, ,90, ,56.7, ,5.7, ,162, ,72.9, 
211,7/27/2014,0700,208,0, ,0, ,164, ,15.7, ,61.4, ,84, ,56.7, ,5.2, ,156, ,72.7, 
211,7/27/2014,0800,208,0.01, ,0, ,419, ,16.1, ,63.8, ,80, ,57.4, ,5.7, ,153, ,72.5, 
211,7/27/2014,0900,208,0.01, ,0, ,963, ,17.1, ,68.5, ,72, ,59.1, ,4, ,144, ,72.5, 
211,7/27/2014,1000,208,0.01, ,0, ,648, ,17.3, ,72.4, ,64, ,59.4, ,4.1, ,160, ,72.6, 
211,7/27/2014,1100,208,0.01, ,0, ,938, ,18.2, ,74.9, ,62, ,60.8, ,4.2, ,271, ,72.8, 
211,7/27/2014,1200,208,0.02, ,0, ,1416, ,16.7, ,81.7, ,45, ,58.5, ,3.3, ,185, ,73.1, 
211,7/27/2014,1300,208,0.03, ,0, ,1943, ,15.3, ,88.1, ,34, ,55.9, ,3, ,168, ,73.7, 
211,7/27/2014,1400,208,0.03,Y,0, ,1721, ,12.4, ,92.3,Y,24,Y,50.2,Y,6.6, ,225, ,74.6, 
211,7/27/2014,1500,208,0.03,Y,0, ,1594, ,12.1, ,91.6,Y,24,Y,49.6,Y,8.1, ,234, ,75.5, 
211,7/27/2014,1600,208,0.02, ,0, ,1321, ,16.2, ,86.3, ,38, ,57.6, ,9.3, ,144, ,76, 
211,7/27/2014,1700,208,0.02, ,0, ,920, ,16, ,82.3, ,42, ,57.2, ,8.5, ,133, ,76, 
211,7/27/2014,1800,208,0.01, ,0, ,580, ,15.8, ,77.6, ,49, ,56.9, ,8.3, ,125, ,75.9, 
211,7/27/2014,1900,208,0, ,0, ,215, ,15.5, ,72.4, ,57, ,56.3, ,7, ,121, ,75.6, 
211,7/27/2014,2000,208,0, ,0, ,9, ,15.4, ,67.1, ,68, ,56.2, ,6.6, ,121, ,75.3, 
211,7/27/2014,2100,208,0, ,0, ,0, ,15.6, ,62.9, ,80, ,56.5, ,6.3, ,117, ,74.8, 
211,7/27/2014,2200,208,0, ,0, ,0, ,15.6, ,60.9, ,86, ,56.5, ,8, ,140, ,74.4, 
211,7/27/2014,2300,208,0, ,0, ,0, ,15.5, ,59.8, ,88, ,56.3, ,7.4, ,155, ,74, 
211,7/27/2014,2400,208,0, ,0, ,0, ,15.3, ,59.1, ,89, ,55.9, ,4.2, ,154, ,73.7, 
211,7/28/2014,0100,209,0, ,0, ,0, ,14.7, ,57.7, ,90, ,54.8, ,1.8, ,97, ,73.4, 
211,7/28/2014,0200,209,0, ,0, ,0, ,14, ,56.2, ,91, ,53.6, ,1.4, ,65, ,73.1, 
211,7/28/2014,0300,209,0, ,0, ,0, ,14, ,55.9, ,92, ,53.6, ,1.5, ,127, ,72.7, 
211,7/28/2014,0400,209,0, ,0, ,0, ,14, ,55.8, ,92, ,53.6, ,2, ,128, ,72.4, 
211,7/28/2014,0500,209,0, ,0, ,0, ,14.2, ,56, ,93, ,53.9, ,1.6, ,113, ,72.1, 
211,7/28/2014,0600,209,0, ,0, ,21, ,14.4, ,56.2, ,93, ,54.2, ,1.4, ,122, ,71.9, 
211,7/28/2014,0700,209,0, ,0, ,225, ,14.8, ,57.4, ,92, ,55.1, ,3.3, ,133, ,71.6, 
211,7/28/2014,0800,209,0.01, ,0, ,702, ,16.1, ,62, ,85, ,57.3, ,5.1, ,136, ,71.5, 
211,7/28/2014,0900,209,0.01, ,0, ,980, ,16.9, ,66.8, ,75, ,58.8, ,5.6, ,143, ,71.4, 
211,7/28/2014,1000,209,0.01, ,0, ,1093, ,17.2, ,70.5, ,67, ,59.2, ,6.3, ,141, ,71.5, 
211,7/28/2014,1100,209,0.02, ,0, ,1373, ,16.8, ,76, ,55, ,58.6, ,6.2, ,136, ,--,S
211,7/28/2014,1200,209,0.03, ,0, ,1608, ,16.2, ,81.4, ,44, ,57.6, ,5.4, ,114, ,--,S
211,7/28/2014,1300,209,0.03, ,0, ,1952, ,14.3, ,86.3, ,33, ,54.1, ,4.6, ,141, ,76.4, 
211,7/28/2014,1400,209,0.03, ,0, ,1765, ,10.6, ,89.7, ,22, ,46.1, ,7.1, ,276, ,75.9, 
211,7/28/2014,1500,209,0.03, ,0, ,1577, ,10.6, ,87.6, ,24, ,46, ,9.1, ,285, ,76.2, 
211,7/28/2014,1600,209,0.03, ,0, ,1536, ,10.5, ,87.7, ,24, ,45.9, ,8.7, ,286, ,76.2, 
211,7/28/2014,1700,209,0.01, ,0, ,688, ,15.1, ,83.4, ,39, ,55.6, ,6.5, ,103, ,76.6, 
211,7/28/2014,1800,209,0.01, ,0, ,600, ,14.8, ,80.8, ,41, ,55.1, ,7.9, ,133, ,76.5, 
211,7/28/2014,1900,209,0,Y,0, ,173, ,15.2, ,75.5,Y,50,Y,55.7,Y,7.4, ,139, ,76.3, 
211,7/28/2014,2000,209,0,Y,0, ,12, ,15.7, ,69.8,Y,63,Y,56.7,Y,4.9, ,134, ,76, 
211,7/28/2014,2100,209,0,Y,0, ,0, ,16, ,66.8,Y,71,Y,57.2,Y,4.1, ,124, ,75.5, 
211,7/28/2014,2200,209,0,Y,0, ,0, ,16, ,64.6,Y,77,Y,57.1,Y,4.2, ,130, ,75.1, 
211,7/28/2014,2300,209,0,Y,0, ,0, ,15.9, ,63.4,Y,80,Y,57,Y,2.9, ,119, ,74.6, 
211,7/28/2014,2400,209,0,Y,0, ,0, ,16, ,63,Y,81,Y,57.2,Y,3, ,120, ,74.2, 
211,7/29/2014,0100,210,0,Y,0, ,0, ,16, ,62.6,Y,83,Y,57.3,Y,2.7, ,122, ,73.8, 
211,7/29/2014,0200,210,0,Y,0, ,0, ,16, ,61.7,Y,85,Y,57.3,Y,2.8, ,118, ,73.5, 
211,7/29/2014,0300,210,0, ,0, ,0, ,15.8, ,60.9, ,87, ,56.9, ,2.4, ,139, ,73.2, 
211,7/29/2014,0400,210,0, ,0, ,0, ,15.5, ,60.2, ,87, ,56.4, ,1.8, ,78, ,72.9, 
211,7/29/2014,0500,210,0, ,0, ,0, ,15.5, ,59.7, ,88, ,56.3, ,1.2, ,105, ,72.6, 
211,7/29/2014,0600,210,0, ,0, ,50, ,15.2, ,58.8, ,90, ,55.8, ,1.6, ,159, ,72.3, 
211,7/29/2014,0700,210,0, ,0, ,172, ,16.4, ,61.5, ,88, ,57.8, ,1.2, ,168, ,72.1, 
211,7/29/2014,0800,210,0.01, ,0, ,617, ,17.7, ,64, ,87, ,60, ,1.9, ,252, ,71.8, 
211,7/29/2014,0900,210,0.01, ,0, ,1104, ,18.2, ,69.1, ,75, ,60.8, ,2.5, ,190, ,71.7, 
211,7/29/2014,1000,210,0.02, ,0, ,1421, ,18.1, ,74.3, ,63, ,60.7, ,4.3, ,146, ,71.9, 
211,7/29/2014,1100,210,0.03, ,0, ,1664, ,16.8, ,79, ,50, ,58.5, ,4.9, ,146, ,72.5, 
211,7/29/2014,1200,210,0.03, ,0, ,1797, ,17, ,84.4, ,42, ,58.8, ,4.8, ,137, ,73.5, 
211,7/29/2014,1300,210,0.03, ,0, ,1794, ,15.9, ,89, ,34, ,57, ,5.9, ,129, ,74.5, 
211,7/29/2014,1400,210,0.03, ,0, ,1712, ,15.9, ,89.5, ,34, ,57.1, ,8.4, ,151, ,75.3, 
211,7/29/2014,1500,210,0.03, ,0, ,1524, ,16.2, ,87, ,37, ,57.5, ,5.9, ,139, ,76, 
211,7/29/2014,1600,210,0.02, ,0, ,1238, ,15.9, ,86, ,37, ,57, ,6.3, ,128, ,76.6, 
211,7/29/2014,1700,210,0.02, ,0, ,888, ,15.9, ,81.3, ,44, ,57, ,7.3, ,133, ,76.8, 
211,7/29/2014,1800,210,0.01, ,0, ,521, ,15, ,77.6, ,46, ,55.4, ,7.8, ,135, ,76.9, 
211,7/29/2014,1900,210,0, ,0, ,176, ,14.7, ,73.4, ,52, ,54.9, ,7.4, ,140, ,76.6, 
211,7/29/2014,2000,210,0, ,0, ,5, ,15.1, ,67.6, ,65, ,55.6, ,6.6, ,146, ,76.3, 
211,7/29/2014,2100,210,0, ,0, ,0, ,15.4, ,63.6, ,77, ,56.1, ,3.9, ,133, ,75.8, 
211,7/29/2014,2200,210,0, ,0, ,0, ,15.5, ,62, ,81, ,56.3, ,2.5, ,90, ,75.3, 
211,7/29/2014,2300,210,0, ,0, ,0, ,15.2, ,61.2, ,82, ,55.7, ,1.1, ,118, ,74.9, 
211,7/29/2014,2400,210,0, ,0, ,0, ,14.9, ,60.7, ,82, ,55.3, ,1.8, ,154, ,74.4, 
211,7/30/2014,0100,211,0, ,0, ,0, ,14.7, ,59.9, ,84, ,54.9, ,1.4, ,20, ,74, 
211,7/30/2014,0200,211,0, ,0, ,0, ,14.7, ,58.9, ,87, ,54.9, ,1.7, ,16, ,73.6, 
211,7/30/2014,0300,211,0, ,0, ,0, ,14.7, ,58.1, ,89, ,54.9, ,1.6, ,27, ,73.2, 
211,7/30/2014,0400,211,0, ,0, ,0, ,14.6, ,57.6, ,90, ,54.7, ,2.6, ,13, ,72.9, 
211,7/30/2014,0500,211,0, ,0, ,0, ,14.5, ,57.1, ,91, ,54.5, ,2.1, ,10, ,72.6, 
211,7/30/2014,0600,211,0, ,0, ,40, ,14.3, ,56.5, ,92, ,54.1, ,2.2, ,17, ,72.2, 
211,7/30/2014,0700,211,0, ,0, ,371, ,15.6, ,59.9, ,89, ,56.5, ,2.8, ,16, ,72, 
211,7/30/2014,0800,211,0.01, ,0, ,762, ,16.6, ,64.4, ,80, ,58.2, ,3.2, ,26, ,71.7, 
211,7/30/2014,0900,211,0.01, ,0, ,1131, ,16.9, ,68.2, ,72, ,58.8, ,4.2, ,22, ,71.6, 
211,7/30/2014,1000,211,0.02, ,0, ,1445, ,17.1, ,73.1, ,61, ,59, ,4.7, ,21, ,71.7, 
211,7/30/2014,1100,211,0.02, ,0, ,1679, ,16.4, ,78.6, ,49, ,57.9, ,3.2, ,35, ,72.1, 
211,7/30/2014,1200,211,0.03, ,0, ,1811, ,16.3, ,84.1, ,41, ,57.7, ,2.8, ,42, ,72.8, 
211,7/30/2014,1300,211,0.03, ,0, ,1828, ,16.4, ,88.4, ,36, ,57.9, ,3.6, ,33, ,73.6, 
211,7/30/2014,1400,211,0.03,Y,0, ,1730, ,16.8, ,90.3,Y,35,Y,58.6,Y,6.3, ,20, ,74.5, 
211,7/30/2014,1500,211,0.03, ,0, ,1541, ,17.8, ,87, ,41, ,60.2, ,8.3, ,11, ,75.4, 
211,7/30/2014,1600,211,0.02, ,0, ,1116, ,17.2, ,81.3, ,47, ,59.3, ,8.8, ,135, ,76.2, 
211,7/30/2014,1700,211,0.02, ,0, ,921, ,16.5, ,79.4, ,48, ,58.1, ,8.4, ,133, ,76.3, 
211,7/30/2014,1800,211,0.01, ,0, ,562, ,16.1, ,76.2, ,52, ,57.4, ,9, ,134, ,76.2, 
211,7/30/2014,1900,211,0, ,0, ,195, ,16.3, ,71.8, ,61, ,57.7, ,8.1, ,143, ,76, 
211,7/30/2014,2000,211,0, ,0, ,5, ,15.9, ,66.3, ,72, ,57, ,5.3, ,143, ,75.7, 
211,7/30/2014,2100,211,0, ,0, ,0, ,15.7, ,63.1, ,79, ,56.6, ,3.2, ,101, ,75.3, 
211,7/30/2014,2200,211,0, ,0, ,0, ,15.5, ,61.6, ,83, ,56.4, ,3.1, ,121, ,74.9, 
211,7/30/2014,2300,211,0, ,0, ,0, ,15.3, ,60.4, ,85, ,56, ,2.1, ,112, ,74.4, 
211,7/30/2014,2400,211,0, ,0, ,0, ,14.9, ,59.2, ,87, ,55.3, ,2.1, ,142, ,74, 
211,7/31/2014,0100,212,0, ,0, ,0, ,14.7, ,58.3, ,89, ,54.9, ,2.9, ,132, ,73.6, 
211,7/31/2014,0200,212,0, ,0, ,0, ,14.7, ,57.6, ,91, ,54.9, ,3.4, ,116, ,73.2, 
211,7/31/2014,0300,212,0, ,0, ,0, ,14.8, ,57.2, ,93, ,55.1, ,3.8, ,125, ,72.9, 
211,7/31/2014,0400,212,0, ,0, ,0, ,14.7, ,56.6, ,94, ,54.9, ,3, ,113, ,72.5, 
211,7/31/2014,0500,212,0, ,0, ,0, ,14.5, ,56.1, ,95, ,54.6, ,3.3, ,126, ,72.2, 
211,7/31/2014,0600,212,0, ,0, ,29, ,14.6, ,56.2, ,95, ,54.8, ,3.7, ,137, ,71.9, 
211,7/31/2014,0700,212,0, ,0, ,184, ,15.4, ,57.5, ,95, ,56.2, ,3.6, ,145, ,71.6, 
211,7/31/2014,0800,212,0.01, ,0, ,662, ,16.3, ,59.9, ,92, ,57.7, ,4, ,132, ,71.4, 
211,7/31/2014,0900,212,0.01, ,0, ,1160, ,17, ,65.7, ,79, ,58.8, ,3.5, ,133, ,71.3, 
211,7/31/2014,1000,212,0.02, ,0, ,1405, ,17.7, ,71.1, ,68, ,60.1, ,3, ,94, ,71.5, 
211,7/31/2014,1100,212,0.02, ,0, ,1589, ,17.9, ,75.3, ,60, ,60.4, ,3.8, ,142, ,71.9, 
211,7/31/2014,1200,212,0.03, ,0, ,1902, ,18.8, ,81.2, ,52, ,61.8, ,3.5, ,154, ,72.6, 
211,7/31/2014,1300,212,0.03, ,0, ,1873, ,19.4, ,85.4, ,46, ,62.6, ,4.8, ,140, ,73.5, 
211,7/31/2014,1400,212,0.03, ,0, ,1766, ,18.6, ,89.5, ,39, ,61.5, ,6.4, ,149, ,74.4, 
211,7/31/2014,1500,212,0.03,Y,0, ,1565, ,17.9, ,91,Y,36,Y,60.3,Y,7.6, ,156, ,75.3, 
211,7/31/2014,1600,212,0.02,Y,0, ,1276, ,17.8, ,88.3,Y,39,Y,60.2,Y,8.5, ,149, ,76, 
211,7/31/2014,1700,212,0.02, ,0, ,931, ,18.1, ,83.7, ,46, ,60.6, ,8, ,139, ,76.4, 
211,7/31/2014,1800,212,0.01, ,0, ,558, ,17.7, ,78.7, ,53, ,60, ,7.6, ,144, ,76.4, 
211,7/31/2014,1900,212,0, ,0, ,191, ,17, ,72, ,63, ,58.8, ,7.1, ,137, ,76.3, 
211,7/31/2014,2000,212,0, ,0, ,4, ,16, ,64.1, ,78, ,57.3, ,6.2, ,127, ,76, 
211,7/31/2014,2100,212,0, ,0, ,0, ,15.5, ,61.3, ,84, ,56.4, ,4.4, ,122, ,75.6, 
211,7/31/2014,2200,212,0, ,0, ,0, ,15.1, ,59.6, ,87, ,55.7, ,2.3, ,117, ,75.1, 
211,7/31/2014,2300,212,0, ,0, ,0, ,14.6, ,58.2, ,88, ,54.8, ,1.5, ,101, ,74.6, 
211,7/31/2014,2400,212,0, ,0, ,0, ,14.1, ,57, ,89, ,53.8, ,1, ,126, ,74.2, 
211,8/1/2014,0100,213,0, ,0, ,0, ,13.8, ,56.2, ,89, ,53.2, ,1.2, ,125, ,73.7, 
211,8/1/2014,0200,213,0, ,0, ,0, ,13.3, ,55, ,90, ,52.1, ,1.4, ,38, ,73.3, 
211,8/1/2014,0300,213,0, ,0, ,0, ,12.8, ,53.7, ,91, ,51, ,1.4, ,141, ,72.8, 
211,8/1/2014,0400,213,0, ,0, ,0, ,12.9, ,53.7, ,92, ,51.3, ,1.9, ,120, ,72.4, 
211,8/1/2014,0500,213,0, ,0, ,0, ,12.7, ,52.9, ,93, ,50.9, ,1.7, ,119, ,72, 
211,8/1/2014,0600,213,0, ,0, ,47, ,12.8, ,52.6, ,95, ,51.2, ,1.7, ,113, ,71.7, 
211,8/1/2014,0700,213,0, ,0, ,278, ,14.1, ,55, ,95, ,53.7, ,2.6, ,123, ,71.3, 
211,8/1/2014,0800,213,0.01, ,0, ,803, ,16, ,60.4, ,90, ,57.3, ,4.4, ,130, ,71.1, 
211,8/1/2014,0900,213,0.01, ,0, ,1173, ,16.8, ,66.4, ,76, ,58.6, ,5.5, ,149, ,71, 
211,8/1/2014,1000,213,0.02, ,0, ,1491, ,17.5, ,71.3, ,67, ,59.8, ,4.9, ,147, ,71.1, 
211,8/1/2014,1100,213,0.03, ,0, ,1730, ,17.3, ,76.3, ,56, ,59.4, ,5.8, ,146, ,71.5, 
211,8/1/2014,1200,213,0.03, ,0, ,1863, ,17.6, ,80.9, ,49, ,59.9, ,5.2, ,128, ,72.2, 
211,8/1/2014,1300,213,0.03, ,0, ,1875, ,17.6, ,85.8, ,42, ,59.8, ,5.1, ,133, ,73, 
211,8/1/2014,1400,213,0.03, ,0, ,1778, ,17.4, ,89.4, ,37, ,59.6, ,6.2, ,139, ,73.8, 
211,8/1/2014,1500,213,0.03, ,0, ,1585, ,17.6, ,88.1, ,39, ,59.8, ,6.8, ,131, ,74.6, 
211,8/1/2014,1600,213,0.02, ,0, ,1285, ,18, ,83.6, ,46, ,60.5, ,8.7, ,147, ,75.3, 
211,8/1/2014,1700,213,0.02, ,0, ,936, ,17.7, ,79.8, ,51, ,60, ,8.5, ,141, ,75.6, 
211,8/1/2014,1800,213,0.01, ,0, ,531, ,17.1, ,74.9, ,58, ,59.1, ,7.9, ,141, ,75.7, 
211,8/1/2014,1900,213,0, ,0, ,176, ,16.4, ,69, ,68, ,57.8, ,6.9, ,133, ,75.5, 
211,8/1/2014,2000,213,0, ,0, ,7, ,15.8, ,63.7, ,78, ,56.8, ,5.9, ,120, ,75.2, 
211,8/1/2014,2100,213,0, ,0, ,0, ,15.5, ,60.9, ,85, ,56.3, ,3.9, ,118, ,74.8, 
211,8/1/2014,2200,213,0, ,0, ,0, ,15.1, ,59.4, ,87, ,55.6, ,2.9, ,111, ,74.4, 
211,8/1/2014,2300,213,0, ,0, ,0, ,14.9, ,58.4, ,89, ,55.2, ,2.5, ,124, ,73.9, 
211,8/1/2014,2400,213,0, ,0, ,0, ,14.5, ,57.3, ,90, ,54.5, ,1.9, ,126, ,73.5, 
211,8/2/2014,0100,214,0, ,0, ,0, ,14, ,56.1, ,91, ,53.5, ,1.4, ,100, ,73.1, 
211,8/2/2014,0200,214,0, ,0, ,0, ,13.5, ,55, ,91, ,52.6, ,1.2, ,338, ,72.7, 
211,8/2/2014,0300,214,0, ,0, ,0, ,13, ,53.9, ,92, ,51.5, ,1.3, ,127, ,72.3, 
211,8/2/2014,0400,214,0, ,0, ,0, ,13.1, ,53.7, ,93, ,51.6, ,1.7, ,124, ,72, 
211,8/2/2014,0500,214,0, ,0, ,0, ,13.2, ,53.8, ,93, ,51.9, ,1.3, ,104, ,71.6, 
211,8/2/2014,0600,214,0, ,0, ,63, ,13.5, ,54.3, ,94, ,52.6, ,2, ,130, ,71.3, 
211,8/2/2014,0700,214,0, ,0, ,387, ,15.3, ,57.6, ,95, ,56, ,1.4, ,104, ,71, 
211,8/2/2014,0800,214,0.01, ,0, ,764, ,16.8, ,62.8, ,86, ,58.6, ,1.8, ,2, ,70.7, 
211,8/2/2014,0900,214,0.01, ,0, ,1111, ,17.5, ,68.7, ,73, ,59.7, ,2.6, ,350, ,70.6, 
211,8/2/2014,1000,214,0.02, ,0, ,1428, ,18.3, ,74, ,64, ,60.9, ,3, ,126, ,70.8, 
211,8/2/2014,1100,214,0.02, ,0, ,1685, ,18.6, ,76.5, ,60, ,61.5, ,3.8, ,148, ,71.3, 
211,8/2/2014,1200,214,0.03, ,0, ,1825, ,18.9, ,82.6, ,50, ,61.8, ,2.8, ,112, ,72, 
211,8/2/2014,1300,214,0.03, ,0, ,1846, ,18.8, ,85.9, ,44, ,61.8, ,5.2, ,149, ,72.9, 
211,8/2/2014,1400,214,0.03, ,0, ,1751, ,18.6, ,88.7, ,40, ,61.4, ,5.6, ,151, ,73.8, 
211,8/2/2014,1500,214,0.03, ,0, ,1542, ,18.4, ,89, ,39, ,61.1, ,6.3, ,139, ,74.7, 
211,8/2/2014,1600,214,0.02, ,0, ,1248, ,18, ,85.7, ,43, ,60.5, ,6.2, ,125, ,75.4, 
211,8/2/2014,1700,214,0.02, ,0, ,907, ,17.3, ,79.6, ,50, ,59.4, ,7.8, ,136, ,75.8, 
211,8/2/2014,1800,214,0.01, ,0, ,556, ,16.8, ,75, ,57, ,58.5, ,8.3, ,143, ,75.8, 
211,8/2/2014,1900,214,0, ,0, ,211, ,16, ,69, ,66, ,57.2, ,8, ,144, ,75.7, 
211,8/2/2014,2000,214,0, ,0, ,8, ,15.2, ,63.6, ,76, ,55.9, ,7.5, ,135, ,75.4, 
211,8/2/2014,2100,214,0, ,0, ,0, ,14.9, ,60.1, ,84, ,55.3, ,6.5, ,126, ,75, 
211,8/2/2014,2200,214,0, ,0, ,0, ,14.7, ,58.5, ,88, ,54.8, ,7, ,133, ,74.5, 
211,8/2/2014,2300,214,0, ,0, ,0, ,14.6, ,57.5, ,90, ,54.6, ,8.4, ,144, ,74, 
211,8/2/2014,2400,214,0, ,0, ,0, ,14.6, ,57.1, ,91, ,54.6, ,8.5, ,151, ,73.5, 
211,8/3/2014,0100,215,0, ,0, ,0, ,14.6, ,57.1, ,92, ,54.7, ,8.4, ,148, ,73.1, 
211,8/3/2014,0200,215,0, ,0, ,0, ,14.6, ,57.2, ,92, ,54.7, ,7.4, ,154, ,72.7, 
211,8/3/2014,0300,215,0, ,0, ,0, ,14.6, ,57.1, ,92, ,54.7, ,7.6, ,154, ,72.3, 
211,8/3/2014,0400,215,0, ,0, ,0, ,14.6, ,57.1, ,91, ,54.6, ,7.2, ,155, ,72.1, 
211,8/3/2014,0500,215,0, ,0, ,0, ,14.6, ,56.9, ,92, ,54.7, ,6.9, ,150, ,71.8, 
211,8/3/2014,0600,215,0, ,0, ,13, ,14.7, ,57, ,93, ,54.9, ,6.5, ,149, ,71.5, 
211,8/3/2014,0700,215,0, ,0, ,104, ,14.9, ,57.4, ,92, ,55.2, ,6.9, ,148, ,71.3, 
211,8/3/2014,0800,215,0, ,0, ,210, ,15, ,58.2, ,90, ,55.4, ,6.2, ,149, ,71.2, 
211,8/3/2014,0900,215,0, ,0, ,360, ,15.2, ,58.9, ,89, ,55.8, ,5.5, ,158, ,71, 
211,8/3/2014,1000,215,0.01, ,0, ,1036, ,15.9, ,61.5, ,85, ,57, ,6.8, ,140, ,70.9, 
211,8/3/2014,1100,215,0.02, ,0, ,1388, ,16.7, ,65.9, ,77, ,58.4, ,8.5, ,147, ,71, 
211,8/3/2014,1200,215,0.03, ,0, ,1782, ,17.3, ,71.3, ,66, ,59.3, ,7.5, ,143, ,71.2, 
211,8/3/2014,1300,215,0.03, ,0, ,1722, ,17.5, ,76.3, ,56, ,59.7, ,6.6, ,131, ,71.6, 
211,8/3/2014,1400,215,0.02, ,0, ,1435, ,17.7, ,77.9, ,54, ,60.1, ,7.7, ,112, ,72.2, 
211,8/3/2014,1500,215,0.02, ,0, ,1343, ,17.4, ,77.3, ,54, ,59.6, ,7.9, ,118, ,72.8, 
211,8/3/2014,1600,215,0.02, ,0, ,998, ,16.5, ,74.2, ,57, ,58.1, ,9.6, ,140, ,73.2, 
211,8/3/2014,1700,215,0.01, ,0, ,831, ,16.2, ,72, ,60, ,57.6, ,7.8, ,122, ,73.4, 
211,8/3/2014,1800,215,0.01, ,0, ,405, ,15.5, ,67.5, ,67, ,56.3, ,7.9, ,122, ,73.5, 
211,8/3/2014,1900,215,0, ,0, ,117, ,14.8, ,63.4, ,74, ,55.1, ,7.9, ,130, ,73.4, 
211,8/3/2014,2000,215,0, ,0, ,11, ,14.5, ,61, ,79, ,54.5, ,5.5, ,120, ,73.1, 
211,8/3/2014,2100,215,0, ,0, ,0, ,14.4, ,59.6, ,82, ,54.3, ,4.5, ,111, ,72.8, 
211,8/3/2014,2200,215,0, ,0, ,0, ,14.3, ,58.9, ,84, ,54.1, ,6.5, ,156, ,72.5, 
211,8/3/2014,2300,215,0, ,0, ,0, ,14.1, ,58, ,86, ,53.8, ,5.2, ,153, ,72.1, 
211,8/3/2014,2400,215,0, ,0, ,0, ,14, ,57.8, ,86, ,53.6, ,4.4, ,148, ,71.8, 
211,8/4/2014,0100,216,0, ,0, ,0, ,14, ,57.4, ,87, ,53.6, ,4.9, ,139, ,71.5, 
211,8/4/2014,0200,216,0, ,0, ,0, ,14.1, ,57.4, ,88, ,53.8, ,4.6, ,136, ,71.3, 
211,8/4/2014,0300,216,0, ,0, ,0, ,14.3, ,58.1, ,86, ,54, ,5.9, ,153, ,71, 
211,8/4/2014,0400,216,0, ,0, ,0, ,14.2, ,58.2, ,86, ,53.9, ,5.1, ,155, ,70.8, 
211,8/4/2014,0500,216,0, ,0, ,0, ,14.1, ,58.1, ,85, ,53.7, ,4.9, ,147, ,70.6, 
211,8/4/2014,0600,216,0, ,0, ,17, ,14.1, ,58.1, ,85, ,53.7, ,5.4, ,155, ,70.4, 
211,8/4/2014,0700,216,0, ,0, ,63, ,14.1, ,58.2, ,85, ,53.8, ,6.3, ,164, ,70.3, 
211,8/4/2014,0800,216,0, ,0, ,174, ,14.3, ,58.9, ,84, ,54.1, ,6.4, ,159, ,70.2, 
211,8/4/2014,0900,216,0.01, ,0, ,590, ,14.8, ,60.2, ,83, ,55.1, ,7, ,152, ,70.1, 
211,8/4/2014,1000,216,0.02, ,0, ,1338, ,15.7, ,63.8, ,78, ,56.7, ,7.2, ,160, ,70, 
211,8/4/2014,1100,216,0.02, ,0, ,1819, ,16, ,66.7, ,72, ,57.3, ,7.4, ,163, ,70.2, 
211,8/4/2014,1200,216,0.03, ,0, ,2024, ,16.4, ,69.6, ,66, ,57.9, ,6.8, ,156, ,70.6, 
211,8/4/2014,1300,216,0.02, ,0, ,1626, ,16.3, ,72, ,61, ,57.7, ,6.5, ,141, ,71.2, 
211,8/4/2014,1400,216,0.03, ,0, ,1788, ,16.5, ,75.2, ,55, ,58.1, ,5.5, ,124, ,71.9, 
211,8/4/2014,1500,216,0.02, ,0, ,1704, ,16.7, ,77.1, ,53, ,58.4, ,6.7, ,147, ,72.5, 
211,8/4/2014,1600,216,0.02, ,0, ,1268, ,16.3, ,77, ,51, ,57.8, ,5.7, ,148, ,73.2, 
211,8/4/2014,1700,216,0.01, ,0, ,970, ,16, ,75.9, ,53, ,57.3, ,5.3, ,130, ,73.6, 
211,8/4/2014,1800,216,0.01, ,0, ,586, ,16, ,73.4, ,57, ,57.2, ,7.4, ,146, ,73.8, 
211,8/4/2014,1900,216,0, ,0, ,170, ,15.6, ,68.3, ,66, ,56.5, ,6.8, ,145, ,73.8, 
211,8/4/2014,2000,216,0, ,0, ,3, ,14.9, ,63.6, ,74, ,55.3, ,5.5, ,127, ,73.6, 
211,8/4/2014,2100,216,0, ,0, ,0, ,14.7, ,61, ,80, ,54.8, ,5.3, ,108, ,73.3, 
211,8/4/2014,2200,216,0, ,0, ,0, ,14.6, ,59.7, ,83, ,54.7, ,4.4, ,106, ,72.9, 
211,8/4/2014,2300,216,0, ,0, ,0, ,14.5, ,58.9, ,85, ,54.5, ,3.8, ,94, ,72.5, 
211,8/4/2014,2400,216,0, ,0, ,0, ,14.4, ,58.5, ,86, ,54.4, ,2.6, ,129, ,72.2, 
211,8/5/2014,0100,217,0, ,0, ,0, ,14.4, ,58.1, ,87, ,54.2, ,3.5, ,129, ,71.8, 
211,8/5/2014,0200,217,0, ,0, ,0, ,14.5, ,58, ,88, ,54.4, ,2.9, ,108, ,71.5, 
211,8/5/2014,0300,217,0, ,0, ,0, ,14.8, ,59.1, ,87, ,55.1, ,2.7, ,106, ,71.2, 
211,8/5/2014,0400,217,0, ,0, ,0, ,14.9, ,59.3, ,86, ,55.3, ,3, ,135, ,71, 
211,8/5/2014,0500,217,0, ,0, ,0, ,15.1, ,59.9, ,86, ,55.6, ,4.2, ,149, ,70.8, 
211,8/5/2014,0600,217,0, ,0, ,22, ,15.1, ,60.4, ,84, ,55.6, ,4.2, ,139, ,70.7, 
211,8/5/2014,0700,217,0, ,0, ,215, ,15.3, ,61.2, ,83, ,56.1, ,3.2, ,142, ,70.5, 
211,8/5/2014,0800,217,0.01, ,0, ,510, ,15.8, ,62.6, ,81, ,56.8, ,4.9, ,144, ,70.4, 
211,8/5/2014,0900,217,0.01, ,0, ,977, ,16.8, ,64.9, ,80, ,58.6, ,6.1, ,323, ,70.4, 
211,8/5/2014,1000,217,0.02, ,0, ,1360, ,17.7, ,70.1, ,70, ,60.1, ,9.8, ,325, ,70.5, 
211,8/5/2014,1100,217,0.02, ,0, ,1568, ,18.7, ,72.6, ,68, ,61.5, ,5.8, ,346, ,70.8, 
211,8/5/2014,1200,217,0.02, ,0, ,1714, ,18.6, ,75.3, ,62, ,61.4, ,3.9, ,131, ,71.3, 
211,8/5/2014,1300,217,0.03, ,0, ,1741, ,19, ,78.4, ,57, ,62, ,5.3, ,145, ,72.1, 
211,8/5/2014,1400,217,0.03, ,0, ,1644, ,19.3, ,81.7, ,52, ,62.4, ,5.1, ,151, ,72.9, 
211,8/5/2014,1500,217,0.02, ,0, ,1444, ,19.3, ,84.1, ,48, ,62.5, ,5.4, ,153, ,73.8, 
211,8/5/2014,1600,217,0.02, ,0, ,1147, ,19.3, ,84.6, ,48, ,62.5, ,6.3, ,152, ,74.4, 
211,8/5/2014,1700,217,0.01, ,0, ,779, ,18.9, ,82.2, ,50, ,61.9, ,9.7, ,329, ,74.9, 
211,8/5/2014,1800,217,0.01, ,0, ,438, ,17.7, ,78.9, ,53, ,60.1, ,13.1, ,326, ,75.1, 
211,8/5/2014,1900,217,0,Y,0, ,58, ,17.7, ,76.6,Y,57,Y,60,Y,5.8, ,335, ,75, 
211,8/5/2014,2000,217,0, ,0, ,1, ,16.4, ,66.1, ,75, ,57.9, ,7, ,134, ,74.8, 
211,8/5/2014,2100,217,0, ,0, ,0, ,16.1, ,62.6, ,83, ,57.3, ,5.4, ,122, ,74.4, 
211,8/5/2014,2200,217,0, ,0, ,0, ,15.9, ,61.1, ,87, ,57.1, ,4.5, ,120, ,74, 
211,8/5/2014,2300,217,0, ,0, ,0, ,15.8, ,60.1, ,89, ,56.9, ,3.4, ,124, ,73.6, 
211,8/5/2014,2400,217,0, ,0, ,0, ,15.5, ,59.3, ,90, ,56.4, ,2, ,113, ,73.1, 
211,8/6/2014,0100,218,0, ,0, ,0, ,15.3, ,58.6, ,91, ,55.9, ,2.2, ,132, ,72.8, 
211,8/6/2014,0200,218,0, ,0, ,0, ,15.2, ,58.4, ,91, ,55.8, ,2.6, ,218, ,72.4, 
211,8/6/2014,0300,218,0, ,0, ,0, ,15, ,57.9, ,92, ,55.5, ,1.9, ,43, ,72.1, 
211,8/6/2014,0400,218,0, ,0, ,0, ,15.4, ,58.9, ,91, ,56.2, ,1.7, ,150, ,71.8, 
211,8/6/2014,0500,218,0, ,0, ,0, ,15.5, ,59.2, ,90, ,56.4, ,1.2, ,21, ,71.5, 
211,8/6/2014,0600,218,0, ,0, ,59, ,15.6, ,59.4, ,90, ,56.5, ,3.1, ,149, ,71.3, 
211,8/6/2014,0700,218,0, ,0, ,115, ,15.8, ,60.1, ,89, ,56.8, ,4.9, ,157, ,71.1, 
211,8/6/2014,0800,218,0, ,0, ,166, ,16.1, ,61.3, ,87, ,57.4, ,3.3, ,157, ,71, 
211,8/6/2014,0900,218,0, ,0, ,210, ,16.5, ,63, ,84, ,58.1, ,1.5, ,105, ,70.9, 
211,8/6/2014,1000,218,0.01, ,0, ,592, ,17.5, ,65.1, ,83, ,59.7, ,4, ,137, ,70.8, 
211,8/6/2014,1100,218,0.02, ,0, ,1601, ,19, ,68.8, ,79, ,62, ,5.6, ,145, ,70.9, 
211,8/6/2014,1200,218,0.02, ,0, ,1735, ,19.5, ,73, ,70, ,62.8, ,6.4, ,151, ,71.2, 
211,8/6/2014,1300,218,0.03, ,0, ,1759, ,19.7, ,77.5, ,61, ,63, ,6.4, ,143, ,71.7, 
211,8/6/2014,1400,218,0.03, ,0, ,1646, ,20.2, ,82.1, ,54, ,63.7, ,6.6, ,155, ,72.4, 
211,8/6/2014,1500,218,0.02, ,0, ,1453, ,19.9, ,83.3, ,51, ,63.4, ,8.5, ,156, ,73.2, 
211,8/6/2014,1600,218,0.02, ,0, ,1136, ,19.3, ,80.3, ,55, ,62.4, ,7.5, ,146, ,73.9, 
211,8/6/2014,1700,218,0.01, ,0, ,797, ,18.6, ,76.1, ,60, ,61.4, ,7.2, ,131, ,74.3, 
211,8/6/2014,1800,218,0.01, ,0, ,378, ,17.7, ,70.6, ,69, ,60.1, ,8.6, ,141, ,74.5, 
211,8/6/2014,1900,218,0, ,0, ,129, ,17.1, ,66.6, ,77, ,59.1, ,7.7, ,139, ,74.4, 
211,8/6/2014,2000,218,0, ,0, ,5, ,16.6, ,63.4, ,83, ,58.2, ,7, ,137, ,74.2, 
211,8/6/2014,2100,218,0, ,0, ,0, ,16.3, ,61.5, ,87, ,57.7, ,6.3, ,143, ,73.9, 
211,8/6/2014,2200,218,0, ,0, ,0, ,16, ,60.1, ,90, ,57.2, ,4.4, ,130, ,73.5, 
211,8/6/2014,2300,218,0, ,0, ,0, ,15.8, ,59.3, ,91, ,56.8, ,3.7, ,121, ,73.1, 
211,8/6/2014,2400,218,0, ,0, ,0, ,15.6, ,58.7, ,92, ,56.5, ,3.4, ,146, ,72.7, 
211,8/7/2014,0100,219,0, ,0, ,0, ,15.7, ,58.6, ,93, ,56.6, ,3.7, ,145, ,72.4, 
211,8/7/2014,0200,219,0, ,0, ,0, ,15.9, ,59.1, ,93, ,57.1, ,4.8, ,151, ,72.1, 
211,8/7/2014,0300,219,0, ,0, ,0, ,15.8, ,58.8, ,93, ,56.8, ,5, ,140, ,71.8, 
211,8/7/2014,0400,219,0, ,0, ,0, ,15.6, ,58.8, ,92, ,56.5, ,4.2, ,136, ,71.6, 
211,8/7/2014,0500,219,0, ,0, ,0, ,15.6, ,59.1, ,91, ,56.5, ,4.6, ,144, ,71.4, 
211,8/7/2014,0600,219,0, ,0, ,13, ,15.5, ,58.2, ,93, ,56.3, ,4.5, ,147, ,71.2, 
211,8/7/2014,0700,219,0, ,0, ,102, ,15.4, ,58.1, ,93, ,56.1, ,3.9, ,145, ,71, 
211,8/7/2014,0800,219,0, ,0, ,236, ,15.6, ,59, ,92, ,56.6, ,3.7, ,151, ,70.9, 
211,8/7/2014,0900,219,0.01, ,0, ,514, ,16.1, ,60.5, ,89, ,57.3, ,6.1, ,156, ,70.8, 
211,8/7/2014,1000,219,0.02, ,0, ,1272, ,16.8, ,64, ,83, ,58.6, ,6.4, ,146, ,70.8, 
211,8/7/2014,1100,219,0.02, ,0, ,1587, ,17.9, ,69.5, ,73, ,60.3, ,6.2, ,142, ,70.9, 
211,8/7/2014,1200,219,0.02, ,0, ,1722, ,18.3, ,74.6, ,62, ,60.9, ,6.1, ,132, ,71.3, 
211,8/7/2014,1300,219,0.03, ,0, ,1747, ,18.2, ,77.8, ,56, ,60.8, ,7.5, ,138, ,71.9, 
211,8/7/2014,1400,219,0.03, ,0, ,1658, ,18.1, ,77.9, ,56, ,60.7, ,8.7, ,143, ,72.6, 
211,8/7/2014,1500,219,0.02, ,0, ,1455, ,18.2, ,77.9, ,56, ,60.7, ,8.4, ,137, ,73.3, 
211,8/7/2014,1600,219,0.02, ,0, ,1159, ,17.8, ,75.7, ,59, ,60.1, ,8.9, ,135, ,73.8, 
211,8/7/2014,1700,219,0.01, ,0, ,811, ,17.1, ,72.5, ,63, ,59.1, ,8.6, ,134, ,74, 
211,8/7/2014,1800,219,0.01, ,0, ,437, ,16.6, ,69.1, ,68, ,58.2, ,8.8, ,142, ,74, 
211,8/7/2014,1900,219,0, ,0, ,119, ,15.8, ,65.2, ,75, ,56.9, ,7, ,139, ,73.9, 
211,8/7/2014,2000,219,0, ,0, ,2, ,15.2, ,61.4, ,82, ,55.9, ,7.4, ,146, ,73.6, 
211,8/7/2014,2100,219,0, ,0, ,0, ,14.9, ,59.2, ,87, ,55.2, ,6.2, ,146, ,73.3, 
211,8/7/2014,2200,219,0, ,0, ,0, ,14.7, ,57.9, ,89, ,54.8, ,4, ,117, ,72.9, 
211,8/7/2014,2300,219,0, ,0, ,0, ,14.4, ,57, ,91, ,54.4, ,3.5, ,117, ,72.5, 
211,8/7/2014,2400,219,0, ,0, ,0, ,14, ,56, ,91, ,53.5, ,2.6, ,118, ,72.1, 
211,8/8/2014,0100,220,0, ,0, ,0, ,13.8, ,55.3, ,92, ,53.1, ,3.1, ,119, ,71.7, 
211,8/8/2014,0200,220,0, ,0, ,0, ,14.9, ,57.1, ,93, ,55.2, ,6.1, ,132, ,71.4, 
211,8/8/2014,0300,220,0, ,0, ,0, ,15.2, ,58, ,92, ,55.7, ,5.9, ,148, ,71.1, 
211,8/8/2014,0400,220,0, ,0, ,0, ,15, ,57.8, ,92, ,55.4, ,7.5, ,151, ,70.9, 
211,8/8/2014,0500,220,0, ,0, ,0, ,14.6, ,57.4, ,91, ,54.7, ,7.8, ,162, ,70.7, 
211,8/8/2014,0600,220,0, ,0, ,8, ,14.6, ,57.5, ,91, ,54.7, ,6.9, ,156, ,70.5, 
211,8/8/2014,0700,220,0, ,0, ,73, ,14.6, ,57.4, ,91, ,54.6, ,6.6, ,167, ,70.3, 
211,8/8/2014,0800,220,0, ,0, ,254, ,14.6, ,57.2, ,92, ,54.8, ,6.3, ,158, ,70.2, 
211,8/8/2014,0900,220,0.01, ,0, ,821, ,15, ,60.3, ,84, ,55.5, ,5.5, ,158, ,70, 
211,8/8/2014,1000,220,0.02, ,0, ,1430, ,15.6, ,65.6, ,72, ,56.5, ,6.2, ,149, ,69.9, 
211,8/8/2014,1100,220,0.02, ,0, ,1689, ,16, ,70, ,64, ,57.3, ,8, ,140, ,70.1, 
211,8/8/2014,1200,220,0.03, ,0, ,1819, ,16.8, ,75.3, ,56, ,58.5, ,5.7, ,132, ,70.5, 
211,8/8/2014,1300,220,0.03, ,0, ,1840, ,16.4, ,78.8, ,49, ,57.8, ,8.1, ,150, ,71.1, 
211,8/8/2014,1400,220,0.03, ,0, ,1699, ,16.9, ,79.3, ,49, ,58.8, ,7.9, ,158, ,71.9, 
211,8/8/2014,1500,220,0.02, ,0, ,1430, ,16.7, ,79.1, ,49, ,58.4, ,8.1, ,155, ,72.6, 
211,8/8/2014,1600,220,0.02, ,0, ,1148, ,16.7, ,78.2, ,51, ,58.4, ,7.8, ,143, ,73.1, 
211,8/8/2014,1700,220,0.01, ,0, ,873, ,16.9, ,75.1, ,57, ,58.7, ,8.7, ,133, ,73.5, 
211,8/8/2014,1800,220,0.01, ,0, ,481, ,16.5, ,71.2, ,63, ,58, ,8.3, ,136, ,73.5, 
211,8/8/2014,1900,220,0, ,0, ,131, ,15.4, ,65, ,73, ,56.2, ,8.4, ,144, ,73.4, 
211,8/8/2014,2000,220,0, ,0, ,2, ,14.8, ,61.4, ,80, ,55.1, ,7, ,139, ,73.2, 
211,8/8/2014,2100,220,0, ,0, ,0, ,14.4, ,59.2, ,84, ,54.4, ,4.7, ,112, ,72.8, 
211,8/8/2014,2200,220,0, ,0, ,0, ,14.1, ,58, ,86, ,53.7, ,4.5, ,111, ,72.4, 
211,8/8/2014,2300,220,0, ,0, ,0, ,13.9, ,57, ,88, ,53.4, ,3.5, ,116, ,72, 
211,8/8/2014,2400,220,0, ,0, ,0, ,13.7, ,56.2, ,89, ,52.9, ,3.2, ,118, ,71.6, 
211,8/9/2014,0100,221,0, ,0, ,0, ,13.2, ,55.1, ,89, ,52, ,3, ,133, ,71.2, 
211,8/9/2014,0200,221,0, ,0, ,0, ,13.5, ,54.9, ,92, ,52.5, ,3.2, ,114, ,70.9, 
211,8/9/2014,0300,221,0, ,0, ,0, ,14.5, ,56.8, ,92, ,54.5, ,4.7, ,125, ,70.6, 
211,8/9/2014,0400,221,0, ,0, ,0, ,14, ,56.5, ,90, ,53.6, ,4.4, ,120, ,70.3, 
211,8/9/2014,0500,221,0, ,0, ,0, ,13.4, ,55, ,91, ,52.4, ,4, ,127, ,70, 
211,8/9/2014,0600,221,0, ,0, ,13, ,13.9, ,55.6, ,92, ,53.4, ,4.5, ,126, ,69.8, 
211,8/9/2014,0700,221,0, ,0, ,105, ,14.2, ,56.6, ,91, ,53.9, ,4.5, ,133, ,69.5, 
211,8/9/2014,0800,221,0, ,0, ,285, ,14.6, ,57.8, ,90, ,54.7, ,4.2, ,144, ,69.2, 
211,8/9/2014,0900,221,0.01, ,0, ,781, ,14.9, ,59.8, ,85, ,55.3, ,5.2, ,126, ,68.9, 
211,8/9/2014,1000,221,0.02, ,0, ,1426, ,16, ,64, ,78, ,57.2, ,5.4, ,126, ,68.8, 
211,8/9/2014,1100,221,0.02, ,0, ,1695, ,16.2, ,69.9, ,65, ,57.6, ,7.8, ,154, ,69, 
211,8/9/2014,1200,221,0.03, ,0, ,1718, ,16.5, ,73.9, ,58, ,58, ,9.4, ,148, ,69.5, 
211,8/9/2014,1300,221,0.03, ,0, ,1842, ,15.9, ,76.5, ,51, ,57.1, ,10.2, ,157, ,70.2, 
211,8/9/2014,1400,221,0.03, ,0, ,1743, ,15.9, ,77.6, ,49, ,57.1, ,9.4, ,153, ,70.8, 
211,8/9/2014,1500,221,0.02, ,0, ,1530, ,16.4, ,77.7, ,51, ,58, ,8.5, ,150, ,71.4, 
211,8/9/2014,1600,221,0.02, ,0, ,1231, ,16.6, ,76.6, ,53, ,58.2, ,6.9, ,130, ,72, 
211,8/9/2014,1700,221,0.01, ,0, ,867, ,16.3, ,72.6, ,60, ,57.8, ,7, ,124, ,72.3, 
211,8/9/2014,1800,221,0.01, ,0, ,500, ,15.5, ,67.2, ,68, ,56.3, ,7.6, ,129, ,72.5, 
211,8/9/2014,1900,221,0, ,0, ,140, ,14.8, ,62.9, ,76, ,55.1, ,6.8, ,128, ,72.4, 
211,8/9/2014,2000,221,0, ,0, ,2, ,14.2, ,58.9, ,83, ,53.9, ,5.5, ,126, ,72.2, 
211,8/9/2014,2100,221,0, ,0, ,0, ,14, ,57.6, ,86, ,53.5, ,5.8, ,156, ,71.9, 
211,8/9/2014,2200,221,0, ,0, ,0, ,13.8, ,56.6, ,88, ,53.2, ,5.3, ,159, ,71.5, 
211,8/9/2014,2300,221,0, ,0, ,0, ,13.6, ,55.7, ,90, ,52.7, ,3, ,131, ,71.1, 
211,8/9/2014,2400,221,0, ,0, ,0, ,12.9, ,54.1, ,91, ,51.4, ,1.6, ,115, ,70.7, 
211,8/10/2014,0100,222,0, ,0, ,0, ,12.9, ,53.7, ,91, ,51.2, ,1.6, ,143, ,70.4, 
211,8/10/2014,0200,222,0, ,0, ,0, ,13.9, ,56.3, ,90, ,53.4, ,1.1, ,79, ,70, 
211,8/10/2014,0300,222,0, ,0, ,0, ,14.1, ,57.2, ,88, ,53.7, ,3.1, ,167, ,69.8, 
211,8/10/2014,0400,222,0, ,0, ,0, ,14, ,56.8, ,89, ,53.6, ,4.3, ,164, ,69.6, 
211,8/10/2014,0500,222,0, ,0, ,0, ,14, ,56.3, ,91, ,53.6, ,3.1, ,139, ,69.4, 
211,8/10/2014,0600,222,0, ,0, ,7, ,14.2, ,56.4, ,91, ,53.9, ,3.2, ,128, ,69.3, 
211,8/10/2014,0700,222,0, ,0, ,54, ,14.2, ,56.6, ,91, ,53.9, ,4.4, ,172, ,69.2, 
211,8/10/2014,0800,222,0, ,0, ,145, ,14.1, ,57.1, ,88, ,53.7, ,5.4, ,167, ,69.1, 
211,8/10/2014,0900,222,0, ,0, ,322, ,14.1, ,58.1, ,86, ,53.8, ,5.6, ,161, ,69, 
211,8/10/2014,1000,222,0.01, ,0, ,836, ,14.6, ,60.5, ,81, ,54.6, ,5.8, ,161, ,68.9, 
211,8/10/2014,1100,222,0.02, ,0, ,1687, ,15.6, ,65.4, ,73, ,56.5, ,6.1, ,134, ,69, 
211,8/10/2014,1200,222,0.02, ,0, ,1612, ,15.9, ,70.3, ,63, ,57.1, ,6.4, ,124, ,69.3, 
211,8/10/2014,1300,222,0.02, ,0, ,1530, ,16, ,72.9, ,58, ,57.1, ,7.2, ,139, ,69.8, 
211,8/10/2014,1400,222,0.02, ,0, ,1208, ,16.1, ,74.5, ,55, ,57.3, ,6.9, ,145, ,70.4, 
211,8/10/2014,1500,222,0.02, ,0, ,1381, ,16.1, ,76, ,53, ,57.5, ,7, ,152, ,70.9, 
211,8/10/2014,1600,222,0.02, ,0, ,1065, ,16.1, ,75.4, ,54, ,57.4, ,8.4, ,146, ,71.3, 
211,8/10/2014,1700,222,0.01, ,0, ,929, ,15.8, ,75.1, ,53, ,56.9, ,8.2, ,139, ,71.7, 
211,8/10/2014,1800,222,0.01, ,0, ,594, ,15.7, ,72.6, ,57, ,56.6, ,7.1, ,134, ,71.9, 
211,8/10/2014,1900,222,0, ,0, ,169, ,15.3, ,67.7, ,66, ,56, ,6.9, ,124, ,71.9, 
211,8/10/2014,2000,222,0, ,0, ,2, ,15, ,62.3, ,78, ,55.4, ,6, ,127, ,71.7, 
211,8/10/2014,2100,222,0, ,0, ,0, ,14.8, ,60.2, ,83, ,55, ,4.2, ,110, ,71.5, 
211,8/10/2014,2200,222,0, ,0, ,0, ,14.7, ,59.1, ,86, ,54.9, ,4.5, ,108, ,71.2, 
211,8/10/2014,2300,222,0, ,0, ,0, ,14.5, ,57.9, ,88, ,54.5, ,3.1, ,113, ,70.9, 
211,8/10/2014,2400,222,0, ,0, ,0, ,14.1, ,56.7, ,90, ,53.8, ,2.5, ,101, ,70.6, 
211,8/11/2014,0100,223,0, ,0, ,0, ,13.7, ,55.6, ,90, ,52.9, ,2.6, ,131, ,70.3, 
211,8/11/2014,0200,223,0, ,0, ,0, ,13.7, ,55.4, ,91, ,52.9, ,2.3, ,126, ,70, 
211,8/11/2014,0300,223,0, ,0, ,0, ,14.6, ,57.4, ,91, ,54.7, ,4, ,137, ,69.7, 
211,8/11/2014,0400,223,0, ,0, ,0, ,14.8, ,58.3, ,89, ,55, ,4.4, ,148, ,69.4, 
211,8/11/2014,0500,223,0, ,0, ,0, ,14.6, ,58, ,89, ,54.8, ,4, ,151, ,69.2, 
211,8/11/2014,0600,223,0, ,0, ,15, ,14.6, ,58.1, ,89, ,54.7, ,3.5, ,142, ,69.1, 
211,8/11/2014,0700,223,0, ,0, ,129, ,14.5, ,58.2, ,88, ,54.5, ,4.1, ,154, ,69, 
211,8/11/2014,0800,223,0.01, ,0, ,488, ,14.8, ,59.3, ,86, ,55, ,4, ,126, ,68.9, 
211,8/11/2014,0900,223,0.01, ,0, ,1081, ,15.6, ,63, ,79, ,56.5, ,5.3, ,144, ,68.9, 
211,8/11/2014,1000,223,0.02, ,0, ,1396, ,16.4, ,67.3, ,72, ,57.9, ,4.9, ,137, ,69, 
211,8/11/2014,1100,223,0.02, ,0, ,1632, ,16.8, ,72.2, ,62, ,58.5, ,5.3, ,112, ,69.3, 
211,8/11/2014,1200,223,0.03, ,0, ,1759, ,17.3, ,77.1, ,54, ,59.4, ,5.7, ,95, ,69.9, 
211,8/11/2014,1300,223,0.03, ,0, ,1790, ,17.1, ,81, ,47, ,59.1, ,6.2, ,104, ,70.6, 
211,8/11/2014,1400,223,0.03, ,0, ,1695, ,15.9, ,84.1, ,40, ,57, ,5.7, ,32, ,71.4, 
211,8/11/2014,1500,223,0.03, ,0, ,1488, ,13.5, ,84.5, ,33, ,52.5, ,6.9, ,306, ,72.2, 
211,8/11/2014,1600,223,0.02, ,0, ,1194, ,14.7, ,81.5, ,40, ,54.9, ,6.4, ,121, ,72.9, 
211,8/11/2014,1700,223,0.01, ,0, ,841, ,15.2, ,77.8, ,47, ,55.8, ,6.4, ,127, ,73.3, 
211,8/11/2014,1800,223,0.01, ,0, ,469, ,15.2, ,72.9, ,55, ,55.9, ,6.7, ,119, ,73.5, 
211,8/11/2014,1900,223,0, ,0, ,121, ,14.8, ,67.3, ,65, ,55.1, ,7.2, ,130, ,73.4, 
211,8/11/2014,2000,223,0, ,0, ,1, ,14.7, ,63.1, ,74, ,54.8, ,5.7, ,111, ,73.1, 
211,8/11/2014,2100,223,0, ,0, ,0, ,14.6, ,60.9, ,80, ,54.8, ,4.9, ,109, ,72.8, 
211,8/11/2014,2200,223,0, ,0, ,0, ,14.6, ,59.7, ,83, ,54.7, ,4.3, ,112, ,72.3, 
211,8/11/2014,2300,223,0, ,0, ,0, ,14.6, ,58.8, ,86, ,54.7, ,4.7, ,111, ,71.9, 
211,8/11/2014,2400,223,0, ,0, ,0, ,14.4, ,58, ,87, ,54.3, ,4.3, ,117, ,71.5, 
211,8/12/2014,0100,224,0, ,0, ,0, ,14.2, ,57.5, ,88, ,53.9, ,3.5, ,132, ,71.2, 
211,8/12/2014,0200,224,0, ,0, ,0, ,14.2, ,57.5, ,88, ,54, ,3.9, ,134, ,70.8, 
211,8/12/2014,0300,224,0, ,0, ,0, ,14.4, ,58.2, ,87, ,54.4, ,4, ,128, ,70.5, 
211,8/12/2014,0400,224,0, ,0, ,0, ,14.6, ,58.7, ,87, ,54.7, ,3, ,123, ,70.2, 
211,8/12/2014,0500,224,0, ,0, ,0, ,14.6, ,58.2, ,88, ,54.7, ,3.4, ,140, ,70, 
211,8/12/2014,0600,224,0, ,0, ,18, ,14.9, ,59.3, ,86, ,55.2, ,3.8, ,140, ,69.7, 
211,8/12/2014,0700,224,0, ,0, ,83, ,14.5, ,59.4, ,84, ,54.5, ,5.1, ,157, ,69.6, 
211,8/12/2014,0800,224,0.01, ,0, ,594, ,14.8, ,61.8, ,79, ,55.1, ,5, ,130, ,69.4, 
211,8/12/2014,0900,224,0.01, ,0, ,1067, ,15.6, ,65.2, ,74, ,56.5, ,5.6, ,118, ,69.3, 
211,8/12/2014,1000,224,0.02, ,0, ,1369, ,16.3, ,68, ,70, ,57.7, ,5.6, ,106, ,69.4, 
211,8/12/2014,1100,224,0.02, ,0, ,1627, ,16.5, ,71, ,64, ,58.1, ,5.4, ,106, ,69.7, 
211,8/12/2014,1200,224,0.03, ,0, ,1770, ,17.5, ,74.6, ,60, ,59.7, ,5, ,61, ,70.3, 
211,8/12/2014,1300,224,0.03, ,0, ,1788, ,17, ,78.9, ,50, ,58.8, ,3.6, ,355, ,71.2, 
211,8/12/2014,1400,224,0.03, ,0, ,1656, ,16.1, ,82.8, ,42, ,57.4, ,4.1, ,342, ,72.2, 
211,8/12/2014,1500,224,0.02, ,0, ,1495, ,15.4, ,82.7, ,40, ,56.2, ,6.6, ,322, ,73.2, 
211,8/12/2014,1600,224,0.02, ,0, ,1124, ,15.6, ,81.1, ,43, ,56.5, ,5.8, ,104, ,74, 
211,8/12/2014,1700,224,0.01, ,0, ,800, ,15.7, ,77.8, ,48, ,56.7, ,6.3, ,126, ,74.5, 
211,8/12/2014,1800,224,0.01, ,0, ,446, ,15.8, ,72.7, ,57, ,56.8, ,6.4, ,125, ,74.7, 
211,8/12/2014,1900,224,0, ,0, ,43, ,15.3, ,66.5, ,69, ,56, ,5, ,108, ,74.5, 
211,8/12/2014,2000,224,0, ,0, ,1, ,15.1, ,62.6, ,78, ,55.6, ,5, ,121, ,74.2, 
211,8/12/2014,2100,224,0, ,0, ,0, ,15, ,60.5, ,84, ,55.5, ,4.3, ,112, ,73.8, 
211,8/12/2014,2200,224,0, ,0, ,0, ,14.9, ,59.2, ,87, ,55.3, ,4, ,105, ,73.3, 
211,8/12/2014,2300,224,0, ,0, ,0, ,14.5, ,58, ,88, ,54.5, ,2.5, ,117, ,72.9, 
211,8/12/2014,2400,224,0, ,0, ,0, ,14, ,56.6, ,90, ,53.6, ,2, ,100, ,72.4, 
211,8/13/2014,0100,225,0, ,0, ,0, ,13.4, ,55, ,90, ,52.3, ,1.8, ,6, ,72, 
211,8/13/2014,0200,225,0, ,0, ,0, ,12.7, ,53.3, ,91, ,50.9, ,1.6, ,135, ,71.6, 
211,8/13/2014,0300,225,0, ,0, ,0, ,13.5, ,54.7, ,93, ,52.5, ,2.5, ,146, ,71.2, 
211,8/13/2014,0400,225,0, ,0, ,0, ,15, ,58.5, ,89, ,55.3, ,2.1, ,149, ,70.8, 
211,8/13/2014,0500,225,0, ,0, ,0, ,14.9, ,58.8, ,88, ,55.3, ,1.9, ,340, ,70.5, 
211,8/13/2014,0600,225,0, ,0, ,13, ,14.9, ,59.3, ,86, ,55.2, ,2.7, ,130, ,70.3, 
211,8/13/2014,0700,225,0, ,0, ,110, ,14.6, ,59.7, ,83, ,54.6, ,3.4, ,161, ,70.2, 
211,8/13/2014,0800,225,0, ,0, ,441, ,14.7, ,61.1, ,80, ,54.9, ,3.4, ,158, ,70.1, 
211,8/13/2014,0900,225,0.01, ,0, ,1054, ,15.3, ,64, ,75, ,55.9, ,3.9, ,123, ,70, 
211,8/13/2014,1000,225,0.02, ,0, ,1358, ,16, ,67.9, ,69, ,57.2, ,3.6, ,130, ,70.1, 
211,8/13/2014,1100,225,0.02, ,0, ,1609, ,15.9, ,72.6, ,58, ,57, ,3.4, ,61, ,70.4, 
211,8/13/2014,1200,225,0.02, ,0, ,1720, ,16.2, ,77.1, ,51, ,57.6, ,3.7, ,353, ,71, 
211,8/13/2014,1300,225,0.03, ,0, ,1751, ,16.4, ,80.1, ,47, ,57.9, ,4.1, ,172, ,71.8, 
211,8/13/2014,1400,225,0.03, ,0, ,1654, ,16.7, ,83.4, ,43, ,58.4, ,4.6, ,151, ,72.5, 
211,8/13/2014,1500,225,0.02, ,0, ,1445, ,17.1, ,84.8, ,42, ,59.1, ,7, ,161, ,73.3, 
211,8/13/2014,1600,225,0.02, ,0, ,1164, ,17.1, ,85.1, ,41, ,59.1, ,6.4, ,134, ,74.1, 
211,8/13/2014,1700,225,0.01, ,0, ,822, ,17.5, ,80.6, ,49, ,59.8, ,6.5, ,141, ,74.6, 
211,8/13/2014,1800,225,0.01, ,0, ,463, ,17.2, ,76.4, ,56, ,59.3, ,4.8, ,114, ,74.8, 
211,8/13/2014,1900,225,0, ,0, ,117, ,16.9, ,70.5, ,67, ,58.8, ,5, ,110, ,74.7, 
211,8/13/2014,2000,225,0, ,0, ,1, ,16.5, ,64.7, ,79, ,58.1, ,5.6, ,127, ,74.5, 
211,8/13/2014,2100,225,0, ,0, ,0, ,16.4, ,62.6, ,84, ,57.8, ,5.4, ,127, ,74.1, 
211,8/13/2014,2200,225,0, ,0, ,0, ,16.3, ,61.4, ,88, ,57.7, ,5, ,145, ,73.7, 
211,8/13/2014,2300,225,0, ,0, ,0, ,15.9, ,60.1, ,89, ,57, ,2.4, ,99, ,73.3, 
211,8/13/2014,2400,225,0, ,0, ,0, ,15.8, ,59.6, ,91, ,56.9, ,3.4, ,137, ,72.9, 
211,8/14/2014,0100,226,0, ,0, ,0, ,15.5, ,58.7, ,91, ,56.3, ,3, ,148, ,72.5, 
211,8/14/2014,0200,226,0, ,0, ,0, ,14.4, ,56.8, ,91, ,54.3, ,1.3, ,111, ,72.2, 
211,8/14/2014,0300,226,0, ,0, ,0, ,13.8, ,55.4, ,92, ,53.1, ,1.4, ,336, ,71.8, 
211,8/14/2014,0400,226,0, ,0, ,0, ,13.2, ,53.9, ,93, ,51.9, ,1.1, ,14, ,71.5, 
211,8/14/2014,0500,226,0, ,0, ,0, ,13.2, ,53.8, ,93, ,52, ,1.1, ,80, ,71.2, 
211,8/14/2014,0600,226,0, ,0, ,35, ,13.7, ,54.5, ,94, ,52.9, ,2.3, ,118, ,70.8, 
211,8/14/2014,0700,226,0, ,0, ,163, ,15.5, ,58, ,94, ,56.4, ,4.5, ,128, ,70.5, 
211,8/14/2014,0800,226,0, ,0, ,342, ,16.6, ,60.3, ,93, ,58.2, ,4.6, ,124, ,70.2, 
211,8/14/2014,0900,226,0.01, ,0, ,944, ,17.4, ,64.1, ,85, ,59.6, ,5.3, ,127, ,70.1, 
211,8/14/2014,1000,226,0.02, ,0, ,1361, ,18.2, ,68.3, ,77, ,60.9, ,7.2, ,139, ,70.1, 
211,8/14/2014,1100,226,0.02, ,0, ,1634, ,18.8, ,71.4, ,72, ,61.8, ,6.9, ,139, ,70.4, 
211,8/14/2014,1200,226,0.02, ,0, ,1710, ,19.4, ,75.2, ,65, ,62.6, ,5.7, ,146, ,70.9, 
211,8/14/2014,1300,226,0.03, ,0, ,1745, ,19.8, ,79.2, ,58, ,63.2, ,6, ,120, ,71.4, 
211,8/14/2014,1400,226,0.03, ,0, ,1654, ,19.2, ,82.3, ,51, ,62.3, ,7.3, ,131, ,72.1, 
211,8/14/2014,1500,226,0.02, ,0, ,1459, ,18.5, ,81.3, ,51, ,61.2, ,8.6, ,135, ,72.8, 
211,8/14/2014,1600,226,0.02, ,0, ,1175, ,17.8, ,79.7, ,52, ,60.2, ,7.2, ,119, ,73.4, 
211,8/14/2014,1700,226,0.01, ,0, ,829, ,17.1, ,76.7, ,54, ,59, ,7.3, ,126, ,73.8, 
211,8/14/2014,1800,226,0.01, ,0, ,463, ,16.2, ,71.6, ,61, ,57.6, ,8.5, ,140, ,73.9, 
211,8/14/2014,1900,226,0, ,0, ,116, ,15.6, ,65.8, ,72, ,56.5, ,8, ,141, ,73.8, 
211,8/14/2014,2000,226,0, ,0, ,1, ,15.2, ,61.3, ,82, ,55.8, ,6.3, ,129, ,73.5, 
211,8/14/2014,2100,226,0, ,0, ,0, ,15.1, ,59.2, ,88, ,55.6, ,6.3, ,134, ,73.1, 
211,8/14/2014,2200,226,0, ,0, ,0, ,15, ,58.2, ,90, ,55.4, ,5.5, ,139, ,72.8, 
211,8/14/2014,2300,226,0, ,0, ,0, ,14.7, ,57.4, ,92, ,54.9, ,3.5, ,147, ,72.4, 
211,8/14/2014,2400,226,0, ,0, ,0, ,14.2, ,56.2, ,92, ,53.9, ,2.3, ,105, ,72, 
211,8/15/2014,0100,227,0, ,0, ,0, ,13.9, ,55.4, ,93, ,53.3, ,2, ,122, ,71.6, 
211,8/15/2014,0200,227,0, ,0, ,0, ,13.4, ,54.4, ,93, ,52.3, ,1.8, ,116, ,71.3, 
211,8/15/2014,0300,227,0, ,0, ,0, ,13, ,53.4, ,93, ,51.5, ,1.6, ,116, ,71, 
211,8/15/2014,0400,227,0, ,0, ,0, ,14.2, ,55.5, ,94, ,53.9, ,4, ,136, ,70.6, 
211,8/15/2014,0500,227,0, ,0, ,0, ,14.5, ,56, ,95, ,54.5, ,5, ,141, ,70.3, 
211,8/15/2014,0600,227,0, ,0, ,14, ,14.5, ,56.1, ,94, ,54.5, ,5.5, ,134, ,70.1, 
211,8/15/2014,0700,227,0, ,0, ,109, ,14.6, ,56.4, ,94, ,54.7, ,3.8, ,119, ,69.9, 
211,8/15/2014,0800,227,0, ,0, ,277, ,15, ,57.2, ,94, ,55.3, ,3.5, ,130, ,69.8, 
211,8/15/2014,0900,227,0.01, ,0, ,733, ,15.5, ,59.3, ,90, ,56.3, ,3.7, ,144, ,69.7, 
211,8/15/2014,1000,227,0.02, ,0, ,1416, ,16.6, ,63.6, ,83, ,58.2, ,3.7, ,145, ,69.8, 
211,8/15/2014,1100,227,0.02, ,0, ,1644, ,17.6, ,69.4, ,72, ,59.9, ,3.2, ,146, ,70.1, 
211,8/15/2014,1200,227,0.03, ,0, ,1778, ,17.1, ,76, ,56, ,59.1, ,3.8, ,150, ,70.8, 
211,8/15/2014,1300,227,0.03, ,0, ,1784, ,16.1, ,82.5, ,43, ,57.4, ,4.2, ,99, ,71.7, 
211,8/15/2014,1400,227,0.03, ,0, ,1689, ,15.9, ,84.5, ,39, ,57.1, ,7.6, ,144, ,72.7, 
211,8/15/2014,1500,227,0.03, ,0, ,1482, ,15.6, ,85.1, ,38, ,56.4, ,7.9, ,153, ,73.5, 
211,8/15/2014,1600,227,0.02, ,0, ,1196, ,14.4, ,84.3, ,36, ,54.4, ,5.2, ,169, ,74.1, 
211,8/15/2014,1700,227,0.01, ,0, ,853, ,14.6, ,81.2, ,40, ,54.6, ,5.4, ,139, ,74.5, 
211,8/15/2014,1800,227,0.01, ,0, ,479, ,15.5, ,74.4, ,53, ,56.4, ,6.6, ,119, ,74.7, 
211,8/15/2014,1900,227,0, ,0, ,119, ,15.2, ,68.1, ,65, ,55.7, ,7.4, ,137, ,74.6, 
211,8/15/2014,2000,227,0, ,0, ,1, ,15, ,62.2, ,79, ,55.5, ,6.2, ,140, ,74.3, 
211,8/15/2014,2100,227,0, ,0, ,0, ,14.9, ,59.7, ,85, ,55.2, ,4.7, ,138, ,73.9, 
211,8/15/2014,2200,227,0, ,0, ,0, ,14.8, ,58.4, ,88, ,55, ,3.9, ,134, ,73.4, 
211,8/15/2014,2300,227,0, ,0, ,0, ,14.5, ,57.3, ,90, ,54.4, ,2.8, ,122, ,73, 
211,8/15/2014,2400,227,0, ,0, ,0, ,13.9, ,55.9, ,91, ,53.4, ,2, ,116, ,72.5, 
211,8/16/2014,0100,228,0, ,0, ,0, ,13, ,53.8, ,92, ,51.5, ,1.4, ,46, ,72.1, 
211,8/16/2014,0200,228,0, ,0, ,0, ,12.3, ,52.3, ,92, ,50.1, ,1.1, ,348, ,71.7, 
211,8/16/2014,0300,228,0, ,0, ,0, ,12.1, ,51.4, ,93, ,49.5, ,1.7, ,148, ,71.2, 
211,8/16/2014,0400,228,0, ,0, ,0, ,12.8, ,52.8, ,94, ,51.1, ,1.5, ,31, ,70.8, 
211,8/16/2014,0500,228,0, ,0, ,0, ,14.1, ,55.4, ,94, ,53.8, ,2.8, ,146, ,70.4, 
211,8/16/2014,0600,228,0, ,0, ,9, ,14.5, ,56.2, ,94, ,54.6, ,4.7, ,138, ,70.2, 
211,8/16/2014,0700,228,0, ,0, ,83, ,14.6, ,56.3, ,94, ,54.6, ,3.7, ,105, ,70, 
211,8/16/2014,0800,228,0, ,0, ,217, ,14.8, ,57.1, ,93, ,55, ,3.2, ,140, ,69.8, 
211,8/16/2014,0900,228,0.01, ,0, ,691, ,15, ,59.5, ,87, ,55.5, ,3.1, ,167, ,69.7, 
211,8/16/2014,1000,228,0.02, ,0, ,1282, ,16, ,65.6, ,74, ,57.1, ,3.1, ,113, ,69.7, 
211,8/16/2014,1100,228,0.02, ,0, ,1450, ,17.1, ,71.7, ,65, ,59.1, ,3, ,120, ,70, 
211,8/16/2014,1200,228,0.02, ,0, ,1687, ,17.2, ,77.9, ,53, ,59.3, ,3.6, ,107, ,70.6, 
211,8/16/2014,1300,228,0.03, ,0, ,1697, ,16.1, ,82.9, ,42, ,57.4, ,4.1, ,115, ,71.5, 
211,8/16/2014,1400,228,0.03, ,0, ,1599, ,15.8, ,85.8, ,37, ,56.8, ,5, ,141, ,72.4, 
211,8/16/2014,1500,228,0.02, ,0, ,1405, ,15.7, ,87.3, ,35, ,56.6, ,5.9, ,118, ,73.3, 
211,8/16/2014,1600,228,0.02, ,0, ,1129, ,14.4, ,85.1, ,35, ,54.4, ,5.8, ,116, ,74, 
211,8/16/2014,1700,228,0.01, ,0, ,808, ,14.4, ,79.7, ,42, ,54.4, ,6.7, ,119, ,74.5, 
211,8/16/2014,1800,228,0.01, ,0, ,462, ,14.3, ,74.1, ,50, ,54.2, ,8.5, ,136, ,74.7, 
211,8/16/2014,1900,228,0, ,0, ,110, ,14.4, ,66.9, ,64, ,54.4, ,7.5, ,134, ,74.5, 
211,8/16/2014,2000,228,0, ,0, ,1, ,14.4, ,61, ,79, ,54.3, ,5, ,116, ,74.2, 
211,8/16/2014,2100,228,0, ,0, ,0, ,14.2, ,58.8, ,84, ,54, ,4.5, ,136, ,73.7, 
211,8/16/2014,2200,228,0, ,0, ,0, ,14.1, ,57.1, ,88, ,53.6, ,2.8, ,111, ,73.3, 
211,8/16/2014,2300,228,0, ,0, ,0, ,13.6, ,55.6, ,90, ,52.7, ,2.1, ,88, ,72.8, 
211,8/16/2014,2400,228,0, ,0, ,0, ,12.9, ,53.9, ,91, ,51.2, ,1.7, ,73, ,72.3, 
211,8/17/2014,0100,229,0, ,0, ,0, ,12, ,51.8, ,91, ,49.4, ,1, ,100, ,71.9, 
211,8/17/2014,0200,229,0, ,0, ,0, ,11.1, ,49.7, ,92, ,47.3, ,1, ,10, ,71.5, 
211,8/17/2014,0300,229,0, ,0, ,0, ,10.8, ,48.6, ,92, ,46.5, ,1, ,88, ,71, 
211,8/17/2014,0400,229,0, ,0, ,0, ,10.4, ,47.5, ,93, ,45.5, ,1, ,356, ,70.6, 
211,8/17/2014,0500,229,0, ,0, ,0, ,11.2, ,49.2, ,94, ,47.6, ,1.4, ,89, ,70.2, 
211,8/17/2014,0600,229,0, ,0, ,18, ,11.1, ,48.6, ,95, ,47.3, ,1.4, ,34, ,69.8, 
211,8/17/2014,0700,229,0, ,0, ,169, ,12.4, ,51.4, ,96, ,50.3, ,1.7, ,8, ,69.5, 
211,8/17/2014,0800,229,0, ,0, ,266, ,13.8, ,54.3, ,96, ,53.2, ,4, ,313, ,69.3, 
211,8/17/2014,0900,229,0.01, ,0, ,808, ,15.3, ,57.5, ,94, ,55.9, ,3.7, ,288, ,69.2, 
211,8/17/2014,1000,229,0.02, ,0, ,1330, ,15.8, ,63.7, ,79, ,56.9, ,3.5, ,201, ,69.3, 
211,8/17/2014,1100,229,0.02, ,0, ,1543, ,16.4, ,69.6, ,66, ,57.8, ,3.5, ,195, ,69.6, 
211,8/17/2014,1200,229,0.02, ,0, ,1613, ,16.8, ,74.4, ,58, ,58.5, ,4.3, ,156, ,70.3, 
211,8/17/2014,1300,229,0.03, ,0, ,1675, ,16.6, ,78.9, ,49, ,58.3, ,4.8, ,153, ,71, 
211,8/17/2014,1400,229,0.03, ,0, ,1574, ,17.2, ,81.6, ,47, ,59.3, ,6.5, ,150, ,71.9, 
211,8/17/2014,1500,229,0.02, ,0, ,1377, ,16.3, ,83.2, ,42, ,57.7, ,7.5, ,145, ,72.7, 
211,8/17/2014,1600,229,0.02, ,0, ,1093, ,17, ,80.8, ,47, ,59, ,9.3, ,147, ,73.4, 
211,8/17/2014,1700,229,0.01, ,0, ,768, ,17, ,77.2, ,53, ,58.9, ,8.2, ,133, ,73.8, 
211,8/17/2014,1800,229,0.01, ,0, ,430, ,16.4, ,73.1, ,59, ,57.9, ,8.4, ,137, ,73.9, 
211,8/17/2014,1900,229,0, ,0, ,100, ,15.7, ,67.5, ,68, ,56.8, ,7.8, ,142, ,73.7, 
211,8/17/2014,2000,229,0, ,0, ,0, ,15.2, ,62.3, ,80, ,55.9, ,5.2, ,125, ,73.4, 
211,8/17/2014,2100,229,0, ,0, ,0, ,15.1, ,59.6, ,86, ,55.5, ,4.9, ,108, ,73.1, 
211,8/17/2014,2200,229,0, ,0, ,0, ,14.8, ,58.4, ,89, ,55.1, ,4, ,123, ,72.7, 
211,8/17/2014,2300,229,0, ,0, ,0, ,14.4, ,57.1, ,91, ,54.4, ,2.7, ,114, ,72.3, 
211,8/17/2014,2400,229,0, ,0, ,0, ,13.8, ,55.6, ,91, ,53.2, ,2, ,115, ,71.9, 
211,8/18/2014,0100,230,0, ,0, ,0, ,13.3, ,54.4, ,92, ,52.2, ,1.9, ,108, ,71.5, 
211,8/18/2014,0200,230,0, ,0, ,0, ,12.8, ,53.3, ,93, ,51.2, ,1.9, ,140, ,71.1, 
211,8/18/2014,0300,230,0, ,0, ,0, ,12, ,51.4, ,93, ,49.4, ,1.2, ,97, ,70.8, 
211,8/18/2014,0400,230,0, ,0, ,0, ,12.3, ,51.8, ,94, ,50.1, ,2.2, ,139, ,70.4, 
211,8/18/2014,0500,230,0, ,0, ,0, ,14.1, ,55.3, ,95, ,53.7, ,3.2, ,129, ,70.1, 
211,8/18/2014,0600,230,0, ,0, ,7, ,14.3, ,55.9, ,94, ,54.1, ,3.4, ,163, ,69.8, 
211,8/18/2014,0700,230,0, ,0, ,70, ,14.4, ,56.4, ,93, ,54.4, ,4, ,138, ,69.6, 
211,8/18/2014,0800,230,0, ,0, ,190, ,14.6, ,57.4, ,91, ,54.7, ,4.5, ,128, ,69.5, 
211,8/18/2014,0900,230,0, ,0, ,336, ,15, ,59, ,88, ,55.5, ,5.5, ,134, ,69.4, 
211,8/18/2014,1000,230,0.01, ,0, ,913, ,16, ,62, ,84, ,57.2, ,5.8, ,139, ,69.4, 
211,8/18/2014,1100,230,0.02, ,0, ,1505, ,17.2, ,67.6, ,75, ,59.2, ,5.4, ,122, ,69.5, 
211,8/18/2014,1200,230,0.02, ,0, ,1622, ,17.5, ,72.1, ,65, ,59.7, ,5.1, ,130, ,69.8, 
211,8/18/2014,1300,230,0.02, ,0, ,1635, ,17.3, ,77.1, ,55, ,59.4, ,5.5, ,126, ,70.4, 
211,8/18/2014,1400,230,0.02, ,0, ,1536, ,17.7, ,79.9, ,51, ,60, ,7.1, ,130, ,71.2, 
211,8/18/2014,1500,230,0.02, ,0, ,1332, ,17.8, ,80.6, ,50, ,60.3, ,8.6, ,159, ,71.9, 
211,8/18/2014,1600,230,0.02, ,0, ,1059, ,17.4, ,78.1, ,53, ,59.5, ,8.8, ,150, ,72.5, 
211,8/18/2014,1700,230,0.01, ,0, ,742, ,16.9, ,74.3, ,58, ,58.7, ,7.2, ,123, ,72.9, 
211,8/18/2014,1800,230,0.01, ,0, ,404, ,16.1, ,67.9, ,69, ,57.4, ,7.5, ,124, ,73, 
211,8/18/2014,1900,230,0, ,0, ,89, ,15.3, ,62.6, ,79, ,55.9, ,6.6, ,123, ,72.9, 
211,8/18/2014,2000,230,0, ,0, ,0, ,14.9, ,59.6, ,85, ,55.2, ,6.3, ,114, ,72.6, 
211,8/18/2014,2100,230,0, ,0, ,0, ,14.7, ,58.3, ,88, ,54.8, ,4.3, ,113, ,72.3, 
211,8/18/2014,2200,230,0, ,0, ,0, ,14.9, ,57.8, ,91, ,55.2, ,5.3, ,138, ,71.9, 
211,8/18/2014,2300,230,0, ,0, ,0, ,15.3, ,58.9, ,90, ,56.1, ,5.5, ,172, ,71.5, 
211,8/18/2014,2400,230,0, ,0, ,0, ,15.3, ,59.2, ,89, ,56, ,5.6, ,176, ,71.2, 
211,8/19/2014,0100,231,0, ,0, ,0, ,15, ,58.7, ,89, ,55.5, ,6.7, ,193, ,70.9, 
211,8/19/2014,0200,231,0, ,0, ,0, ,15.1, ,58.5, ,90, ,55.6, ,5.8, ,183, ,70.7, 
211,8/19/2014,0300,231,0, ,0, ,0, ,15.3, ,58, ,93, ,56, ,5.3, ,159, ,70.5, 
211,8/19/2014,0400,231,0, ,0, ,0, ,15.3, ,58, ,93, ,56.1, ,5.3, ,153, ,70.4, 
211,8/19/2014,0500,231,0, ,0, ,0, ,15.3, ,58.1, ,93, ,56, ,5.1, ,157, ,70.2, 
211,8/19/2014,0600,231,0, ,0, ,3, ,15.4, ,58, ,94, ,56.2, ,4.2, ,155, ,70.1, 
211,8/19/2014,0700,231,0, ,0, ,23, ,15.4, ,57.7, ,95, ,56.2, ,5, ,149, ,69.9, 
211,8/19/2014,0800,231,0, ,0, ,147, ,15.5, ,57.9, ,94, ,56.3, ,5.3, ,175, ,69.6, 
211,8/19/2014,0900,231,0, ,0, ,273, ,15.2, ,59.3, ,88, ,55.8, ,6.4, ,186, ,69.2, 
211,8/19/2014,1000,231,0, ,0, ,429, ,15.4, ,61.6, ,82, ,56.2, ,6.6, ,197, ,69, 
211,8/19/2014,1100,231,0.01, ,0, ,676, ,15.9, ,63.9, ,78, ,57, ,5.5, ,196, ,68.9, 
211,8/19/2014,1200,231,0.01, ,0, ,1011, ,16.6, ,67.3, ,73, ,58.2, ,6.1, ,186, ,68.9, 
211,8/19/2014,1300,231,0.02, ,0, ,1677, ,17.4, ,69.9, ,70, ,59.5, ,9.7, ,166, ,69.2, 
211,8/19/2014,1400,231,0.02, ,0, ,1610, ,17.2, ,71.3, ,66, ,59.2, ,7.3, ,195, ,69.6, 
211,8/19/2014,1500,231,0.02, ,0, ,1296, ,17.1, ,72.9, ,62, ,59, ,5.8, ,278, ,70.1, 
211,8/19/2014,1600,231,0.01, ,0, ,1066, ,16.8, ,72.8, ,61, ,58.5, ,5.8, ,280, ,70.8, 
211,8/19/2014,1700,231,0.01, ,0, ,774, ,16.5, ,71.4, ,63, ,58, ,6.5, ,283, ,71.3, 
211,8/19/2014,1800,231,0.01, ,0, ,411, ,16.3, ,68.4, ,69, ,57.7, ,5.9, ,219, ,71.7, 
211,8/19/2014,1900,231,0, ,0, ,84, ,16.2, ,65.1, ,76, ,57.5, ,3.7, ,141, ,71.8, 
211,8/19/2014,2000,231,0, ,0, ,0, ,16, ,63.1, ,81, ,57.3, ,2.9, ,170, ,71.7, 
211,8/19/2014,2100,231,0, ,0, ,0, ,16.2, ,63.2, ,82, ,57.6, ,4.3, ,159, ,71.4, 
211,8/19/2014,2200,231,0, ,0, ,0, ,16, ,62.5, ,83, ,57.2, ,5.5, ,161, ,71.2, 
211,8/19/2014,2300,231,0,Y,0, ,0, ,15.9, ,62.5,Y,82,Y,57.1,Y,5.6, ,184, ,71, 
211,8/19/2014,2400,231,0,Y,0, ,0, ,15.5, ,62.2,Y,81,Y,56.4,Y,5.5, ,181, ,70.7, 
211,8/20/2014,0100,232,0,Y,0, ,0, ,15.1, ,62.1,Y,79,Y,55.6,Y,5.2, ,192, ,70.5, 
211,8/20/2014,0200,232,0,Y,0, ,0, ,14.9, ,61.8,Y,79,Y,55.3,Y,4.8, ,172, ,70.3, 
211,8/20/2014,0300,232,0,Y,0, ,0, ,14.9, ,61.6,Y,80,Y,55.3,Y,4.5, ,167, ,70.2, 
211,8/20/2014,0400,232,0,Y,0, ,0, ,15.2, ,61.6,Y,81,Y,55.8,Y,3.9, ,157, ,70, 
211,8/20/2014,0500,232,0,Y,0, ,0, ,15.1, ,61.5,Y,81,Y,55.7,Y,5.1, ,164, ,69.8, 
211,8/20/2014,0600,232,0,Y,0, ,6, ,15.1, ,61.4,Y,81,Y,55.6,Y,5, ,163, ,69.7, 
211,8/20/2014,0700,232,0,Y,0, ,65, ,15.1, ,61.6,Y,81,Y,55.7,Y,5.5, ,184, ,69.6, 
211,8/20/2014,0800,232,0, ,0, ,238, ,15.2, ,62.4, ,79, ,55.8, ,6.4, ,190, ,69.4, 
211,8/20/2014,0900,232,0.01, ,0, ,439, ,15.4, ,63.3, ,78, ,56.2, ,6.7, ,192, ,69.4, 
211,8/20/2014,1000,232,0.01, ,0, ,841, ,15.9, ,64.9, ,75, ,57, ,6.4, ,193, ,69.4, 
211,8/20/2014,1100,232,0.02, ,0, ,1327, ,16.4, ,67.9, ,70, ,57.9, ,5.1, ,287, ,69.5, 
211,8/20/2014,1200,232,0.02, ,0, ,1656, ,16.7, ,70.8, ,65, ,58.4, ,4.7, ,303, ,69.8, 
211,8/20/2014,1300,232,0.02, ,0, ,1675, ,16.5, ,72.7, ,60, ,58, ,6.9, ,282, ,70.3, 
211,8/20/2014,1400,232,0.02, ,0, ,1578, ,16.2, ,73.4, ,57, ,57.5, ,7.7, ,285, ,70.8, 
211,8/20/2014,1500,232,0.02, ,0, ,1282, ,16.1, ,73.6, ,57, ,57.3, ,7.4, ,278, ,71.4, 
211,8/20/2014,1600,232,0.02, ,0, ,1085, ,16.1, ,74.3, ,56, ,57.4, ,6.2, ,239, ,72, 
211,8/20/2014,1700,232,0.01, ,0, ,754, ,15.9, ,72.9, ,58, ,57.1, ,6.8, ,213, ,72.4, 
211,8/20/2014,1800,232,0.01, ,0, ,400, ,15.6, ,70.1, ,62, ,56.5, ,7.3, ,187, ,72.6, 
211,8/20/2014,1900,232,0, ,0, ,82, ,14.9, ,65.9, ,69, ,55.3, ,7.6, ,192, ,72.6, 
211,8/20/2014,2000,232,0, ,0, ,0, ,14.6, ,63, ,74, ,54.8, ,5.4, ,183, ,72.4, 
211,8/20/2014,2100,232,0, ,0, ,0, ,14.4, ,61.2, ,78, ,54.4, ,4.1, ,173, ,72.1, 
211,8/20/2014,2200,232,0, ,0, ,0, ,14.4, ,59.1, ,84, ,54.3, ,2.9, ,113, ,71.7, 
211,8/20/2014,2300,232,0, ,0, ,0, ,14.3, ,57.9, ,87, ,54.1, ,3.4, ,118, ,71.3, 
211,8/20/2014,2400,232,0, ,0, ,0, ,14.2, ,57.5, ,88, ,53.9, ,3.1, ,138, ,71, 
211,8/21/2014,0100,233,0, ,0, ,0, ,13.7, ,56.2, ,89, ,53, ,2, ,118, ,70.7, 
211,8/21/2014,0200,233,0, ,0, ,0, ,13.3, ,55.1, ,90, ,52.2, ,2.1, ,130, ,70.4, 
211,8/21/2014,0300,233,0, ,0, ,0, ,14.1, ,56.7, ,90, ,53.7, ,3.6, ,129, ,70.1, 
211,8/21/2014,0400,233,0, ,0, ,0, ,14.2, ,57, ,89, ,53.9, ,3.5, ,127, ,69.8, 
211,8/21/2014,0500,233,0, ,0, ,0, ,14.2, ,56.9, ,90, ,53.9, ,3.1, ,129, ,69.5, 
211,8/21/2014,0600,233,0, ,0, ,14, ,14.4, ,57.6, ,89, ,54.4, ,2.9, ,131, ,69.2, 
211,8/21/2014,0700,233,0, ,0, ,124, ,14.7, ,58.4, ,88, ,54.9, ,4.3, ,146, ,69, 
211,8/21/2014,0800,233,0, ,0, ,373, ,15.3, ,60.8, ,84, ,56, ,5.3, ,152, ,68.8, 
211,8/21/2014,0900,233,0.01, ,0, ,994, ,16, ,64.2, ,78, ,57.3, ,4.9, ,140, ,68.8, 
211,8/21/2014,1000,233,0.02, ,0, ,1307, ,16.7, ,68.6, ,70, ,58.4, ,4.8, ,135, ,68.8, 
211,8/21/2014,1100,233,0.02, ,0, ,1540, ,17.1, ,73.8, ,60, ,59.1, ,4.3, ,137, ,69.2, 
211,8/21/2014,1200,233,0.02, ,0, ,1675, ,16.9, ,78.4, ,51, ,58.7, ,3.7, ,100, ,69.8, 
211,8/21/2014,1300,233,0.03, ,0, ,1691, ,16.3, ,82.5, ,43, ,57.8, ,3.4, ,75, ,70.4, 
211,8/21/2014,1400,233,0.03, ,0, ,1587, ,13.9, ,86.3, ,32, ,53.4, ,4.4, ,329, ,71.2, 
211,8/21/2014,1500,233,0.03, ,0, ,1392, ,10.6, ,87.3, ,24, ,46.1, ,7.2, ,287, ,72, 
211,8/21/2014,1600,233,0.02, ,0, ,1108, ,9.6, ,85.3, ,23, ,43.3, ,9.8, ,278, ,72.7, 
211,8/21/2014,1700,233,0.02, ,0, ,771, ,8.6, ,81.2, ,24, ,40.6, ,9.2, ,266, ,73.2, 
211,8/21/2014,1800,233,0.01, ,0, ,412, ,11.1, ,77.5, ,35, ,47.4, ,6.4, ,172, ,73.3, 
211,8/21/2014,1900,233,0, ,0, ,79, ,14.8, ,68.3, ,63, ,55.1, ,6.6, ,124, ,73.1, 
211,8/21/2014,2000,233,0, ,0, ,0, ,15, ,62.8, ,77, ,55.4, ,6.5, ,131, ,72.8, 
211,8/21/2014,2100,233,0, ,0, ,0, ,15.3, ,60.4, ,85, ,55.9, ,6.5, ,152, ,72.4, 
211,8/21/2014,2200,233,0, ,0, ,0, ,15.2, ,59.2, ,88, ,55.8, ,3.3, ,121, ,72, 
211,8/21/2014,2300,233,0, ,0, ,0, ,15, ,58.4, ,90, ,55.4, ,3.3, ,121, ,71.6, 
211,8/21/2014,2400,233,0, ,0, ,0, ,14.5, ,57.3, ,90, ,54.5, ,2.6, ,122, ,71.2, 
211,8/22/2014,0100,234,0, ,0, ,0, ,13.3, ,55.1, ,90, ,52.2, ,1.4, ,103, ,70.9, 
211,8/22/2014,0200,234,0, ,0, ,0, ,13, ,54.2, ,91, ,51.6, ,2.7, ,129, ,70.6, 
211,8/22/2014,0300,234,0, ,0, ,0, ,13.4, ,54.6, ,92, ,52.4, ,4.7, ,131, ,70.2, 
211,8/22/2014,0400,234,0, ,0, ,0, ,14, ,56, ,92, ,53.6, ,4.9, ,126, ,69.9, 
211,8/22/2014,0500,234,0, ,0, ,0, ,13.8, ,55.5, ,92, ,53.1, ,5.1, ,128, ,69.6, 
211,8/22/2014,0600,234,0, ,0, ,10, ,14.1, ,55.9, ,92, ,53.7, ,5.1, ,119, ,69.3, 
211,8/22/2014,0700,234,0, ,0, ,219, ,14.7, ,57.1, ,93, ,55, ,5.4, ,124, ,69.1, 
211,8/22/2014,0800,234,0.01, ,0, ,673, ,15.7, ,59.8, ,89, ,56.6, ,7.7, ,136, ,68.9, 
211,8/22/2014,0900,234,0.01, ,0, ,1024, ,16.2, ,63.4, ,81, ,57.6, ,7.7, ,135, ,68.8, 
211,8/22/2014,1000,234,0.02, ,0, ,1339, ,16.8, ,67.1, ,74, ,58.5, ,7.3, ,138, ,68.9, 
211,8/22/2014,1100,234,0.02, ,0, ,1557, ,17.3, ,71.3, ,66, ,59.4, ,8.2, ,151, ,69.2, 
211,8/22/2014,1200,234,0.02, ,0, ,1681, ,17, ,73.8, ,60, ,59, ,8.8, ,171, ,69.6, 
211,8/22/2014,1300,234,0.03, ,0, ,1693, ,16.6, ,76.9, ,53, ,58.3, ,7.6, ,175, ,70.3, 
211,8/22/2014,1400,234,0.03, ,0, ,1596, ,16.2, ,78.2, ,49, ,57.5, ,8.3, ,167, ,71, 
211,8/22/2014,1500,234,0.02, ,0, ,1343, ,16.3, ,80, ,46, ,57.7, ,6.4, ,254, ,72, 
211,8/22/2014,1600,234,0.02, ,0, ,938, ,17.3, ,79.1, ,51, ,59.4, ,7.3, ,155, ,72.7, 
211,8/22/2014,1700,234,0.01, ,0, ,763, ,17.2, ,75.9, ,56, ,59.3, ,5.6, ,131, ,73.2, 
211,8/22/2014,1800,234,0.01, ,0, ,402, ,16.8, ,70.6, ,66, ,58.6, ,7.1, ,119, ,73.5, 
211,8/22/2014,1900,234,0, ,0, ,71, ,16.4, ,64.6, ,79, ,57.9, ,6.7, ,125, ,73.5, 
211,8/22/2014,2000,234,0, ,0, ,0, ,16, ,61.5, ,86, ,57.2, ,4.9, ,118, ,73.2, 
211,8/22/2014,2100,234,0, ,0, ,0, ,15.8, ,60.4, ,88, ,56.9, ,4.6, ,114, ,72.8, 
211,8/22/2014,2200,234,0, ,0, ,0, ,15.6, ,59.6, ,89, ,56.5, ,3.9, ,141, ,72.4, 
211,8/22/2014,2300,234,0, ,0, ,0, ,15.7, ,59.3, ,91, ,56.6, ,4.9, ,144, ,72, 
211,8/22/2014,2400,234,0, ,0, ,0, ,15.7, ,59.7, ,89, ,56.6, ,6.3, ,154, ,71.6, 
211,8/23/2014,0100,235,0, ,0, ,0, ,15.4, ,59.5, ,88, ,56.1, ,6.2, ,155, ,71.2, 
211,8/23/2014,0200,235,0, ,0, ,0, ,15.2, ,59.3, ,88, ,55.7, ,5.4, ,158, ,70.9, 
211,8/23/2014,0300,235,0, ,0, ,0, ,14.9, ,59.1, ,87, ,55.3, ,6.1, ,158, ,70.7, 
211,8/23/2014,0400,235,0, ,0, ,0, ,14.4, ,58.8, ,85, ,54.4, ,6.6, ,152, ,70.5, 
211,8/23/2014,0500,235,0, ,0, ,0, ,14.1, ,58.8, ,84, ,53.8, ,6, ,161, ,70.3, 
211,8/23/2014,0600,235,0, ,0, ,8, ,13.9, ,58.4, ,83, ,53.3, ,5.3, ,162, ,70, 
211,8/23/2014,0700,235,0, ,0, ,91, ,13.9, ,58.5, ,83, ,53.4, ,4.9, ,148, ,69.8, 
211,8/23/2014,0800,235,0, ,0, ,233, ,14.3, ,59.8, ,81, ,54.1, ,5.3, ,155, ,69.6, 
211,8/23/2014,0900,235,0.01, ,0, ,469, ,14.7, ,61.3, ,80, ,54.9, ,5.4, ,147, ,69.5, 
211,8/23/2014,1000,235,0.02, ,0, ,1370, ,15.5, ,65, ,74, ,56.4, ,6.3, ,127, ,69.5, 
211,8/23/2014,1100,235,0.02, ,0, ,1589, ,16.1, ,68.6, ,67, ,57.4, ,5.8, ,120, ,69.6, 
211,8/23/2014,1200,235,0.02, ,0, ,1720, ,16.5, ,73.3, ,59, ,58, ,5.1, ,118, ,70, 
211,8/23/2014,1300,235,0.03, ,0, ,1733, ,16.9, ,77.2, ,53, ,58.7, ,5.2, ,146, ,70.5, 
211,8/23/2014,1400,235,0.02, ,0, ,1612, ,16, ,78.9, ,47, ,57.2, ,4.7, ,224, ,71.2, 
211,8/23/2014,1500,235,0.02, ,0, ,1430, ,13.3, ,78.2, ,40, ,52.2, ,8, ,280, ,72, 
211,8/23/2014,1600,235,0.02, ,0, ,1131, ,13.8, ,78.2, ,42, ,53.1, ,5.8, ,194, ,72.6, 
211,8/23/2014,1700,235,0.01, ,0, ,779, ,14.6, ,74.8, ,50, ,54.8, ,6.9, ,140, ,73.1, 
211,8/23/2014,1800,235,0.01, ,0, ,407, ,14.9, ,70.7, ,58, ,55.3, ,6.8, ,131, ,73.3, 
211,8/23/2014,1900,235,0, ,0, ,70, ,14.7, ,65.8, ,68, ,54.9, ,5.8, ,129, ,73.1, 
211,8/23/2014,2000,235,0, ,0, ,0, ,14.5, ,61.8, ,77, ,54.5, ,5.2, ,118, ,72.8, 
211,8/23/2014,2100,235,0, ,0, ,0, ,14.4, ,60.3, ,80, ,54.2, ,4.6, ,114, ,72.4, 
211,8/23/2014,2200,235,0, ,0, ,0, ,14.3, ,59, ,84, ,54.1, ,3.7, ,103, ,72, 
211,8/23/2014,2300,235,0, ,0, ,0, ,14.1, ,57.9, ,86, ,53.7, ,3, ,113, ,71.6, 
211,8/23/2014,2400,235,0, ,0, ,0, ,13.9, ,56.9, ,88, ,53.3, ,2.7, ,125, ,71.2, 
211,8/24/2014,0100,236,0, ,0, ,0, ,13.5, ,55.9, ,89, ,52.6, ,2.9, ,129, ,70.8, 
211,8/24/2014,0200,236,0, ,0, ,0, ,14.4, ,57.5, ,89, ,54.3, ,3.9, ,139, ,70.4, 
211,8/24/2014,0300,236,0, ,0, ,0, ,14.7, ,59, ,86, ,54.9, ,4.1, ,140, ,70.1, 
211,8/24/2014,0400,236,0, ,0, ,0, ,14.7, ,59.2, ,86, ,55, ,4.8, ,152, ,69.9, 
211,8/24/2014,0500,236,0, ,0, ,0, ,14.6, ,59.1, ,86, ,54.8, ,4.8, ,150, ,69.7, 
211,8/24/2014,0600,236,0, ,0, ,6, ,14.6, ,59.5, ,84, ,54.7, ,3.6, ,172, ,69.5, 
211,8/24/2014,0700,236,0, ,0, ,75, ,14.7, ,60.1, ,83, ,54.8, ,2.8, ,157, ,69.4, 
211,8/24/2014,0800,236,0, ,0, ,209, ,14.9, ,61.2, ,81, ,55.3, ,3, ,305, ,69.3, 
211,8/24/2014,0900,236,0.01, ,0, ,495, ,15.1, ,63.3, ,76, ,55.7, ,2.3, ,49, ,69.2, 
211,8/24/2014,1000,236,0.02, ,0, ,1273, ,15.6, ,66.4, ,70, ,56.4, ,4, ,115, ,69.3, 
211,8/24/2014,1100,236,0.02, ,0, ,1553, ,16.3, ,70.2, ,65, ,57.7, ,4.1, ,114, ,69.5, 
211,8/24/2014,1200,236,0.02, ,0, ,1656, ,16.6, ,74.2, ,58, ,58.3, ,3.8, ,114, ,70.1, 
211,8/24/2014,1300,236,0.03, ,0, ,1699, ,16.9, ,78, ,52, ,58.8, ,5.2, ,70, ,70.8, 
211,8/24/2014,1400,236,0.02, ,0, ,1597, ,17.1, ,80.7, ,48, ,59, ,5.4, ,98, ,71.5, 
211,8/24/2014,1500,236,0.02, ,0, ,1392, ,16.1, ,81.2, ,44, ,57.4, ,5.3, ,299, ,72.3, 
211,8/24/2014,1600,236,0.02, ,0, ,1098, ,15.4, ,79.8, ,44, ,56.1, ,7.2, ,290, ,72.9, 
211,8/24/2014,1700,236,0.01, ,0, ,751, ,15.8, ,77.5, ,49, ,56.9, ,6.8, ,288, ,73.4, 
211,8/24/2014,1800,236,0.01, ,0, ,387, ,15.7, ,74.3, ,54, ,56.8, ,4.9, ,350, ,73.6, 
211,8/24/2014,1900,236,0, ,0, ,64, ,15.2, ,67.9, ,65, ,55.9, ,5.3, ,97, ,73.6, 
211,8/24/2014,2000,236,0, ,0, ,0, ,14.9, ,63.5, ,74, ,55.2, ,5.9, ,101, ,73.3, 
211,8/24/2014,2100,236,0, ,0, ,0, ,14.7, ,61.7, ,78, ,54.8, ,4.6, ,112, ,72.9, 
211,8/24/2014,2200,236,0, ,0, ,0, ,14.4, ,60.3, ,81, ,54.3, ,3.7, ,104, ,72.5, 
211,8/24/2014,2300,236,0, ,0, ,0, ,14.3, ,59.4, ,83, ,54.1, ,3.6, ,106, ,72.1, 
211,8/24/2014,2400,236,0, ,0, ,0, ,14.3, ,58.5, ,86, ,54.2, ,3.4, ,109, ,71.7, 
211,8/25/2014,0100,237,0, ,0, ,0, ,14.4, ,57.8, ,88, ,54.3, ,3.2, ,119, ,71.3, 
211,8/25/2014,0200,237,0, ,0, ,0, ,14.1, ,56.8, ,90, ,53.8, ,2.4, ,110, ,71, 
211,8/25/2014,0300,237,0, ,0, ,0, ,13.8, ,55.9, ,91, ,53.2, ,2.6, ,120, ,70.6, 
211,8/25/2014,0400,237,0, ,0, ,0, ,15, ,59.5, ,87, ,55.5, ,4.7, ,166, ,70.3, 
211,8/25/2014,0500,237,0, ,0, ,0, ,15, ,60.4, ,83, ,55.4, ,4.3, ,186, ,70.1, 
211,8/25/2014,0600,237,0, ,0, ,4, ,14.9, ,60.6, ,82, ,55.2, ,4.2, ,191, ,69.9, 
211,8/25/2014,0700,237,0, ,0, ,66, ,15, ,61.2, ,81, ,55.3, ,4.1, ,190, ,69.7, 
211,8/25/2014,0800,237,0, ,0, ,243, ,14.7, ,62.5, ,76, ,55, ,3.9, ,218, ,69.6, 
211,8/25/2014,0900,237,0.01, ,0, ,482, ,14.5, ,64.2, ,71, ,54.5, ,4.8, ,207, ,69.6, 
211,8/25/2014,1000,237,0.02, ,0, ,1272, ,14.9, ,67.1, ,66, ,55.2, ,4.2, ,208, ,69.6, 
211,8/25/2014,1100,237,0.02, ,0, ,1431, ,15.2, ,69.7, ,61, ,55.8, ,5.3, ,196, ,69.9, 
211,8/25/2014,1200,237,0.02, ,0, ,1308, ,14.9, ,71, ,57, ,55.2, ,6, ,206, ,70.4, 
211,8/25/2014,1300,237,0.02, ,0, ,1689, ,14.9, ,73.3, ,53, ,55.3, ,4.9, ,233, ,70.9, 
211,8/25/2014,1400,237,0.02, ,0, ,1608, ,14.6, ,74.6, ,50, ,54.6, ,8.7, ,195, ,71.5, 
211,8/25/2014,1500,237,0.02, ,0, ,1390, ,13.9, ,74, ,48, ,53.3, ,9.5, ,219, ,72.1, 
211,8/25/2014,1600,237,0.02, ,0, ,1099, ,13.4, ,73.5, ,47, ,52.3, ,6.6, ,266, ,72.6, 
211,8/25/2014,1700,237,0.01, ,0, ,746, ,13.5, ,74.3, ,46, ,52.5, ,5.2, ,212, ,72.9, 
211,8/25/2014,1800,237,0.01, ,0, ,378, ,13.8, ,70.6, ,54, ,53.1, ,5.6, ,232, ,73, 
211,8/25/2014,1900,237,0, ,0, ,55, ,13.6, ,66.7, ,61, ,52.8, ,3.6, ,278, ,72.9, 
211,8/25/2014,2000,237,0, ,0, ,0, ,13.6, ,62.3, ,71, ,52.7, ,3.8, ,73, ,72.6, 
211,8/25/2014,2100,237,0, ,0, ,0, ,13.3, ,60.4, ,74, ,52.1, ,3.2, ,85, ,72.2, 
211,8/25/2014,2200,237,0, ,0, ,0, ,13.2, ,59, ,78, ,52, ,3.2, ,102, ,71.9, 
211,8/25/2014,2300,237,0, ,0, ,0, ,13.2, ,58, ,80, ,51.9, ,2.7, ,110, ,71.5, 
211,8/25/2014,2400,237,0, ,0, ,0, ,13.1, ,56.8, ,83, ,51.8, ,2.4, ,120, ,71.1, 
211,8/26/2014,0100,238,0, ,0, ,0, ,12.6, ,55, ,85, ,50.7, ,1.1, ,128, ,70.7, 
211,8/26/2014,0200,238,0, ,0, ,0, ,12.4, ,53.7, ,88, ,50.2, ,1.7, ,165, ,70.3, 
211,8/26/2014,0300,238,0, ,0, ,0, ,12.1, ,52.9, ,89, ,49.6, ,1.5, ,193, ,70, 
211,8/26/2014,0400,238,0, ,0, ,0, ,12.1, ,52.8, ,89, ,49.6, ,2.3, ,199, ,69.6, 
211,8/26/2014,0500,238,0, ,0, ,0, ,11.1, ,50.1, ,90, ,47.2, ,1.3, ,357, ,69.3, 
211,8/26/2014,0600,238,0, ,0, ,18, ,10.9, ,49.2, ,91, ,46.7, ,1, ,350, ,69, 
211,8/26/2014,0700,238,0, ,0, ,258, ,12.7, ,53, ,93, ,51, ,2.6, ,330, ,68.7, 
211,8/26/2014,0800,238,0.01, ,0, ,637, ,14.5, ,58.1, ,88, ,54.6, ,2.3, ,52, ,68.3, 
211,8/26/2014,0900,238,0.01, ,0, ,1012, ,15.2, ,61.4, ,82, ,55.8, ,2.8, ,140, ,67.7, 
211,8/26/2014,1000,238,0.02, ,0, ,1339, ,15.6, ,65.7, ,72, ,56.6, ,3.2, ,125, ,67.5, 
211,8/26/2014,1100,238,0.02, ,0, ,1570, ,15.6, ,71, ,60, ,56.5, ,3.6, ,147, ,68, 
211,8/26/2014,1200,238,0.02, ,0, ,1695, ,15.3, ,75.5, ,51, ,55.9, ,4.1, ,110, ,68.8, 
211,8/26/2014,1300,238,0.03, ,0, ,1708, ,15.4, ,80.4, ,44, ,56.2, ,3.9, ,130, ,69.6, 
211,8/26/2014,1400,238,0.03, ,0, ,1586, ,16.6, ,83.4, ,42, ,58.3, ,5.2, ,57, ,70.4, 
211,8/26/2014,1500,238,0.02, ,0, ,1380, ,15.5, ,85.8, ,37, ,56.3, ,5.2, ,351, ,71.3, 
211,8/26/2014,1600,238,0.02, ,0, ,1078, ,16.1, ,83.3, ,41, ,57.4, ,6.9, ,144, ,72.1, 
211,8/26/2014,1700,238,0.01, ,0, ,728, ,15.7, ,79.2, ,46, ,56.6, ,5.7, ,119, ,72.6, 
211,8/26/2014,1800,238,0.01, ,0, ,357, ,15.4, ,75.1, ,52, ,56.1, ,5.5, ,106, ,72.9, 
211,8/26/2014,1900,238,0, ,0, ,51, ,15.2, ,68.5, ,64, ,55.8, ,5.5, ,126, ,72.8, 
211,8/26/2014,2000,238,0, ,0, ,0, ,15.1, ,64.5, ,73, ,55.6, ,4.9, ,121, ,72.6, 
211,8/26/2014,2100,238,0, ,0, ,0, ,15.2, ,62.3, ,79, ,55.7, ,4.7, ,120, ,72.3, 
211,8/26/2014,2200,238,0, ,0, ,0, ,15.2, ,60.7, ,84, ,55.9, ,5, ,141, ,71.9, 
211,8/26/2014,2300,238,0, ,0, ,0, ,14.9, ,59.3, ,87, ,55.3, ,2.5, ,118, ,71.5, 
211,8/26/2014,2400,238,0, ,0, ,0, ,14.2, ,57.4, ,88, ,53.9, ,1.3, ,110, ,71.1, 
211,8/27/2014,0100,239,0, ,0, ,0, ,13.5, ,55.6, ,90, ,52.6, ,1.2, ,339, ,70.8, 
211,8/27/2014,0200,239,0, ,0, ,0, ,12.9, ,54, ,90, ,51.2, ,1.3, ,357, ,70.4, 
211,8/27/2014,0300,239,0, ,0, ,0, ,12.3, ,52.6, ,91, ,50, ,1, ,346, ,70.1, 
211,8/27/2014,0400,239,0, ,0, ,0, ,12, ,51.8, ,91, ,49.4, ,1.2, ,11, ,69.7, 
211,8/27/2014,0500,239,0, ,0, ,0, ,11.9, ,51.4, ,92, ,49.2, ,1.7, ,329, ,69.3, 
211,8/27/2014,0600,239,0, ,0, ,17, ,11.8, ,51.1, ,92, ,49, ,1, ,348, ,69, 
211,8/27/2014,0700,239,0, ,0, ,271, ,13.4, ,55.2, ,91, ,52.4, ,1.5, ,119, ,68.7, 
211,8/27/2014,0800,239,0.01, ,0, ,649, ,14.9, ,62, ,78, ,55.2, ,1.7, ,123, ,68.4, 
211,8/27/2014,0900,239,0.01, ,0, ,1000, ,16.4, ,68.5, ,69, ,57.9, ,2.3, ,360, ,68.3, 
211,8/27/2014,1000,239,0.02, ,0, ,1310, ,17.3, ,74.5, ,60, ,59.5, ,2.5, ,7, ,68.4, 
211,8/27/2014,1100,239,0.02, ,0, ,1543, ,17.5, ,79.8, ,50, ,59.7, ,2.6, ,330, ,68.9, 
211,8/27/2014,1200,239,0.03, ,0, ,1656, ,16.9, ,85.4, ,41, ,58.7, ,3.1, ,293, ,69.7, 
211,8/27/2014,1300,239,0.03, ,0, ,1706, ,14.6, ,89.5, ,31, ,54.7, ,4.7, ,228, ,70.6, 
211,8/27/2014,1400,239,0.03, ,0, ,1605, ,13.8, ,91.7, ,27, ,53.2, ,7, ,207, ,71.5, 
211,8/27/2014,1500,239,0.02, ,0, ,1383, ,14, ,91.4, ,28, ,53.6, ,6.2, ,217, ,72.4, 
211,8/27/2014,1600,239,0.02, ,0, ,1079, ,15.2, ,87.3, ,34, ,55.8, ,6.8, ,308, ,73.1, 
211,8/27/2014,1700,239,0.01, ,0, ,724, ,15.5, ,84.8, ,38, ,56.3, ,4.5, ,55, ,73.6, 
211,8/27/2014,1800,239,0.01, ,0, ,354, ,15.3, ,78.1, ,46, ,55.9, ,5.1, ,128, ,73.8, 
211,8/27/2014,1900,239,0, ,0, ,49, ,15.5, ,70.8, ,60, ,56.4, ,5, ,130, ,73.8, 
211,8/27/2014,2000,239,0, ,0, ,0, ,15.9, ,65.4, ,74, ,57, ,5.3, ,133, ,73.5, 
211,8/27/2014,2100,239,0, ,0, ,0, ,16, ,62.5, ,83, ,57.2, ,4.5, ,125, ,73.1, 
211,8/27/2014,2200,239,0, ,0, ,0, ,15.9, ,61.2, ,86, ,57, ,3.9, ,127, ,72.7, 
211,8/27/2014,2300,239,0, ,0, ,0, ,15.6, ,60.1, ,88, ,56.6, ,2.7, ,111, ,72.2, 
211,8/27/2014,2400,239,0, ,0, ,0, ,15.2, ,58.7, ,90, ,55.7, ,1.8, ,108, ,71.9, 
211,8/28/2014,0100,240,0, ,0, ,0, ,14.9, ,57.8, ,91, ,55.2, ,2.6, ,126, ,71.5, 
211,8/28/2014,0200,240,0, ,0, ,0, ,14.6, ,57.1, ,92, ,54.8, ,2.3, ,113, ,71.1, 
211,8/28/2014,0300,240,0, ,0, ,0, ,14, ,55.8, ,92, ,53.6, ,1.6, ,135, ,70.7, 
211,8/28/2014,0400,240,0, ,0, ,0, ,13.6, ,54.8, ,93, ,52.7, ,2.6, ,163, ,70.4, 
211,8/28/2014,0500,240,0, ,0, ,0, ,13.6, ,54.6, ,94, ,52.8, ,2.5, ,140, ,70.1, 
211,8/28/2014,0600,240,0, ,0, ,6, ,14.4, ,56, ,94, ,54.3, ,1.7, ,255, ,69.8, 
211,8/28/2014,0700,240,0, ,0, ,81, ,15.2, ,57.9, ,93, ,55.8, ,1.5, ,188, ,69.5, 
211,8/28/2014,0800,240,0, ,0, ,249, ,15.6, ,59.2, ,91, ,56.5, ,3.1, ,347, ,69.4, 
211,8/28/2014,0900,240,0.01, ,0, ,814, ,16.3, ,61.7, ,87, ,57.7, ,4.3, ,318, ,69.3, 
211,8/28/2014,1000,240,0.02, ,0, ,1320, ,17.4, ,68.5, ,73, ,59.6, ,4.2, ,321, ,69.4, 
211,8/28/2014,1100,240,0.02, ,0, ,1557, ,17.8, ,74.8, ,61, ,60.2, ,4.1, ,334, ,69.7, 
211,8/28/2014,1200,240,0.03, ,0, ,1691, ,17.4, ,79.9, ,50, ,59.5, ,5, ,321, ,70.3, 
211,8/28/2014,1300,240,0.03, ,0, ,1708, ,17.7, ,84.5, ,44, ,60, ,6.9, ,334, ,71, 
211,8/28/2014,1400,240,0.03, ,0, ,1601, ,16.9, ,87, ,39, ,58.7, ,8.5, ,339, ,71.7, 
211,8/28/2014,1500,240,0.03, ,0, ,1384, ,15.9, ,88.3, ,35, ,57.1, ,9.8, ,342, ,72.4, 
211,8/28/2014,1600,240,0.02, ,0, ,1079, ,16.3, ,87.6, ,36, ,57.7, ,8.8, ,356, ,73, 
211,8/28/2014,1700,240,0.01, ,0, ,725, ,18, ,77.2, ,56, ,60.5, ,8.4, ,140, ,73.4, 
211,8/28/2014,1800,240,0.01, ,0, ,354, ,17.1, ,70, ,68, ,59.1, ,8.9, ,143, ,73.5, 
211,8/28/2014,1900,240,0, ,0, ,45, ,16.5, ,64.6, ,79, ,58.1, ,6.7, ,131, ,73.4, 
211,8/28/2014,2000,240,0, ,0, ,0, ,16.2, ,61.9, ,86, ,57.5, ,5.8, ,149, ,73, 
211,8/28/2014,2100,240,0, ,0, ,0, ,16, ,60.5, ,89, ,57.2, ,3.3, ,117, ,72.6, 
211,8/28/2014,2200,240,0, ,0, ,0, ,15.8, ,59.4, ,91, ,56.8, ,2.8, ,117, ,72.2, 
211,8/28/2014,2300,240,0, ,0, ,0, ,15.5, ,58.6, ,92, ,56.3, ,2.6, ,111, ,71.9, 
211,8/28/2014,2400,240,0, ,0, ,0, ,15.5, ,58.4, ,93, ,56.4, ,3.4, ,129, ,71.5, 
211,8/29/2014,0100,241,0, ,0, ,0, ,16.1, ,59.1, ,94, ,57.3, ,4.4, ,142, ,71.1, 
211,8/29/2014,0200,241,0, ,0, ,0, ,16.2, ,59.2, ,94, ,57.5, ,3.4, ,164, ,70.8, 
211,8/29/2014,0300,241,0, ,0, ,0, ,15.9, ,59, ,93, ,57.1, ,2.8, ,228, ,70.6, 
211,8/29/2014,0400,241,0, ,0, ,0, ,15.7, ,58.6, ,93, ,56.6, ,2.8, ,348, ,70.5, 
211,8/29/2014,0500,241,0, ,0, ,0, ,15.7, ,58.4, ,94, ,56.7, ,2, ,327, ,70.3, 
211,8/29/2014,0600,241,0, ,0, ,4, ,15.7, ,58.3, ,94, ,56.7, ,2.9, ,1, ,70.2, 
211,8/29/2014,0700,241,0, ,0, ,85, ,15.6, ,58, ,95, ,56.5, ,3.3, ,24, ,70.1, 
211,8/29/2014,0800,241,0, ,0, ,245, ,16, ,59, ,94, ,57.2, ,2.4, ,338, ,70, 
211,8/29/2014,0900,241,0.01, ,0, ,651, ,16.6, ,61.5, ,89, ,58.3, ,2.8, ,85, ,69.9, 
211,8/29/2014,1000,241,0.02, ,0, ,1285, ,17.5, ,65.8, ,81, ,59.7, ,2.9, ,217, ,70, 
211,8/29/2014,1100,241,0.02, ,0, ,1522, ,18.5, ,72.6, ,68, ,61.3, ,2.9, ,342, ,70.3, 
211,8/29/2014,1200,241,0.02, ,0, ,1669, ,18.8, ,79.2, ,55, ,61.8, ,2.7, ,349, ,70.9, 
211,8/29/2014,1300,241,0.02, ,0, ,1217, ,17.5, ,84.3, ,44, ,59.7, ,3.5, ,106, ,71.5, 
211,8/29/2014,1400,241,0.02, ,0, ,1172, ,16.9, ,84.9, ,41, ,58.7, ,7, ,146, ,72.2, 
211,8/29/2014,1500,241,0.02, ,0, ,1242, ,17.8, ,83.8, ,45, ,60.2, ,6.7, ,143, ,72.8, 
211,8/29/2014,1600,241,0.01, ,0, ,818, ,17.8, ,77.1, ,56, ,60.3, ,7.5, ,142, ,73.3, 
211,8/29/2014,1700,241,0.01, ,0, ,395, ,17.6, ,77, ,55, ,59.8, ,4.8, ,116, ,73.5, 
211,8/29/2014,1800,241,0, ,0, ,153, ,17.7, ,76.9, ,56, ,60, ,5.9, ,349, ,73.5, 
211,8/29/2014,1900,241,0, ,0, ,18, ,17.4, ,74, ,61, ,59.6, ,5.7, ,333, ,73.4, 
211,8/29/2014,2000,241,0, ,0, ,0, ,16.9, ,67, ,75, ,58.8, ,3.5, ,132, ,73.2, 
211,8/29/2014,2100,241,0, ,0, ,0, ,16.6, ,64.6, ,80, ,58.2, ,3.1, ,135, ,72.9, 
211,8/29/2014,2200,241,0, ,0, ,0, ,16.2, ,63.1, ,82, ,57.6, ,1.8, ,107, ,72.6, 
211,8/29/2014,2300,241,0, ,0, ,0, ,15.9, ,61.6, ,85, ,57, ,2, ,90, ,72.2, 
211,8/29/2014,2400,241,0, ,0, ,0, ,15.6, ,60.9, ,86, ,56.5, ,2.3, ,143, ,71.9, 
211,8/30/2014,0100,242,0, ,0, ,0, ,15, ,59.1, ,87, ,55.3, ,1.9, ,166, ,71.6, 
211,8/30/2014,0200,242,0, ,0, ,0, ,14.1, ,56.8, ,89, ,53.7, ,1.3, ,360, ,71.2, 
211,8/30/2014,0300,242,0, ,0, ,0, ,15.1, ,58.9, ,89, ,55.5, ,2.4, ,299, ,70.9, 
211,8/30/2014,0400,242,0, ,0, ,0, ,14.5, ,57.9, ,88, ,54.5, ,1.8, ,2, ,70.6, 
211,8/30/2014,0500,242,0, ,0, ,0, ,14.4, ,57.3, ,90, ,54.4, ,1.5, ,148, ,70.3, 
211,8/30/2014,0600,242,0, ,0, ,14, ,13.8, ,55.9, ,90, ,53.1, ,1.2, ,10, ,70.1, 
211,8/30/2014,0700,242,0, ,0, ,237, ,15.1, ,58.9, ,89, ,55.7, ,1.9, ,345, ,69.9, 
211,8/30/2014,0800,242,0.01, ,0, ,611, ,16.8, ,67.1, ,74, ,58.5, ,2, ,348, ,69.6, 
211,8/30/2014,0900,242,0.01, ,0, ,1035, ,16.6, ,74.3, ,57, ,58.3, ,2, ,335, ,69.6, 
211,8/30/2014,1000,242,0.01, ,0, ,763, ,15.8, ,77.3, ,49, ,56.9, ,2.1, ,359, ,69.8, 
211,8/30/2014,1100,242,0.02, ,0, ,1308, ,14.1, ,82, ,38, ,53.8, ,3.6, ,313, ,70.2, 
211,8/30/2014,1200,242,0.03, ,0, ,1656, ,11.3, ,87.5, ,25, ,47.7, ,7.5, ,323, ,70.8, 
211,8/30/2014,1300,242,0.03, ,0, ,1706, ,11.1, ,88.7, ,24, ,47.4, ,12, ,335, ,71.4, 
211,8/30/2014,1400,242,0.03, ,0, ,1600, ,10.9, ,89.5, ,23, ,46.8, ,12.5, ,325, ,71.9, 
211,8/30/2014,1500,242,0.03, ,0, ,1379, ,10.9, ,89.8, ,23, ,46.8, ,12.3, ,332, ,72.4, 
211,8/30/2014,1600,242,0.03, ,0, ,1070, ,10.8, ,88.6, ,23, ,46.6, ,14.3, ,326, ,72.7, 
211,8/30/2014,1700,242,0.02, ,0, ,712, ,11.4, ,86.9, ,26, ,47.9, ,13.6, ,324, ,72.9, 
211,8/30/2014,1800,242,0.01, ,0, ,349, ,11.2, ,83.9, ,28, ,47.4, ,11.8, ,323, ,72.9, 
211,8/30/2014,1900,242,0.01,Y,0, ,39, ,11.1, ,79.9,Y,32,Y,47.2,Y,8.2, ,311, ,72.7, 
211,8/30/2014,2000,242,0,Y,0, ,0, ,12.1, ,74.9,Y,41,Y,49.5,Y,6.7, ,324, ,72.4, 
211,8/30/2014,2100,242,0,Y,0, ,0, ,12.7, ,71.3,Y,48,Y,50.8,Y,5, ,311, ,72.1, 
211,8/30/2014,2200,242,0, ,0, ,0, ,14.3, ,65.5, ,67, ,54.2, ,2.9, ,122, ,71.8, 
211,8/30/2014,2300,242,0, ,0, ,0, ,14.8, ,62, ,78, ,55.1, ,2.5, ,120, ,71.4, 
211,8/30/2014,2400,242,0, ,0, ,0, ,14.8, ,60.2, ,83, ,55.1, ,2.2, ,125, ,71.1, 
211,8/31/2014,0100,243,0, ,0, ,0, ,13.9, ,57.5, ,86, ,53.3, ,1.2, ,3, ,70.8, 
211,8/31/2014,0200,243,0, ,0, ,0, ,12.9, ,54.8, ,88, ,51.2, ,1, ,43, ,70.4, 
211,8/31/2014,0300,243,0, ,0, ,0, ,12.1, ,52.6, ,89, ,49.5, ,1, ,340, ,70.1, 
211,8/31/2014,0400,243,0, ,0, ,0, ,11.8, ,51.6, ,91, ,49, ,1.4, ,152, ,69.7, 
211,8/31/2014,0500,243,0, ,0, ,0, ,11.8, ,51.2, ,91, ,48.8, ,1.2, ,331, ,69.4, 
211,8/31/2014,0600,243,0, ,0, ,11, ,12.7, ,52.9, ,93, ,50.9, ,1.6, ,360, ,69, 
211,8/31/2014,0700,243,0, ,0, ,252, ,14, ,55.1, ,95, ,53.6, ,1.5, ,181, ,68.7, 
211,8/31/2014,0800,243,0.01, ,0, ,635, ,16.1, ,60.9, ,88, ,57.4, ,4.4, ,147, ,68.5, 
211,8/31/2014,0900,243,0.01, ,0, ,1024, ,16.7, ,65.8, ,77, ,58.4, ,3.6, ,136, ,68.5, 
211,8/31/2014,1000,243,0.02, ,0, ,1322, ,16.8, ,71.6, ,64, ,58.6, ,3.2, ,169, ,68.6, 
211,8/31/2014,1100,243,0.02, ,0, ,1551, ,16, ,77.5, ,50, ,57.2, ,4.2, ,333, ,69.1, 
211,8/31/2014,1200,243,0.03, ,0, ,1662, ,15.4, ,81.1, ,42, ,56.2, ,4, ,120, ,69.9, 
211,8/31/2014,1300,243,0.03, ,0, ,1681, ,15.3, ,83.8, ,39, ,56.1, ,5.2, ,184, ,70.7, 
211,8/31/2014,1400,243,0.03, ,0, ,1574, ,16.3, ,84, ,41, ,57.7, ,9.7, ,184, ,71.4, 
211,8/31/2014,1500,243,0.02, ,0, ,1355, ,16.3, ,83.4, ,42, ,57.7, ,9.6, ,167, ,72.2, 
211,8/31/2014,1600,243,0.02, ,0, ,1053, ,16.8, ,81.1, ,46, ,58.5, ,9.2, ,159, ,72.7, 
211,8/31/2014,1700,243,0.01, ,0, ,703, ,17, ,75.5, ,56, ,58.9, ,9.6, ,154, ,73, 
211,8/31/2014,1800,243,0.01, ,0, ,339, ,16.6, ,70.8, ,65, ,58.2, ,8.1, ,136, ,73, 
211,8/31/2014,1900,243,0, ,0, ,35, ,16, ,65.8, ,74, ,57.3, ,7.1, ,128, ,72.7, 
211,8/31/2014,2000,243,0, ,0, ,0, ,15.8, ,63.8, ,78, ,56.8, ,5.2, ,122, ,72.4, 
211,8/31/2014,2100,243,0, ,0, ,0, ,15.6, ,62.1, ,82, ,56.5, ,3.7, ,123, ,72, 
211,8/31/2014,2200,243,0, ,0, ,0, ,15.2, ,60.3, ,85, ,55.8, ,2.2, ,113, ,71.6, 
211,8/31/2014,2300,243,0, ,0, ,0, ,14.7, ,58.6, ,87, ,54.8, ,1.8, ,126, ,71.2, 
211,8/31/2014,2400,243,0, ,0, ,0, ,13.9, ,56.8, ,88, ,53.4, ,1.2, ,103, ,70.8, 
211,9/1/2014,0100,244,0, ,0, ,0, ,13.3, ,55.3, ,89, ,52.2, ,1, ,334, ,70.5, 
211,9/1/2014,0200,244,0, ,0, ,0, ,12.8, ,53.9, ,90, ,51.1, ,1.3, ,111, ,70.1, 
211,9/1/2014,0300,244,0, ,0, ,0, ,12.3, ,52.5, ,91, ,50, ,1, ,40, ,69.7, 
211,9/1/2014,0400,244,0, ,0, ,0, ,12, ,51.7, ,92, ,49.3, ,1, ,356, ,69.4, 
211,9/1/2014,0500,244,0, ,0, ,0, ,11.6, ,50.6, ,92, ,48.5, ,1.1, ,74, ,69, 
211,9/1/2014,0600,244,0, ,0, ,9, ,11.7, ,50.7, ,93, ,48.7, ,1.5, ,130, ,68.7, 
211,9/1/2014,0700,244,0, ,0, ,184, ,14.3, ,55.4, ,95, ,54, ,2.4, ,117, ,68.4, 
211,9/1/2014,0800,244,0.01, ,0, ,638, ,16.4, ,59.9, ,93, ,57.8, ,2.9, ,137, ,68.2, 
211,9/1/2014,0900,244,0.01, ,0, ,1011, ,16.8, ,66.1, ,77, ,58.5, ,3.2, ,129, ,68.2, 
211,9/1/2014,1000,244,0.02, ,0, ,1310, ,17.6, ,72.6, ,64, ,59.8, ,2.8, ,360, ,68.5, 
211,9/1/2014,1100,244,0.02, ,0, ,1541, ,17.1, ,78.5, ,51, ,59.1, ,2.4, ,346, ,69, 
211,9/1/2014,1200,244,0.03, ,0, ,1677, ,13.9, ,84.8, ,34, ,53.4, ,3.9, ,335, ,69.8, 
211,9/1/2014,1300,244,0.03, ,0, ,1677, ,13.6, ,89.1, ,29, ,52.8, ,3, ,209, ,70.6, 
211,9/1/2014,1400,244,0.03, ,0, ,1570, ,13.3, ,93.1, ,25, ,52.2, ,3.6, ,231, ,71.5, 
211,9/1/2014,1500,244,0.02, ,0, ,1344, ,15.3, ,93.8, ,28, ,56.1, ,5.7, ,150, ,72.5, 
211,9/1/2014,1600,244,0.02, ,0, ,1043, ,17.7, ,86.7, ,41, ,60, ,7.8, ,132, ,73.4, 
211,9/1/2014,1700,244,0.01, ,0, ,684, ,17.6, ,82.4, ,46, ,59.9, ,7.1, ,132, ,73.8, 
211,9/1/2014,1800,244,0.01, ,0, ,309, ,17.2, ,76.9, ,55, ,59.3, ,6.7, ,143, ,73.8, 
211,9/1/2014,1900,244,0, ,0, ,29, ,16.7, ,69.8, ,67, ,58.5, ,6.6, ,136, ,73.6, 
211,9/1/2014,2000,244,0, ,0, ,0, ,16.3, ,65.4, ,76, ,57.7, ,5.5, ,123, ,73.2, 
211,9/1/2014,2100,244,0, ,0, ,0, ,15.7, ,63.5, ,78, ,56.7, ,4.3, ,123, ,72.8, 
211,9/1/2014,2200,244,0, ,0, ,0, ,15.4, ,62.1, ,81, ,56.2, ,3.3, ,119, ,72.3, 
211,9/1/2014,2300,244,0, ,0, ,0, ,15.2, ,60.9, ,83, ,55.9, ,3, ,128, ,71.9, 
211,9/1/2014,2400,244,0, ,0, ,0, ,15.2, ,59.6, ,87, ,55.7, ,2.6, ,118, ,71.5, 
211,9/2/2014,0100,245,0, ,0, ,0, ,14.9, ,58.5, ,89, ,55.2, ,2.5, ,116, ,71.1, 
211,9/2/2014,0200,245,0, ,0, ,0, ,15.1, ,58.3, ,91, ,55.7, ,3.3, ,117, ,70.8, 
211,9/2/2014,0300,245,0, ,0, ,0, ,15.4, ,58.3, ,92, ,56.1, ,5.1, ,136, ,70.4, 
211,9/2/2014,0400,245,0, ,0, ,0, ,15.7, ,58.5, ,94, ,56.7, ,5.8, ,148, ,70.2, 
211,9/2/2014,0500,245,0, ,0, ,0, ,15.8, ,58.5, ,94, ,56.8, ,5.8, ,145, ,69.9, 
211,9/2/2014,0600,245,0, ,0, ,5, ,15.8, ,58.6, ,94, ,56.9, ,5.9, ,142, ,69.7, 
211,9/2/2014,0700,245,0, ,0, ,62, ,16, ,58.7, ,95, ,57.2, ,5.7, ,137, ,69.5, 
211,9/2/2014,0800,245,0, ,0, ,163, ,16.3, ,59.3, ,94, ,57.7, ,6.7, ,138, ,69.2, 
211,9/2/2014,0900,245,0, ,0, ,381, ,16.7, ,60.5, ,93, ,58.3, ,7.4, ,138, ,68.7, 
211,9/2/2014,1000,245,0.01, ,0, ,1083, ,16.8, ,63.8, ,83, ,58.6, ,8.2, ,144, ,68.5, 
211,9/2/2014,1100,245,0.02, ,0, ,1546, ,16.9, ,67.9, ,73, ,58.8, ,9.1, ,153, ,68.5, 
211,9/2/2014,1200,245,0.02, ,0, ,1681, ,17.1, ,71.9, ,64, ,59.1, ,6.9, ,137, ,68.8, 
211,9/2/2014,1300,245,0.03, ,0, ,1689, ,17.5, ,74.8, ,59, ,59.7, ,8.6, ,157, ,69.3, 
211,9/2/2014,1400,245,0.02, ,0, ,1583, ,17.2, ,75.4, ,57, ,59.3, ,8.7, ,151, ,69.8, 
211,9/2/2014,1500,245,0.02, ,0, ,1361, ,17.5, ,75.8, ,58, ,59.8, ,7.9, ,140, ,70.4, 
211,9/2/2014,1600,245,0.02, ,0, ,1056, ,17.3, ,75.8, ,57, ,59.5, ,7.5, ,136, ,70.9, 
211,9/2/2014,1700,245,0.01, ,0, ,697, ,16.9, ,72.1, ,63, ,58.7, ,7.6, ,131, ,71.3, 
211,9/2/2014,1800,245,0, ,0, ,323, ,16.5, ,67.1, ,73, ,58.1, ,7.9, ,131, ,71.4, 
211,9/2/2014,1900,245,0, ,0, ,29, ,16, ,63.2, ,81, ,57.2, ,6.2, ,125, ,71.3, 
211,9/2/2014,2000,245,0, ,0, ,0, ,15.6, ,60.8, ,86, ,56.6, ,4.9, ,106, ,71.1, 
211,9/2/2014,2100,245,0, ,0, ,0, ,15.6, ,59.6, ,89, ,56.5, ,4.8, ,115, ,70.8, 
211,9/2/2014,2200,245,0, ,0, ,0, ,15.5, ,59.2, ,90, ,56.3, ,6, ,145, ,70.5, 
211,9/2/2014,2300,245,0, ,0, ,0, ,15.6, ,59.7, ,89, ,56.5, ,6.3, ,166, ,70.2, 
211,9/2/2014,2400,245,0, ,0, ,0, ,15.4, ,59.2, ,90, ,56.2, ,6.4, ,146, ,69.9, 
211,9/3/2014,0100,246,0, ,0, ,0, ,15.3, ,58.6, ,91, ,56, ,6.7, ,155, ,69.7, 
211,9/3/2014,0200,246,0, ,0, ,0, ,15.2, ,58.2, ,92, ,55.8, ,5.8, ,146, ,69.5, 
211,9/3/2014,0300,246,0, ,0, ,0, ,15.2, ,58.2, ,92, ,55.8, ,5.6, ,145, ,69.3, 
211,9/3/2014,0400,246,0, ,0, ,0, ,15.1, ,58.3, ,91, ,55.6, ,5.6, ,150, ,69.2, 
211,9/3/2014,0500,246,0, ,0, ,0, ,15, ,58.3, ,90, ,55.4, ,6, ,158, ,69, 
211,9/3/2014,0600,246,0, ,0, ,3, ,14.9, ,58.2, ,90, ,55.3, ,6, ,152, ,68.9, 
211,9/3/2014,0700,246,0, ,0, ,42, ,15, ,58.5, ,89, ,55.4, ,5.7, ,162, ,68.8, 
211,9/3/2014,0800,246,0, ,0, ,134, ,15, ,59.2, ,87, ,55.4, ,6, ,164, ,68.7, 
211,9/3/2014,0900,246,0, ,0, ,438, ,15.1, ,60.9, ,83, ,55.7, ,6.1, ,153, ,68.6, 
211,9/3/2014,1000,246,0.01, ,0, ,1196, ,15.7, ,64.3, ,77, ,56.7, ,5.9, ,150, ,68.6, 
211,9/3/2014,1100,246,0.02, ,0, ,1600, ,16.2, ,67.3, ,71, ,57.6, ,5.5, ,123, ,68.7, 
211,9/3/2014,1200,246,0.02, ,0, ,1697, ,16.7, ,70.7, ,65, ,58.4, ,4.3, ,84, ,69.2, 
211,9/3/2014,1300,246,0.02, ,0, ,1704, ,17, ,74.6, ,58, ,58.9, ,5.4, ,141, ,69.7, 
211,9/3/2014,1400,246,0.02, ,0, ,1590, ,16.6, ,76, ,54, ,58.3, ,5.8, ,142, ,70.4, 
211,9/3/2014,1500,246,0.02, ,0, ,1368, ,16.6, ,77.4, ,52, ,58.2, ,6.5, ,158, ,71.1, 
211,9/3/2014,1600,246,0.02, ,0, ,1060, ,16.4, ,76.5, ,53, ,57.9, ,6.8, ,139, ,71.7, 
211,9/3/2014,1700,246,0.01, ,0, ,702, ,16.4, ,74.4, ,56, ,57.9, ,7.5, ,141, ,72.1, 
211,9/3/2014,1800,246,0.01, ,0, ,322, ,16.1, ,70.1, ,64, ,57.4, ,7.2, ,140, ,72.2, 
211,9/3/2014,1900,246,0, ,0, ,26, ,15.4, ,64.4, ,74, ,56.1, ,5.9, ,125, ,72.1, 
211,9/3/2014,2000,246,0, ,0, ,0, ,15.2, ,61.4, ,82, ,55.7, ,5, ,118, ,71.8, 
211,9/3/2014,2100,246,0, ,0, ,0, ,14.9, ,59.6, ,86, ,55.3, ,3.9, ,110, ,71.4, 
211,9/3/2014,2200,246,0, ,0, ,0, ,14.6, ,58.2, ,88, ,54.7, ,3.3, ,110, ,71, 
211,9/3/2014,2300,246,0, ,0, ,0, ,14.2, ,56.8, ,90, ,53.9, ,2.5, ,120, ,70.6, 
211,9/3/2014,2400,246,0, ,0, ,0, ,14, ,56.1, ,91, ,53.5, ,2.5, ,130, ,70.3, 
211,9/4/2014,0100,247,0, ,0, ,0, ,14.7, ,57.5, ,91, ,54.9, ,3.5, ,134, ,69.9, 
211,9/4/2014,0200,247,0, ,0, ,0, ,14.9, ,58.4, ,89, ,55.3, ,3.8, ,106, ,69.6, 
211,9/4/2014,0300,247,0, ,0, ,0, ,15.3, ,59, ,90, ,55.9, ,4.5, ,131, ,69.4, 
211,9/4/2014,0400,247,0, ,0, ,0, ,15.3, ,58.9, ,90, ,55.9, ,4.7, ,157, ,69.2, 
211,9/4/2014,0500,247,0, ,0, ,0, ,15.3, ,58.6, ,91, ,56, ,3.9, ,162, ,69.1, 
211,9/4/2014,0600,247,0, ,0, ,2, ,15.2, ,58.3, ,91, ,55.8, ,3.6, ,124, ,69, 
211,9/4/2014,0700,247,0, ,0, ,38, ,15.3, ,58.4, ,91, ,55.9, ,5, ,147, ,68.9, 
211,9/4/2014,0800,247,0, ,0, ,107, ,15.4, ,58.7, ,91, ,56.2, ,5.4, ,157, ,68.8, 
211,9/4/2014,0900,247,0, ,0, ,251, ,15.6, ,59.9, ,88, ,56.4, ,5.3, ,138, ,68.7, 
211,9/4/2014,1000,247,0.01, ,0, ,508, ,15.9, ,61.6, ,85, ,57, ,5.4, ,129, ,68.7, 
211,9/4/2014,1100,247,0.02, ,0, ,1390, ,16.7, ,65.5, ,78, ,58.4, ,5.6, ,117, ,68.7, 
211,9/4/2014,1200,247,0.02, ,0, ,1673, ,17.5, ,69.9, ,70, ,59.6, ,6.3, ,122, ,69, 
211,9/4/2014,1300,247,0.02, ,0, ,1679, ,17.5, ,73.9, ,61, ,59.8, ,6.7, ,119, ,69.4, 
211,9/4/2014,1400,247,0.02, ,0, ,1563, ,17.4, ,76.5, ,56, ,59.6, ,7.6, ,128, ,69.9, 
211,9/4/2014,1500,247,0.02, ,0, ,1323, ,17, ,77, ,54, ,58.9, ,8.2, ,138, ,70.6, 
211,9/4/2014,1600,247,0.02, ,0, ,1038, ,16.8, ,76.1, ,55, ,58.6, ,7.9, ,132, ,71.1, 
211,9/4/2014,1700,247,0.01, ,0, ,678, ,16.6, ,72.5, ,61, ,58.2, ,8.9, ,135, ,71.4, 
211,9/4/2014,1800,247,0, ,0, ,302, ,16.1, ,68.3, ,68, ,57.4, ,7.1, ,128, ,71.5, 
211,9/4/2014,1900,247,0, ,0, ,23, ,15.3, ,63.6, ,76, ,55.9, ,5.8, ,125, ,71.3, 
211,9/4/2014,2000,247,0, ,0, ,0, ,14.8, ,60.4, ,83, ,55.1, ,5.3, ,120, ,71.1, 
211,9/4/2014,2100,247,0, ,0, ,0, ,14.7, ,59, ,86, ,54.8, ,4.1, ,111, ,70.8, 
211,9/4/2014,2200,247,0, ,0, ,0, ,14.5, ,58, ,88, ,54.6, ,3.4, ,115, ,70.4, 
211,9/4/2014,2300,247,0, ,0, ,0, ,14.4, ,57.5, ,89, ,54.4, ,3.5, ,130, ,70.1, 
211,9/4/2014,2400,247,0, ,0, ,0, ,14.6, ,57.7, ,90, ,54.7, ,4.2, ,138, ,69.8, 
211,9/5/2014,0100,248,0, ,0, ,0, ,14.8, ,58.8, ,87, ,55.1, ,4.9, ,143, ,69.5, 
211,9/5/2014,0200,248,0, ,0, ,0, ,14.7, ,58.9, ,87, ,55, ,5.5, ,142, ,69.3, 
211,9/5/2014,0300,248,0, ,0, ,0, ,14.7, ,58.9, ,87, ,54.9, ,4.5, ,140, ,69.1, 
211,9/5/2014,0400,248,0, ,0, ,0, ,14.7, ,58.4, ,88, ,54.8, ,4.9, ,142, ,69, 
211,9/5/2014,0500,248,0, ,0, ,0, ,14.6, ,57.9, ,89, ,54.7, ,4.9, ,143, ,68.8, 
211,9/5/2014,0600,248,0, ,0, ,2, ,14.7, ,57.7, ,90, ,54.8, ,4.6, ,143, ,68.7, 
211,9/5/2014,0700,248,0, ,0, ,42, ,14.8, ,57, ,93, ,55.1, ,3.9, ,137, ,68.6, 
211,9/5/2014,0800,248,0, ,0, ,154, ,15, ,57.4, ,93, ,55.4, ,4.3, ,153, ,68.2, 
211,9/5/2014,0900,248,0, ,0, ,356, ,15.4, ,59.1, ,90, ,56.2, ,4.9, ,138, ,67.7, 
211,9/5/2014,1000,248,0.01, ,0, ,1052, ,15.8, ,62.9, ,80, ,56.8, ,5.6, ,128, ,67.4, 
211,9/5/2014,1100,248,0.02, ,0, ,1532, ,16.4, ,67, ,73, ,57.9, ,5.8, ,127, ,67.4, 
211,9/5/2014,1200,248,0.02, ,0, ,1656, ,17.1, ,71.3, ,65, ,59.1, ,5.1, ,138, ,67.7, 
211,9/5/2014,1300,248,0.02, ,0, ,1662, ,16.8, ,75.7, ,55, ,58.5, ,4.3, ,116, ,68.2, 
211,9/5/2014,1400,248,0.02, ,0, ,1550, ,16.8, ,79, ,50, ,58.6, ,4.1, ,106, ,68.9, 
211,9/5/2014,1500,248,0.02, ,0, ,1327, ,16.5, ,79.7, ,48, ,58.1, ,5.2, ,129, ,69.8, 
211,9/5/2014,1600,248,0.02, ,0, ,1033, ,15.7, ,77.4, ,49, ,56.7, ,6.2, ,132, ,70.6, 
211,9/5/2014,1700,248,0.01, ,0, ,674, ,15.5, ,73.8, ,55, ,56.4, ,6.7, ,133, ,71, 
211,9/5/2014,1800,248,0, ,0, ,290, ,15.1, ,68.9, ,63, ,55.6, ,6.6, ,128, ,71.2, 
211,9/5/2014,1900,248,0, ,0, ,19, ,14.6, ,63.1, ,74, ,54.6, ,5.7, ,131, ,71.1, 
211,9/5/2014,2000,248,0, ,0, ,0, ,14.3, ,60.5, ,80, ,54.2, ,3.6, ,121, ,70.8, 
211,9/5/2014,2100,248,0, ,0, ,0, ,14, ,58.7, ,83, ,53.6, ,3.6, ,107, ,70.4, 
211,9/5/2014,2200,248,0, ,0, ,0, ,13.9, ,57.5, ,86, ,53.3, ,2.8, ,113, ,70.1, 
211,9/5/2014,2300,248,0, ,0, ,0, ,13.6, ,56.4, ,88, ,52.8, ,2.3, ,130, ,69.7, 
211,9/5/2014,2400,248,0, ,0, ,0, ,12.5, ,53.8, ,88, ,50.5, ,1.8, ,155, ,69.4, 
211,9/6/2014,0100,249,0, ,0, ,0, ,11.8, ,51.6, ,90, ,48.8, ,1.4, ,151, ,69, 
211,9/6/2014,0200,249,0, ,0, ,0, ,11.2, ,50, ,91, ,47.5, ,1.3, ,12, ,68.7, 
211,9/6/2014,0300,249,0, ,0, ,0, ,10.6, ,48.3, ,92, ,46.1, ,1.2, ,347, ,68.3, 
211,9/6/2014,0400,249,0, ,0, ,0, ,11, ,49, ,93, ,47, ,1, ,13, ,67.9, 
211,9/6/2014,0500,249,0, ,0, ,0, ,12.4, ,52, ,93, ,50.2, ,1.1, ,335, ,67.6, 
211,9/6/2014,0600,249,0, ,0, ,2, ,13.4, ,54.6, ,92, ,52.4, ,2, ,299, ,67.3, 
211,9/6/2014,0700,249,0, ,0, ,45, ,13.8, ,55.4, ,92, ,53.1, ,1.5, ,295, ,67.2, 
211,9/6/2014,0800,249,0, ,0, ,135, ,14.2, ,56.3, ,92, ,54, ,2, ,256, ,67.1, 
211,9/6/2014,0900,249,0, ,0, ,264, ,14.3, ,57.3, ,89, ,54.2, ,2.8, ,144, ,67.1, 
211,9/6/2014,1000,249,0.01, ,0, ,566, ,14.8, ,59.4, ,85, ,55, ,3, ,76, ,67.2, 
211,9/6/2014,1100,249,0.02, ,0, ,1399, ,15.9, ,64.6, ,77, ,57.1, ,3.2, ,345, ,67.3, 
211,9/6/2014,1200,249,0.02, ,0, ,1590, ,16.7, ,69.6, ,68, ,58.4, ,2.9, ,65, ,67.7, 
211,9/6/2014,1300,249,0.02, ,0, ,1648, ,16, ,74.7, ,55, ,57.3, ,3.2, ,85, ,68.2, 
211,9/6/2014,1400,249,0.02, ,0, ,1551, ,15.8, ,79.4, ,46, ,56.9, ,3.4, ,79, ,69, 
211,9/6/2014,1500,249,0.02, ,0, ,1321, ,15.9, ,82.2, ,42, ,57.1, ,4.4, ,101, ,69.9, 
211,9/6/2014,1600,249,0.02, ,0, ,1024, ,14.9, ,78.5, ,45, ,55.2, ,8.6, ,151, ,70.8, 
211,9/6/2014,1700,249,0.01, ,0, ,662, ,15.1, ,73.3, ,54, ,55.6, ,8.4, ,137, ,71.3, 
211,9/6/2014,1800,249,0.01, ,0, ,288, ,14.5, ,68.7, ,61, ,54.6, ,7.1, ,137, ,71.4, 
211,9/6/2014,1900,249,0, ,0, ,18, ,14, ,63, ,71, ,53.6, ,6, ,126, ,71.3, 
211,9/6/2014,2000,249,0, ,0, ,0, ,13.7, ,59.8, ,78, ,53, ,4.4, ,121, ,71, 
211,9/6/2014,2100,249,0, ,0, ,0, ,13.5, ,57.8, ,83, ,52.6, ,3, ,116, ,70.6, 
211,9/6/2014,2200,249,0, ,0, ,0, ,13.4, ,56.5, ,86, ,52.4, ,2.8, ,115, ,70.2, 
211,9/6/2014,2300,249,0, ,0, ,0, ,13.2, ,55.5, ,88, ,51.9, ,2.2, ,144, ,69.8, 
211,9/6/2014,2400,249,0, ,0, ,0, ,12.7, ,53.9, ,89, ,50.8, ,1.5, ,107, ,69.4, 
211,9/7/2014,0100,250,0, ,0, ,0, ,11.7, ,51.6, ,90, ,48.8, ,1.3, ,137, ,69.1, 
211,9/7/2014,0200,250,0, ,0, ,0, ,11.3, ,50.3, ,91, ,47.8, ,1.7, ,335, ,68.7, 
211,9/7/2014,0300,250,0, ,0, ,0, ,10.9, ,49.3, ,91, ,46.9, ,1.7, ,350, ,68.4, 
211,9/7/2014,0400,250,0, ,0, ,0, ,10.5, ,48.1, ,92, ,45.9, ,1.3, ,15, ,68, 
211,9/7/2014,0500,250,0, ,0, ,0, ,10, ,46.7, ,92, ,44.6, ,1.1, ,52, ,67.7, 
211,9/7/2014,0600,250,0, ,0, ,5, ,10.2, ,47, ,93, ,45.1, ,1.3, ,144, ,67.3, 
211,9/7/2014,0700,250,0, ,0, ,97, ,11.6, ,50.3, ,93, ,48.5, ,1.8, ,127, ,67, 
211,9/7/2014,0800,250,0, ,0, ,337, ,13, ,53.9, ,92, ,51.6, ,2.5, ,147, ,66.8, 
211,9/7/2014,0900,250,0.01, ,0, ,996, ,14.7, ,61.3, ,79, ,54.8, ,3.5, ,315, ,66.8, 
211,9/7/2014,1000,250,0.02, ,0, ,1298, ,15.5, ,66.3, ,70, ,56.3, ,3.8, ,299, ,66.9, 
211,9/7/2014,1100,250,0.02, ,0, ,1537, ,15.4, ,71.3, ,59, ,56.2, ,3.8, ,286, ,67.3, 
211,9/7/2014,1200,250,0.02, ,0, ,1619, ,15.3, ,75.8, ,50, ,55.9, ,3.9, ,212, ,67.9, 
211,9/7/2014,1300,250,0.02, ,0, ,1664, ,15.7, ,79.2, ,46, ,56.8, ,3.8, ,170, ,68.6, 
211,9/7/2014,1400,250,0.02, ,0, ,1543, ,16.5, ,81.2, ,45, ,58.1, ,6.3, ,145, ,69.4, 
211,9/7/2014,1500,250,0.02, ,0, ,1328, ,16.1, ,80.9, ,45, ,57.3, ,8.3, ,151, ,70.2, 
211,9/7/2014,1600,250,0.02, ,0, ,1013, ,15.8, ,79.1, ,46, ,56.8, ,7.2, ,136, ,70.8, 
211,9/7/2014,1700,250,0.01, ,0, ,650, ,15.6, ,75.8, ,51, ,56.5, ,7.9, ,136, ,71.2, 
211,9/7/2014,1800,250,0.01, ,0, ,275, ,14.8, ,69.5, ,60, ,55.1, ,7.8, ,142, ,71.2, 
211,9/7/2014,1900,250,0, ,0, ,16, ,14.5, ,63.6, ,72, ,54.6, ,5.8, ,128, ,71, 
211,9/7/2014,2000,250,0, ,0, ,0, ,14.5, ,60.5, ,80, ,54.4, ,5.3, ,117, ,70.8, 
211,9/7/2014,2100,250,0, ,0, ,0, ,14.3, ,58.9, ,84, ,54, ,5.2, ,124, ,70.4, 
211,9/7/2014,2200,250,0, ,0, ,0, ,14, ,57.6, ,86, ,53.5, ,4, ,109, ,70, 
211,9/7/2014,2300,250,0, ,0, ,0, ,13.7, ,56.5, ,88, ,52.9, ,3, ,115, ,69.7, 
211,9/7/2014,2400,250,0, ,0, ,0, ,13.2, ,55.1, ,89, ,52, ,1.8, ,117, ,69.3, 
211,9/8/2014,0100,251,0, ,0, ,0, ,12.7, ,53.7, ,90, ,50.8, ,1.5, ,163, ,69, 
211,9/8/2014,0200,251,0, ,0, ,0, ,12, ,52.1, ,90, ,49.4, ,1.1, ,40, ,68.7, 
211,9/8/2014,0300,251,0, ,0, ,0, ,12.4, ,52.6, ,92, ,50.2, ,1.6, ,337, ,68.4, 
211,9/8/2014,0400,251,0, ,0, ,0, ,13.7, ,55.5, ,91, ,53, ,1.6, ,331, ,68.1, 
211,9/8/2014,0500,251,0, ,0, ,0, ,14, ,56.7, ,89, ,53.6, ,1.8, ,351, ,67.9, 
211,9/8/2014,0600,251,0, ,0, ,1, ,14.3, ,57.8, ,87, ,54, ,3, ,227, ,67.8, 
211,9/8/2014,0700,251,0, ,0, ,44, ,14.4, ,56.8, ,91, ,54.2, ,2.6, ,188, ,67.7, 
211,9/8/2014,0800,251,0, ,0, ,166, ,14.5, ,56.8, ,92, ,54.5, ,3.4, ,191, ,67.5, 
211,9/8/2014,0900,251,0, ,0, ,436, ,14.4, ,57.7, ,88, ,54.2, ,3, ,176, ,67.1, 
211,9/8/2014,1000,251,0.01, ,0, ,1102, ,14.7, ,62.1, ,78, ,55, ,3.8, ,166, ,66.8, 
211,9/8/2014,1100,251,0.02, ,0, ,1550, ,15.2, ,66.4, ,69, ,55.8, ,3.6, ,95, ,66.9, 
211,9/8/2014,1200,251,0.02, ,0, ,1683, ,15.6, ,70.9, ,60, ,56.5, ,3.7, ,40, ,67.4, 
211,9/8/2014,1300,251,0.02, ,0, ,1683, ,15.1, ,74.6, ,52, ,55.6, ,3.5, ,99, ,68, 
211,9/8/2014,1400,251,0.02, ,0, ,1565, ,15.3, ,77.9, ,47, ,56, ,5.8, ,131, ,68.7, 
211,9/8/2014,1500,251,0.02, ,0, ,1338, ,14.5, ,77, ,46, ,54.4, ,9.1, ,163, ,69.6, 
211,9/8/2014,1600,251,0.02, ,0, ,1025, ,13.5, ,75.1, ,46, ,52.6, ,8.5, ,156, ,70.3, 
211,9/8/2014,1700,251,0.01, ,0, ,654, ,13.6, ,72, ,51, ,52.7, ,7.3, ,141, ,70.5, 
211,9/8/2014,1800,251,0, ,0, ,268, ,13.4, ,68.5, ,56, ,52.4, ,5.1, ,128, ,70.6, 
211,9/8/2014,1900,251,0, ,0, ,14, ,13.3, ,62.2, ,70, ,52.2, ,4.7, ,100, ,70.4, 
211,9/8/2014,2000,251,0, ,0, ,0, ,13.3, ,58.7, ,79, ,52.1, ,4.9, ,115, ,70.1, 
211,9/8/2014,2100,251,0, ,0, ,0, ,13.1, ,56.9, ,83, ,51.7, ,4, ,120, ,69.8, 
211,9/8/2014,2200,251,0, ,0, ,0, ,12.8, ,55.1, ,86, ,51.1, ,3.4, ,114, ,69.4, 
211,9/8/2014,2300,251,0, ,0, ,0, ,12.3, ,53.5, ,88, ,50.1, ,2.4, ,99, ,69, 
211,9/8/2014,2400,251,0, ,0, ,0, ,11.3, ,50.8, ,90, ,47.9, ,1.1, ,62, ,68.6, 
211,9/9/2014,0100,252,0, ,0, ,0, ,10.7, ,48.8, ,91, ,46.2, ,1.1, ,4, ,68.3, 
211,9/9/2014,0200,252,0, ,0, ,0, ,10.1, ,47.2, ,92, ,44.9, ,1.4, ,110, ,67.9, 
211,9/9/2014,0300,252,0, ,0, ,0, ,10, ,46.9, ,92, ,44.6, ,1.4, ,357, ,67.5, 
211,9/9/2014,0400,252,0, ,0, ,0, ,11.1, ,49.5, ,92, ,47.3, ,1.6, ,103, ,67.1, 
211,9/9/2014,0500,252,0, ,0, ,0, ,11.9, ,51.7, ,91, ,49.1, ,2.7, ,141, ,66.8, 
211,9/9/2014,0600,252,0, ,0, ,2, ,12.2, ,52.6, ,90, ,49.8, ,1.5, ,351, ,66.7, 
211,9/9/2014,0700,252,0, ,0, ,50, ,12.6, ,53.1, ,91, ,50.6, ,2.2, ,338, ,66.5, 
211,9/9/2014,0800,252,0, ,0, ,204, ,12.9, ,53.9, ,91, ,51.2, ,3.1, ,18, ,66.5, 
211,9/9/2014,0900,252,0.01, ,0, ,578, ,13.4, ,56.2, ,87, ,52.3, ,2.7, ,311, ,66.5, 
211,9/9/2014,1000,252,0.01, ,0, ,1298, ,14.2, ,61.6, ,76, ,53.9, ,3.1, ,333, ,66.5, 
211,9/9/2014,1100,252,0.02, ,0, ,1532, ,14.9, ,67.2, ,66, ,55.3, ,3, ,345, ,66.8, 
211,9/9/2014,1200,252,0.02, ,0, ,1579, ,15.2, ,72.8, ,55, ,55.8, ,3.3, ,66, ,67.4, 
211,9/9/2014,1300,252,0.02, ,0, ,1650, ,14.8, ,78.1, ,45, ,55.1, ,3.2, ,125, ,68, 
211,9/9/2014,1400,252,0.02, ,0, ,1529, ,14.1, ,83, ,37, ,53.7, ,3, ,356, ,68.8, 
211,9/9/2014,1500,252,0.02, ,0, ,1276, ,14.2, ,84.7, ,35, ,53.8, ,5.5, ,172, ,69.7, 
211,9/9/2014,1600,252,0.02, ,0, ,965, ,13.9, ,82.7, ,36, ,53.3, ,7.2, ,153, ,70.5, 
211,9/9/2014,1700,252,0.01, ,0, ,604, ,15.6, ,78, ,48, ,56.5, ,7.2, ,136, ,71, 
211,9/9/2014,1800,252,0, ,0, ,218, ,15.1, ,72.8, ,55, ,55.6, ,5.6, ,145, ,71.1, 
211,9/9/2014,1900,252,0, ,0, ,11, ,14.7, ,66.8, ,65, ,54.8, ,5.5, ,139, ,71, 
211,9/9/2014,2000,252,0, ,0, ,0, ,14.5, ,62.3, ,76, ,54.5, ,4, ,113, ,70.7, 
211,9/9/2014,2100,252,0, ,0, ,0, ,14.2, ,59.7, ,81, ,53.9, ,2.7, ,113, ,70.4, 
211,9/9/2014,2200,252,0, ,0, ,0, ,13.6, ,57.5, ,84, ,52.7, ,1.8, ,123, ,70, 
211,9/9/2014,2300,252,0, ,0, ,0, ,12.8, ,55.2, ,86, ,51, ,1.3, ,115, ,69.6, 
211,9/9/2014,2400,252,0, ,0, ,0, ,12, ,53.2, ,87, ,49.3, ,1.1, ,134, ,69.2, 
211,9/10/2014,0100,253,0, ,0, ,0, ,11.5, ,51.8, ,88, ,48.3, ,1.7, ,174, ,68.8, 
211,9/10/2014,0200,253,0, ,0, ,0, ,11, ,50.5, ,88, ,47, ,1.4, ,340, ,68.5, 
211,9/10/2014,0300,253,0, ,0, ,0, ,11.2, ,50.8, ,88, ,47.5, ,1.6, ,316, ,68.1, 
211,9/10/2014,0400,253,0, ,0, ,0, ,10.4, ,48.6, ,89, ,45.5, ,1.7, ,16, ,67.7, 
211,9/10/2014,0500,253,0, ,0, ,0, ,10.4, ,48.5, ,89, ,45.5, ,1.4, ,173, ,67.4, 
211,9/10/2014,0600,253,0, ,0, ,6, ,10, ,47, ,91, ,44.4, ,1.3, ,145, ,67.1, 
211,9/10/2014,0700,253,0, ,0, ,176, ,11, ,49.2, ,92, ,47.1, ,1.5, ,117, ,66.8, 
211,9/10/2014,0800,253,0.01, ,0, ,542, ,13.5, ,56.2, ,88, ,52.6, ,1.2, ,340, ,66.5, 
211,9/10/2014,0900,253,0.01, ,0, ,922, ,14.5, ,63.4, ,73, ,54.5, ,2.7, ,331, ,66.3, 
211,9/10/2014,1000,253,0.02, ,0, ,1239, ,15.1, ,70.9, ,58, ,55.6, ,2, ,341, ,66.5, 
211,9/10/2014,1100,253,0.02, ,0, ,1424, ,13.3, ,78.3, ,40, ,52.2, ,2.1, ,333, ,66.8, 
211,9/10/2014,1200,253,0.02, ,0, ,1576, ,12.8, ,84.7, ,31, ,51.1, ,2.7, ,335, ,67.5, 
211,9/10/2014,1300,253,0.03, ,0, ,1603, ,13.2, ,89.3, ,28, ,51.9, ,3.8, ,314, ,68.3, 
211,9/10/2014,1400,253,0.03,Y,0, ,1516, ,12.2, ,94,Y,22,Y,49.8,Y,3.5, ,301, ,69.1, 
211,9/10/2014,1500,253,0.02,Y,0, ,1288, ,12.5, ,96,Y,22,Y,50.5,Y,4.1, ,329, ,70, 
211,9/10/2014,1600,253,0.02, ,0, ,974, ,14.9, ,87.5, ,34, ,55.3, ,7.1, ,127, ,70.9, 
211,9/10/2014,1700,253,0.01, ,0, ,593, ,15.1, ,77.6, ,47, ,55.6, ,8.5, ,135, ,71.4, 
211,9/10/2014,1800,253,0, ,0, ,234, ,15.4, ,70.4, ,61, ,56.2, ,7.2, ,138, ,71.5, 
211,9/10/2014,1900,253,0, ,0, ,10, ,15, ,64.1, ,73, ,55.4, ,5.6, ,137, ,71.4, 
211,9/10/2014,2000,253,0, ,0, ,0, ,14.6, ,61.1, ,79, ,54.6, ,4.1, ,130, ,71.1, 
211,9/10/2014,2100,253,0, ,0, ,0, ,14.2, ,59, ,84, ,54, ,2.6, ,123, ,70.7, 
211,9/10/2014,2200,253,0, ,0, ,0, ,13.4, ,56.6, ,86, ,52.4, ,1.8, ,36, ,70.3, 
211,9/10/2014,2300,253,0, ,0, ,0, ,13, ,55.9, ,86, ,51.6, ,1.7, ,325, ,69.8, 
211,9/10/2014,2400,253,0, ,0, ,0, ,12.7, ,55, ,86, ,50.8, ,1.8, ,316, ,69.4, 
211,9/11/2014,0100,254,0, ,0, ,0, ,11.8, ,52.8, ,87, ,49, ,1.5, ,141, ,69, 
211,9/11/2014,0200,254,0, ,0, ,0, ,11.8, ,52, ,89, ,48.8, ,1.5, ,129, ,68.6, 
211,9/11/2014,0300,254,0, ,0, ,0, ,11.3, ,50.4, ,90, ,47.7, ,1.2, ,343, ,68.3, 
211,9/11/2014,0400,254,0, ,0, ,0, ,11.3, ,50.6, ,90, ,47.9, ,1.6, ,324, ,68, 
211,9/11/2014,0500,254,0, ,0, ,0, ,10.7, ,49, ,90, ,46.4, ,1.8, ,337, ,67.6, 
211,9/11/2014,0600,254,0, ,0, ,6, ,10.4, ,48.3, ,90, ,45.5, ,1, ,72, ,67.3, 
211,9/11/2014,0700,254,0, ,0, ,208, ,11.4, ,51.6, ,88, ,48, ,1.1, ,109, ,67, 
211,9/11/2014,0800,254,0.01, ,0, ,579, ,13.7, ,61.1, ,75, ,53, ,1.5, ,119, ,66.8, 
211,9/11/2014,0900,254,0.01, ,0, ,949, ,14.4, ,66.8, ,64, ,54.2, ,2, ,14, ,66.6, 
211,9/11/2014,1000,254,0.02, ,0, ,1260, ,14.7, ,73.8, ,52, ,54.9, ,2.2, ,348, ,66.8, 
211,9/11/2014,1100,254,0.02, ,0, ,1451, ,14.3, ,81.3, ,39, ,54.2, ,1.9, ,348, ,67.2, 
211,9/11/2014,1200,254,0.02, ,0, ,1535, ,13.1, ,87.7, ,29, ,51.8, ,3, ,315, ,68, 
211,9/11/2014,1300,254,0.03, ,0, ,1612, ,12.7, ,93.2, ,24, ,50.8, ,4, ,275, ,68.8, 
211,9/11/2014,1400,254,0.03,Y,0, ,1500, ,14.1, ,95.4,Y,25,Y,53.8,Y,5.4, ,172, ,69.6, 
211,9/11/2014,1500,254,0.02, ,0, ,1273, ,14.6, ,89.7, ,31, ,54.8, ,7.6, ,133, ,70.5, 
211,9/11/2014,1600,254,0.02, ,0, ,964, ,14.8, ,84.5, ,37, ,55.1, ,8.4, ,136, ,71.2, 
211,9/11/2014,1700,254,0.01, ,0, ,601, ,15.4, ,78.4, ,46, ,56.1, ,8.3, ,141, ,71.5, 
211,9/11/2014,1800,254,0, ,0, ,228, ,15.3, ,72.4, ,56, ,55.9, ,7.8, ,144, ,71.5, 
211,9/11/2014,1900,254,0, ,0, ,9, ,15.1, ,65.6, ,70, ,55.7, ,4.6, ,136, ,71.3, 
211,9/11/2014,2000,254,0, ,0, ,0, ,14.8, ,62.2, ,77, ,55, ,3, ,116, ,71, 
211,9/11/2014,2100,254,0, ,0, ,0, ,14.4, ,59.9, ,82, ,54.4, ,2.2, ,86, ,70.6, 
211,9/11/2014,2200,254,0, ,0, ,0, ,13.5, ,57.5, ,84, ,52.6, ,1.1, ,50, ,70.3, 
211,9/11/2014,2300,254,0, ,0, ,0, ,12.9, ,55.7, ,85, ,51.4, ,1.1, ,357, ,69.8, 
211,9/11/2014,2400,254,0, ,0, ,0, ,12.5, ,55.2, ,84, ,50.6, ,1.4, ,312, ,69.4, 
211,9/12/2014,0100,255,0, ,0, ,0, ,12.1, ,54, ,85, ,49.6, ,1.8, ,134, ,69, 
211,9/12/2014,0200,255,0, ,0, ,0, ,12, ,53, ,88, ,49.4, ,1.1, ,137, ,68.6, 
211,9/12/2014,0300,255,0, ,0, ,0, ,11.7, ,51.9, ,89, ,48.8, ,1.1, ,93, ,68.3, 
211,9/12/2014,0400,255,0, ,0, ,0, ,11.6, ,50.9, ,91, ,48.4, ,1.2, ,32, ,68, 
211,9/12/2014,0500,255,0, ,0, ,0, ,12, ,51.6, ,92, ,49.4, ,2.1, ,322, ,67.7, 
211,9/12/2014,0600,255,0, ,0, ,5, ,12.3, ,51.9, ,93, ,50, ,2.4, ,298, ,67.4, 
211,9/12/2014,0700,255,0, ,0, ,184, ,12.8, ,52.6, ,94, ,51, ,2.3, ,150, ,66.8, 
211,9/12/2014,0800,255,0.01, ,0, ,556, ,14.6, ,56.4, ,94, ,54.7, ,2.9, ,138, ,65.8, 
211,9/12/2014,0900,255,0.01, ,0, ,930, ,15.7, ,62.1, ,82, ,56.7, ,2.6, ,133, ,65, 
211,9/12/2014,1000,255,0.02, ,0, ,1253, ,16, ,71.6, ,60, ,57.2, ,2.4, ,351, ,64.9, 
211,9/12/2014,1100,255,0.02, ,0, ,1470, ,15.3, ,79.2, ,45, ,56, ,2.1, ,359, ,65.4, 
211,9/12/2014,1200,255,0.02, ,0, ,1555, ,14.1, ,86.3, ,33, ,53.8, ,2.1, ,360, ,66.1, 
211,9/12/2014,1300,255,0.03, ,0, ,1607, ,12.9, ,91.6, ,26, ,51.4, ,3.1, ,224, ,67, 
211,9/12/2014,1400,255,0.03, ,0, ,1468, ,16.6, ,91.8, ,33, ,58.2, ,6.3, ,157, ,68, 
211,9/12/2014,1500,255,0.02, ,0, ,1237, ,16.5, ,88.3, ,36, ,58.1, ,7, ,146, ,68.9, 
211,9/12/2014,1600,255,0.02, ,0, ,951, ,16.3, ,84.7, ,40, ,57.7, ,8.2, ,144, ,69.6, 
211,9/12/2014,1700,255,0.01, ,0, ,583, ,16.1, ,80.1, ,46, ,57.4, ,7.3, ,142, ,69.9, 
211,9/12/2014,1800,255,0, ,0, ,214, ,16.1, ,74.1, ,56, ,57.4, ,7, ,148, ,70, 
211,9/12/2014,1900,255,0, ,0, ,5, ,15.7, ,67, ,69, ,56.6, ,4.5, ,127, ,70, 
211,9/12/2014,2000,255,0, ,0, ,0, ,15.3, ,63.2, ,77, ,56, ,3.4, ,118, ,69.8, 
211,9/12/2014,2100,255,0, ,0, ,0, ,15.1, ,60.8, ,83, ,55.6, ,3.3, ,113, ,69.5, 
211,9/12/2014,2200,255,0, ,0, ,0, ,14.9, ,59.1, ,87, ,55.3, ,3, ,104, ,69.2, 
211,9/12/2014,2300,255,0, ,0, ,0, ,14.7, ,58.1, ,89, ,54.9, ,2.7, ,114, ,68.9, 
211,9/12/2014,2400,255,0, ,0, ,0, ,14.5, ,57.6, ,90, ,54.5, ,2.5, ,121, ,68.6, 
211,9/13/2014,0100,256,0, ,0, ,0, ,14.3, ,56.8, ,91, ,54.1, ,2.5, ,111, ,68.3, 
211,9/13/2014,0200,256,0, ,0, ,0, ,13.9, ,55.7, ,91, ,53.3, ,1.8, ,124, ,68.1, 
211,9/13/2014,0300,256,0, ,0, ,0, ,13.5, ,54.8, ,92, ,52.6, ,2.1, ,133, ,67.8, 
211,9/13/2014,0400,256,0, ,0, ,0, ,13.4, ,54.4, ,93, ,52.3, ,1.9, ,110, ,67.6, 
211,9/13/2014,0500,256,0, ,0, ,0, ,12.7, ,52.8, ,93, ,50.8, ,1.2, ,81, ,67.3, 
211,9/13/2014,0600,256,0, ,0, ,4, ,13.3, ,53.7, ,94, ,52.1, ,1.7, ,146, ,67.1, 
211,9/13/2014,0700,256,0, ,0, ,107, ,13.6, ,54.1, ,95, ,52.7, ,2, ,131, ,66.9, 
211,9/13/2014,0800,256,0, ,0, ,268, ,14.3, ,55.5, ,95, ,54.2, ,2.2, ,141, ,66.7, 
211,9/13/2014,0900,256,0.01, ,0, ,960, ,16.7, ,60.4, ,93, ,58.4, ,2, ,132, ,66.7, 
211,9/13/2014,1000,256,0.01, ,0, ,1064, ,17, ,68.2, ,72, ,58.9, ,2.4, ,3, ,66.7, 
211,9/13/2014,1100,256,0.02, ,0, ,1434, ,17.4, ,76.4, ,56, ,59.6, ,2.6, ,345, ,67.1, 
211,9/13/2014,1200,256,0.02, ,0, ,1589, ,16.3, ,81.7, ,44, ,57.8, ,3.2, ,178, ,67.6, 
211,9/13/2014,1300,256,0.03, ,0, ,1593, ,15.6, ,87.5, ,35, ,56.6, ,3, ,145, ,68.2, 
211,9/13/2014,1400,256,0.02, ,0, ,1382, ,17.2, ,88.4, ,38, ,59.3, ,5.6, ,146, ,68.9, 
211,9/13/2014,1500,256,0.02, ,0, ,1159, ,17.5, ,84.8, ,43, ,59.7, ,8.9, ,153, ,69.7, 
211,9/13/2014,1600,256,0.01, ,0, ,613, ,16.8, ,76.6, ,54, ,58.6, ,8.2, ,150, ,70.2, 
211,9/13/2014,1700,256,0.01, ,0, ,363, ,16.5, ,72.1, ,61, ,58.1, ,8.6, ,139, ,70.4, 
211,9/13/2014,1800,256,0, ,0, ,180, ,16.2, ,67.6, ,70, ,57.6, ,8.6, ,146, ,70.4, 
211,9/13/2014,1900,256,0, ,0, ,20, ,15.8, ,64.1, ,77, ,56.9, ,6.7, ,143, ,70.3, 
211,9/13/2014,2000,256,0, ,0, ,0, ,15.6, ,62.1, ,82, ,56.5, ,4.7, ,140, ,70.1, 
211,9/13/2014,2100,256,0, ,0, ,0, ,15.5, ,60.9, ,85, ,56.3, ,4.2, ,119, ,69.8, 
211,9/13/2014,2200,256,0, ,0, ,0, ,15.2, ,60, ,86, ,55.8, ,3.8, ,141, ,69.5, 
211,9/13/2014,2300,256,0, ,0, ,0, ,15, ,58.8, ,89, ,55.4, ,2.4, ,124, ,69.2, 
211,9/13/2014,2400,256,0, ,0, ,0, ,14.2, ,57, ,89, ,54, ,1.6, ,80, ,69, 
211,9/14/2014,0100,257,0, ,0, ,0, ,13.6, ,55.6, ,90, ,52.7, ,1.1, ,134, ,68.7, 
211,9/14/2014,0200,257,0, ,0, ,0, ,13, ,54.5, ,90, ,51.6, ,1.6, ,138, ,68.4, 
211,9/14/2014,0300,257,0, ,0, ,0, ,13.3, ,54.4, ,92, ,52.1, ,2, ,128, ,68.1, 
211,9/14/2014,0400,257,0, ,0, ,0, ,13.6, ,54.7, ,93, ,52.7, ,2.1, ,104, ,67.8, 
211,9/14/2014,0500,257,0, ,0, ,0, ,13.8, ,54.8, ,94, ,53.2, ,1.8, ,131, ,67.6, 
211,9/14/2014,0600,257,0, ,0, ,2, ,14, ,55, ,95, ,53.6, ,2.5, ,292, ,67, 
211,9/14/2014,0700,257,0, ,0, ,56, ,14.8, ,56.3, ,95, ,55, ,2.3, ,174, ,66.3, 
211,9/14/2014,0800,257,0, ,0, ,249, ,15.1, ,56.8, ,96, ,55.5, ,2.8, ,204, ,65.7, 
211,9/14/2014,0900,257,0.01, ,0, ,859, ,16.7, ,60.5, ,93, ,58.5, ,5.1, ,320, ,65.6, 
211,9/14/2014,1000,257,0.02, ,0, ,1240, ,17.5, ,69.7, ,71, ,59.7, ,2.6, ,349, ,65.6, 
211,9/14/2014,1100,257,0.02, ,0, ,1460, ,17.7, ,75.5, ,59, ,60, ,3.1, ,165, ,66, 
211,9/14/2014,1200,257,0.02, ,0, ,1539, ,16.6, ,80.4, ,47, ,58.2, ,3, ,164, ,66.7, 
211,9/14/2014,1300,257,0.02, ,0, ,1576, ,15.7, ,86.3, ,37, ,56.7, ,2.9, ,300, ,67.4, 
211,9/14/2014,1400,257,0.02, ,0, ,1445, ,17.1, ,88.2, ,38, ,59.1, ,5.6, ,159, ,68.3, 
211,9/14/2014,1500,257,0.02, ,0, ,1232, ,16.4, ,87, ,37, ,57.9, ,6.7, ,154, ,69.3, 
211,9/14/2014,1600,257,0.02, ,0, ,930, ,16.8, ,85.3, ,40, ,58.5, ,5.9, ,148, ,70, 
211,9/14/2014,1700,257,0.01, ,0, ,566, ,16.8, ,83.4, ,43, ,58.6, ,5.8, ,144, ,70.4, 
211,9/14/2014,1800,257,0, ,0, ,205, ,16.5, ,79.6, ,48, ,58.1, ,4.5, ,125, ,70.6, 
211,9/14/2014,1900,257,0, ,0, ,5, ,15.9, ,71.2, ,61, ,57, ,5.5, ,134, ,70.6, 
211,9/14/2014,2000,257,0, ,0, ,0, ,15.7, ,66.1, ,72, ,56.7, ,5.2, ,132, ,70.5, 
211,9/14/2014,2100,257,0, ,0, ,0, ,15.6, ,63.7, ,78, ,56.6, ,4.1, ,127, ,70.2, 
211,9/14/2014,2200,257,0, ,0, ,0, ,15.5, ,62.5, ,80, ,56.3, ,3.2, ,124, ,69.9, 
211,9/14/2014,2300,257,0, ,0, ,0, ,15.2, ,61, ,83, ,55.9, ,2.4, ,100, ,69.5, 
211,9/14/2014,2400,257,0, ,0, ,0, ,14.7, ,59.3, ,85, ,54.9, ,1.3, ,166, ,69.2, 
211,9/15/2014,0100,258,0, ,0, ,0, ,14.1, ,58, ,86, ,53.7, ,1.8, ,1, ,69, 
211,9/15/2014,0200,258,0, ,0, ,0, ,14, ,58.1, ,85, ,53.5, ,1.9, ,202, ,68.6, 
211,9/15/2014,0300,258,0, ,0, ,0, ,13.7, ,57, ,86, ,53, ,1.6, ,138, ,68.4, 
211,9/15/2014,0400,258,0, ,0, ,0, ,13.5, ,56.1, ,88, ,52.5, ,2.1, ,163, ,68.1, 
211,9/15/2014,0500,258,0, ,0, ,0, ,13.4, ,55.7, ,89, ,52.4, ,1.8, ,139, ,67.8, 
211,9/15/2014,0600,258,0, ,0, ,4, ,13.3, ,55, ,90, ,52.1, ,1.5, ,141, ,67.6, 
211,9/15/2014,0700,258,0, ,0, ,181, ,14.3, ,57.3, ,89, ,54.1, ,1.3, ,91, ,67.4, 
211,9/15/2014,0800,258,0.01, ,0, ,543, ,16, ,65, ,76, ,57.3, ,1.6, ,44, ,67.1, 
211,9/15/2014,0900,258,0.01, ,0, ,903, ,16.9, ,67.4, ,74, ,58.8, ,3.4, ,316, ,67, 
211,9/15/2014,1000,258,0.02, ,0, ,1206, ,17.3, ,73.1, ,62, ,59.3, ,2.9, ,342, ,67.1, 
211,9/15/2014,1100,258,0.02, ,0, ,1432, ,17.2, ,77, ,54, ,59.3, ,2.8, ,337, ,67.5, 
211,9/15/2014,1200,258,0.02, ,0, ,1539, ,17.5, ,81.7, ,47, ,59.8, ,3.1, ,333, ,68.1, 
211,9/15/2014,1300,258,0.02, ,0, ,1555, ,17.4, ,86, ,41, ,59.6, ,3.3, ,155, ,68.8, 
211,9/15/2014,1400,258,0.02, ,0, ,1440, ,15.8, ,89.4, ,33, ,56.8, ,3.2, ,114, ,69.6, 
211,9/15/2014,1500,258,0.02, ,0, ,1235, ,11.4, ,89.5, ,24, ,47.9, ,7.8, ,262, ,70.5, 
211,9/15/2014,1600,258,0.02, ,0, ,917, ,12.6, ,87.8, ,28, ,50.7, ,7.4, ,279, ,71.3, 
211,9/15/2014,1700,258,0.01, ,0, ,561, ,13.5, ,83.6, ,34, ,52.5, ,7.1, ,307, ,71.6, 
211,9/15/2014,1800,258,0.01, ,0, ,199, ,14.7, ,78.2, ,45, ,54.8, ,7.6, ,8, ,71.6, 
211,9/15/2014,1900,258,0, ,0, ,5, ,13.4, ,71.1, ,51, ,52.3, ,4.3, ,108, ,71.5, 
211,9/15/2014,2000,258,0, ,0, ,0, ,13.6, ,66.7, ,61, ,52.8, ,4.1, ,131, ,71.2, 
211,9/15/2014,2100,258,0, ,0, ,0, ,13.7, ,63.7, ,68, ,53, ,3.3, ,132, ,70.8, 
211,9/15/2014,2200,258,0, ,0, ,0, ,13.6, ,61.5, ,73, ,52.8, ,2.6, ,126, ,70.5, 
211,9/15/2014,2300,258,0, ,0, ,0, ,12.9, ,57.8, ,79, ,51.4, ,1.2, ,99, ,70.1, 
211,9/15/2014,2400,258,0, ,0, ,0, ,12.2, ,55.1, ,82, ,49.9, ,1, ,63, ,69.7, 
211,9/16/2014,0100,259,0, ,0, ,0, ,12, ,55.1, ,81, ,49.4, ,2.1, ,291, ,69.3, 
211,9/16/2014,0200,259,0, ,0, ,0, ,11.4, ,52.9, ,84, ,48, ,1.3, ,118, ,68.9, 
211,9/16/2014,0300,259,0, ,0, ,0, ,11.1, ,51.3, ,86, ,47.3, ,1.1, ,55, ,68.5, 
211,9/16/2014,0400,259,0, ,0, ,0, ,10.6, ,50, ,86, ,46, ,1.5, ,332, ,68.1, 
211,9/16/2014,0500,259,0, ,0, ,0, ,10.3, ,49.2, ,86, ,45.2, ,1.6, ,348, ,67.8, 
211,9/16/2014,0600,259,0, ,0, ,4, ,10.2, ,49, ,86, ,44.9, ,1.3, ,354, ,67.4, 
211,9/16/2014,0700,259,0, ,0, ,203, ,11, ,51.9, ,84, ,47.1, ,1.2, ,19, ,67.1, 
211,9/16/2014,0800,259,0.01, ,0, ,582, ,13.2, ,61.2, ,72, ,52, ,2, ,155, ,66.8, 
211,9/16/2014,0900,259,0.01, ,0, ,944, ,14.7, ,67, ,65, ,54.9, ,2.3, ,332, ,66.6, 
211,9/16/2014,1000,259,0.02, ,0, ,1257, ,14.5, ,71.4, ,55, ,54.5, ,3, ,46, ,66.7, 
211,9/16/2014,1100,259,0.02, ,0, ,1494, ,14.9, ,77.1, ,47, ,55.2, ,5.1, ,340, ,67.1, 
211,9/16/2014,1200,259,0.02, ,0, ,1570, ,14.5, ,81.3, ,40, ,54.5, ,6, ,332, ,67.7, 
211,9/16/2014,1300,259,0.03, ,0, ,1613, ,14.1, ,85.6, ,34, ,53.7, ,5.4, ,333, ,68.3, 
211,9/16/2014,1400,259,0.02, ,0, ,1489, ,13.4, ,89.4, ,28, ,52.4, ,4.2, ,325, ,69, 
211,9/16/2014,1500,259,0.02, ,0, ,1247, ,13.8, ,90.5, ,28, ,53.2, ,5.8, ,328, ,69.8, 
211,9/16/2014,1600,259,0.02, ,0, ,945, ,13, ,88.1, ,29, ,51.5, ,9.4, ,332, ,70.6, 
211,9/16/2014,1700,259,0.01, ,0, ,582, ,12, ,86.3, ,28, ,49.4, ,5.6, ,277, ,70.9, 
211,9/16/2014,1800,259,0, ,0, ,167, ,14.4, ,77, ,45, ,54.3, ,5.5, ,127, ,71, 
211,9/16/2014,1900,259,0, ,0, ,5, ,15.3, ,68.1, ,65, ,55.9, ,6.5, ,122, ,70.9, 
211,9/16/2014,2000,259,0, ,0, ,0, ,15.6, ,64.5, ,75, ,56.6, ,6.2, ,119, ,70.7, 
211,9/16/2014,2100,259,0, ,0, ,0, ,15.8, ,62.5, ,82, ,56.8, ,5.2, ,141, ,70.4, 
211,9/16/2014,2200,259,0, ,0, ,0, ,15.4, ,61.2, ,84, ,56.2, ,3, ,105, ,70, 
211,9/16/2014,2300,259,0, ,0, ,0, ,15.4, ,60.5, ,86, ,56.1, ,2, ,112, ,69.7, 
211,9/16/2014,2400,259,0, ,0, ,0, ,14.7, ,58.6, ,87, ,54.9, ,1.7, ,164, ,69.4, 
211,9/17/2014,0100,260,0, ,0, ,0, ,13.6, ,56.1, ,88, ,52.7, ,1.3, ,115, ,69.1, 
211,9/17/2014,0200,260,0, ,0, ,0, ,12.9, ,54.4, ,89, ,51.3, ,1.8, ,358, ,68.8, 
211,9/17/2014,0300,260,0, ,0, ,0, ,12.6, ,53.7, ,90, ,50.8, ,1.2, ,110, ,68.5, 
211,9/17/2014,0400,260,0, ,0, ,0, ,11.8, ,51.8, ,90, ,48.9, ,1, ,61, ,68.1, 
211,9/17/2014,0500,260,0, ,0, ,0, ,12.1, ,52.2, ,91, ,49.5, ,2.1, ,316, ,67.8, 
211,9/17/2014,0600,260,0, ,0, ,3, ,12.4, ,52.6, ,92, ,50.3, ,2.4, ,328, ,67.5, 
211,9/17/2014,0700,260,0, ,0, ,176, ,12.9, ,53.1, ,94, ,51.3, ,2.7, ,162, ,67.1, 
211,9/17/2014,0800,260,0, ,0, ,546, ,15.2, ,57.5, ,94, ,55.7, ,2.3, ,147, ,66.1, 
211,9/17/2014,0900,260,0.01, ,0, ,921, ,16.2, ,63, ,82, ,57.6, ,3.1, ,147, ,65.4, 
211,9/17/2014,1000,260,0.02, ,0, ,1232, ,16.6, ,70, ,66, ,58.2, ,4.3, ,159, ,65.3, 
211,9/17/2014,1100,260,0.02, ,0, ,1451, ,15.7, ,75.9, ,51, ,56.7, ,3.8, ,159, ,65.6, 
211,9/17/2014,1200,260,0.02, ,0, ,1563, ,13.3, ,82.3, ,35, ,52.1, ,3.2, ,269, ,66.2, 
211,9/17/2014,1300,260,0.03, ,0, ,1559, ,12.8, ,85.5, ,31, ,51.2, ,5, ,209, ,66.9, 
211,9/17/2014,1400,260,0.03, ,0, ,1433, ,13.5, ,84.2, ,34, ,52.5, ,8.9, ,211, ,67.8, 
211,9/17/2014,1500,260,0.02, ,0, ,1213, ,13.3, ,81.7, ,36, ,52.2, ,6.8, ,262, ,68.6, 
211,9/17/2014,1600,260,0.02, ,0, ,918, ,13.3, ,79.1, ,39, ,52.2, ,7, ,269, ,69.2, 
211,9/17/2014,1700,260,0.01, ,0, ,567, ,14.3, ,77.1, ,45, ,54.1, ,6.4, ,294, ,69.5, 
211,9/17/2014,1800,260,0, ,0, ,199, ,14.8, ,73.6, ,52, ,55.1, ,5.4, ,160, ,69.6, 
211,9/17/2014,1900,260,0, ,0, ,3, ,15.5, ,68.1, ,66, ,56.4, ,4.8, ,128, ,69.5, 
211,9/17/2014,2000,260,0, ,0, ,0, ,16, ,65, ,76, ,57.2, ,3.2, ,100, ,69.4, 
211,9/17/2014,2100,260,0, ,0, ,0, ,16, ,64.3, ,78, ,57.2, ,4.5, ,139, ,69.1, 
211,9/17/2014,2200,260,0, ,0, ,0, ,16.1, ,63.4, ,81, ,57.3, ,3, ,139, ,68.8, 
211,9/17/2014,2300,260,0, ,0, ,0, ,15.9, ,62.6, ,82, ,57, ,2.2, ,128, ,68.6, 
211,9/17/2014,2400,260,0, ,0, ,0, ,15.9, ,62.5, ,82, ,57, ,2.4, ,127, ,68.4, 
211,9/18/2014,0100,261,0,Y,0, ,0, ,16.9, ,64.4,Y,82,Y,58.7,Y,1.8, ,108, ,68.2, 
211,9/18/2014,0200,261,0,R,0, ,0, ,17.9, ,65.6,R,83,R,60.3,R,2.4, ,102, ,68, 
211,9/18/2014,0300,261,0,R,0, ,0, ,17.9, ,65.7,R,83,R,60.3,R,3.5, ,128, ,67.9, 
211,9/18/2014,0400,261,0,Y,0.01, ,0, ,17.9, ,62.9,Y,91,Y,60.3,Y,4.9, ,145, ,67.9, 
211,9/18/2014,0500,261,0,Y,0.03, ,0, ,17.9, ,62,Y,94,Y,60.3,Y,4.2, ,144, ,67.8, 
211,9/18/2014,0600,261,0,Y,0, ,2, ,17.9, ,61.9,Y,95,Y,60.3,Y,3.3, ,127, ,67.8, 
211,9/18/2014,0700,261,0,Y,0, ,81, ,18.3, ,62.6,Y,94,Y,60.9,Y,3.7, ,153, ,67.7, 
211,9/18/2014,0800,261,0, ,0, ,422, ,19.3, ,64.4, ,94, ,62.5, ,3.6, ,147, ,67.7, 
211,9/18/2014,0900,261,0.01, ,0, ,578, ,19.9, ,67.7, ,86, ,63.4, ,3.5, ,151, ,67.7, 
211,9/18/2014,1000,261,0.01, ,0, ,825, ,20.4, ,68.8, ,85, ,64.1, ,4.7, ,237, ,67.9, 
211,9/18/2014,1100,261,0.02, ,0, ,1169, ,20.1, ,72.4, ,74, ,63.6, ,5.4, ,301, ,68.2, 
211,9/18/2014,1200,261,0.01, ,0, ,804, ,19.1, ,72.9, ,69, ,62.1, ,5.9, ,284, ,68.6, 
211,9/18/2014,1300,261,0.02, ,0, ,1108, ,18.6, ,74.4, ,64, ,61.4, ,7.8, ,287, ,69.1, 
211,9/18/2014,1400,261,0.02, ,0, ,1354, ,17.6, ,75.8, ,58, ,59.9, ,8.4, ,270, ,69.5, 
211,9/18/2014,1500,261,0.02, ,0, ,1147, ,17.4, ,76.3, ,56, ,59.6, ,7.9, ,259, ,69.9, 
211,9/18/2014,1600,261,0.01, ,0, ,911, ,17.6, ,76.4, ,57, ,59.9, ,7.5, ,253, ,70.3, 
211,9/18/2014,1700,261,0.01, ,0, ,551, ,17.2, ,74, ,60, ,59.3, ,7.2, ,260, ,70.5, 
211,9/18/2014,1800,261,0, ,0, ,181, ,17, ,71.8, ,64, ,58.9, ,4.3, ,185, ,70.5, 
211,9/18/2014,1900,261,0, ,0, ,3, ,17.2, ,67, ,76, ,59.3, ,3.4, ,83, ,70.4, 
211,9/18/2014,2000,261,0, ,0, ,0, ,17.5, ,64.3, ,85, ,59.7, ,3.9, ,96, ,70.2, 
211,9/18/2014,2100,261,0, ,0, ,0, ,17.4, ,63.1, ,88, ,59.6, ,3.3, ,103, ,70, 
211,9/18/2014,2200,261,0, ,0, ,0, ,17.4, ,63, ,89, ,59.6, ,3.2, ,118, ,69.7, 
211,9/18/2014,2300,261,0, ,0, ,0, ,17.2, ,62.4, ,90, ,59.3, ,2.8, ,118, ,69.4, 
211,9/18/2014,2400,261,0, ,0, ,0, ,17.3, ,62.3, ,90, ,59.4, ,2, ,127, ,69.2, 
211,9/19/2014,0100,262,0,Y,0, ,0, ,17.2, ,62.3,Y,90,Y,59.2,Y,1.5, ,166, ,69, 
211,9/19/2014,0200,262,0,Y,0, ,0, ,17.3, ,62.4,Y,90,Y,59.5,Y,1.9, ,148, ,68.8, 
211,9/19/2014,0300,262,0,Y,0, ,0, ,17.3, ,62.6,Y,89,Y,59.5,Y,2.1, ,342, ,68.7, 
211,9/19/2014,0400,262,0,Y,0, ,0, ,17.3, ,62.3,Y,90,Y,59.4,Y,2.4, ,341, ,68.6, 
211,9/19/2014,0500,262,0,Y,0, ,0, ,17.4, ,62.7,Y,89,Y,59.6,Y,1.5, ,108, ,68.5, 
211,9/19/2014,0600,262,0,Y,0, ,1, ,17.5, ,62.2,Y,91,Y,59.7,Y,2.1, ,338, ,68.4, 
211,9/19/2014,0700,262,0,Y,0, ,46, ,17.7, ,62,Y,93,Y,60,Y,2, ,184, ,68.3, 
211,9/19/2014,0800,262,0, ,0, ,305, ,17.9, ,63.4, ,90, ,60.4, ,2.7, ,43, ,68, 
211,9/19/2014,0900,262,0.01, ,0, ,847, ,18.3, ,66.8, ,81, ,61, ,2.9, ,22, ,67.7, 
211,9/19/2014,1000,262,0.02, ,0, ,1195, ,18, ,71.7, ,68, ,60.5, ,3.4, ,257, ,67.7, 
211,9/19/2014,1100,262,0.02, ,0, ,1413, ,18.1, ,75.1, ,61, ,60.7, ,3.4, ,299, ,68.1, 
211,9/19/2014,1200,262,0.02, ,0, ,1511, ,18.1, ,78.6, ,54, ,60.7, ,3.9, ,302, ,68.6, 
211,9/19/2014,1300,262,0.02, ,0, ,1515, ,18.6, ,82, ,50, ,61.4, ,3.9, ,271, ,69.2, 
211,9/19/2014,1400,262,0.02, ,0, ,1384, ,18.1, ,84.3, ,45, ,60.6, ,4.6, ,275, ,70, 
211,9/19/2014,1500,262,0.02, ,0, ,1208, ,15.1, ,84.2, ,38, ,55.6, ,6.3, ,260, ,70.7, 
211,9/19/2014,1600,262,0.01, ,0, ,895, ,16.2, ,83.3, ,42, ,57.6, ,6.1, ,253, ,71.4, 
211,9/19/2014,1700,262,0.01, ,0, ,510, ,18, ,78.1, ,55, ,60.5, ,5.3, ,142, ,71.7, 
211,9/19/2014,1800,262,0, ,0, ,157, ,17.5, ,71.1, ,67, ,59.7, ,6.9, ,137, ,71.8, 
211,9/19/2014,1900,262,0, ,0, ,3, ,17.1, ,65.2, ,80, ,59.1, ,5.5, ,130, ,71.7, 
211,9/19/2014,2000,262,0, ,0, ,0, ,16.9, ,63.6, ,84, ,58.7, ,4.4, ,130, ,71.4, 
211,9/19/2014,2100,262,0, ,0, ,0, ,16.9, ,62.3, ,88, ,58.7, ,5.7, ,148, ,71.1, 
211,9/19/2014,2200,262,0, ,0, ,0, ,16.7, ,61.4, ,90, ,58.5, ,3.8, ,143, ,70.7, 
211,9/19/2014,2300,262,0, ,0, ,0, ,16.3, ,60.4, ,91, ,57.8, ,2.1, ,118, ,70.4, 
211,9/19/2014,2400,262,0, ,0, ,0, ,15.8, ,59.3, ,92, ,56.9, ,1.7, ,113, ,70.1, 
211,9/20/2014,0100,263,0, ,0, ,0, ,16, ,59.4, ,93, ,57.3, ,2.6, ,133, ,69.8, 
211,9/20/2014,0200,263,0, ,0, ,0, ,15.4, ,58.1, ,93, ,56.1, ,1.6, ,100, ,69.5, 
211,9/20/2014,0300,263,0, ,0, ,0, ,16.4, ,59.8, ,93, ,58, ,2.5, ,141, ,69.2, 
211,9/20/2014,0400,263,0, ,0, ,0, ,16.6, ,59.9, ,94, ,58.2, ,2.8, ,133, ,69, 
211,9/20/2014,0500,263,0, ,0, ,0, ,16.7, ,60.2, ,94, ,58.4, ,4.4, ,148, ,68.8, 
211,9/20/2014,0600,263,0, ,0, ,1, ,16.7, ,60.3, ,93, ,58.4, ,3.4, ,118, ,68.7, 
211,9/20/2014,0700,263,0, ,0, ,30, ,16.7, ,60.4, ,93, ,58.4, ,3, ,131, ,68.6, 
211,9/20/2014,0800,263,0, ,0, ,120, ,16.8, ,60.7, ,93, ,58.6, ,3, ,141, ,68.5, 
211,9/20/2014,0900,263,0, ,0, ,279, ,17.2, ,61.9, ,91, ,59.3, ,2.5, ,164, ,68.4, 
211,9/20/2014,1000,263,0.01, ,0, ,673, ,17.6, ,64.1, ,86, ,59.8, ,3.8, ,150, ,68.5, 
211,9/20/2014,1100,263,0.02, ,0, ,1343, ,18.7, ,68.4, ,79, ,61.6, ,5, ,154, ,68.6, 
211,9/20/2014,1200,263,0.02, ,0, ,1520, ,19.4, ,72.8, ,71, ,62.7, ,4.7, ,138, ,68.9, 
211,9/20/2014,1300,263,0.02, ,0, ,1519, ,19.5, ,77, ,62, ,62.8, ,4.7, ,126, ,69.3, 
211,9/20/2014,1400,263,0.02, ,0, ,1379, ,19.5, ,82.2, ,52, ,62.8, ,4.2, ,101, ,70, 
211,9/20/2014,1500,263,0.02, ,0, ,1162, ,19.1, ,79.2, ,56, ,62.2, ,8.4, ,144, ,70.7, 
211,9/20/2014,1600,263,0.01, ,0, ,860, ,18.3, ,75.2, ,61, ,61, ,6.7, ,122, ,71.3, 
211,9/20/2014,1700,263,0.01, ,0, ,502, ,17.9, ,72.5, ,66, ,60.3, ,5.9, ,117, ,71.6, 
211,9/20/2014,1800,263,0, ,0, ,148, ,17.3, ,69.2, ,71, ,59.4, ,7.1, ,69, ,71.6, 
211,9/20/2014,1900,263,0, ,0, ,2, ,16.6, ,64.6, ,80, ,58.2, ,5.8, ,110, ,71.5, 
211,9/20/2014,2000,263,0, ,0, ,0, ,16.3, ,62.7, ,84, ,57.7, ,4.5, ,114, ,71.2, 
211,9/20/2014,2100,263,0, ,0, ,0, ,16.1, ,61.6, ,86, ,57.4, ,3.2, ,113, ,70.9, 
211,9/20/2014,2200,263,0, ,0, ,0, ,16.1, ,61.2, ,87, ,57.4, ,4.3, ,145, ,70.6, 
211,9/20/2014,2300,263,0, ,0, ,0, ,16.3, ,61.4, ,87, ,57.7, ,4.2, ,155, ,70.3, 
211,9/20/2014,2400,263,0, ,0, ,0, ,16.6, ,61.9, ,88, ,58.2, ,2.2, ,284, ,70, 
211,9/21/2014,0100,264,0,Y,0, ,0, ,16.6, ,62.6,Y,86,Y,58.2,Y,3.2, ,141, ,69.8, 
211,9/21/2014,0200,264,0,Y,0, ,0, ,16.5, ,62.6,Y,85,Y,58.1,Y,4.7, ,209, ,69.6, 
211,9/21/2014,0300,264,0,Y,0, ,0, ,16.5, ,62.5,Y,85,Y,58.1,Y,3.6, ,258, ,69.5, 
211,9/21/2014,0400,264,0,Y,0, ,0, ,16.5, ,62.1,Y,86,Y,58,Y,4.3, ,171, ,69.4, 
211,9/21/2014,0500,264,0,Y,0, ,0, ,16.3, ,62.1,Y,86,Y,57.8,Y,3.7, ,188, ,69.2, 
211,9/21/2014,0600,264,0,Y,0, ,1, ,16.1, ,62.6,Y,83,Y,57.4,Y,3.1, ,212, ,69.2, 
211,9/21/2014,0700,264,0,Y,0, ,48, ,15.9, ,62.9,Y,81,Y,57,Y,3.3, ,209, ,69, 
211,9/21/2014,0800,264,0, ,0, ,150, ,16, ,63.7, ,80, ,57.3, ,4, ,214, ,69, 
211,9/21/2014,0900,264,0, ,0, ,310, ,16.2, ,64.6, ,78, ,57.6, ,2.8, ,237, ,68.9, 
211,9/21/2014,1000,264,0.01, ,0, ,659, ,16.6, ,66.8, ,74, ,58.3, ,3.1, ,125, ,68.9, 
211,9/21/2014,1100,264,0.02, ,0, ,1249, ,17.1, ,69.2, ,70, ,59, ,3.6, ,161, ,69, 
211,9/21/2014,1200,264,0.02, ,0, ,1506, ,17.7, ,72.9, ,64, ,60, ,4.3, ,160, ,69.3, 
211,9/21/2014,1300,264,0.02, ,0, ,1509, ,18.1, ,76, ,59, ,60.6, ,5.5, ,173, ,69.8, 
211,9/21/2014,1400,264,0.02, ,0, ,1383, ,18.4, ,77.7, ,57, ,61.1, ,6, ,197, ,70.4, 
211,9/21/2014,1500,264,0.02, ,0, ,1152, ,18.4, ,77.6, ,57, ,61.1, ,5.1, ,250, ,71, 
211,9/21/2014,1600,264,0.01, ,0, ,842, ,18.3, ,77, ,58, ,60.9, ,5, ,297, ,71.6, 
211,9/21/2014,1700,264,0.01, ,0, ,487, ,17.9, ,74.9, ,60, ,60.3, ,5.2, ,130, ,71.9, 
211,9/21/2014,1800,264,0, ,0, ,140, ,17.4, ,70.8, ,68, ,59.6, ,5.8, ,297, ,71.9, 
211,9/21/2014,1900,264,0, ,0, ,2, ,16.7, ,66.2, ,76, ,58.4, ,3.6, ,52, ,71.8, 
211,9/21/2014,2000,264,0, ,0, ,0, ,16.4, ,64.5, ,79, ,57.9, ,3, ,78, ,71.6, 
211,9/21/2014,2100,264,0, ,0, ,0, ,16.5, ,64.3, ,80, ,58, ,2.2, ,62, ,71.3, 
211,9/21/2014,2200,264,0, ,0, ,0, ,16.7, ,63.9, ,82, ,58.4, ,1.7, ,335, ,71, 
211,9/21/2014,2300,264,0,Y,0, ,0, ,16.9, ,64.5,Y,82,Y,58.8,Y,2.9, ,314, ,70.8, 
211,9/21/2014,2400,264,0,Y,0, ,0, ,16.9, ,65.1,Y,80,Y,58.8,Y,4.8, ,295, ,70.6, 
211,9/22/2014,0100,265,0,Y,0, ,0, ,16.9, ,64.7,Y,81,Y,58.8,Y,4.8, ,333, ,70.4, 
211,9/22/2014,0200,265,0,Y,0, ,0, ,16.8, ,64.4,Y,82,Y,58.6,Y,3.7, ,325, ,70.2, 
211,9/22/2014,0300,265,0,Y,0, ,0, ,16.8, ,64,Y,83,Y,58.6,Y,3.9, ,334, ,70.1, 
211,9/22/2014,0400,265,0,Y,0, ,0, ,16.6, ,63.6,Y,83,Y,58.3,Y,4.4, ,349, ,69.9, 
211,9/22/2014,0500,265,0,Y,0, ,0, ,16.6, ,63.4,Y,83,Y,58.2,Y,4.9, ,333, ,69.8, 
211,9/22/2014,0600,265,0,Y,0, ,1, ,16.7, ,62.3,Y,87,Y,58.5,Y,5.8, ,330, ,69.7, 
211,9/22/2014,0700,265,0,Y,0, ,38, ,16.8, ,62,Y,88,Y,58.5,Y,5.5, ,333, ,69.5, 
211,9/22/2014,0800,265,0, ,0, ,178, ,17, ,62.7, ,88, ,59, ,6.5, ,331, ,69.2, 
211,9/22/2014,0900,265,0.01, ,0, ,766, ,17.2, ,65.9, ,79, ,59.3, ,5.9, ,335, ,68.9, 
211,9/22/2014,1000,265,0.02, ,0, ,1181, ,17.8, ,69.3, ,73, ,60.2, ,7.6, ,327, ,68.8, 
211,9/22/2014,1100,265,0.02, ,0, ,1400, ,18.3, ,72.6, ,67, ,60.9, ,7.3, ,339, ,68.9, 
211,9/22/2014,1200,265,0.02, ,0, ,1518, ,18.3, ,76.3, ,59, ,61, ,6.7, ,336, ,69.2, 
211,9/22/2014,1300,265,0.02, ,0, ,1512, ,18.3, ,80.1, ,52, ,60.9, ,6.7, ,329, ,69.6, 
211,9/22/2014,1400,265,0.02, ,0, ,1383, ,18, ,82.5, ,47, ,60.5, ,6.9, ,333, ,70.1, 
211,9/22/2014,1500,265,0.02, ,0, ,1151, ,17.4, ,84.8, ,42, ,59.5, ,5.3, ,334, ,70.7, 
211,9/22/2014,1600,265,0.01, ,0, ,848, ,16.9, ,86.1, ,40, ,58.7, ,5, ,317, ,71.2, 
211,9/22/2014,1700,265,0.01, ,0, ,464, ,15.9, ,81.9, ,43, ,57, ,9.1, ,345, ,71.6, 
211,9/22/2014,1800,265,0, ,0, ,116, ,15.7, ,75.7, ,52, ,56.6, ,8.4, ,354, ,71.7, 
211,9/22/2014,1900,265,0, ,0, ,3, ,16, ,69.5, ,65, ,57.2, ,4.3, ,95, ,71.6, 
211,9/22/2014,2000,265,0, ,0, ,0, ,15.9, ,65.5, ,74, ,57.1, ,3.9, ,120, ,71.4, 
211,9/22/2014,2100,265,0, ,0, ,0, ,15.7, ,63.6, ,78, ,56.7, ,2.8, ,136, ,71.2, 
211,9/22/2014,2200,265,0, ,0, ,0, ,15, ,61.5, ,80, ,55.4, ,1.9, ,134, ,70.8, 
211,9/22/2014,2300,265,0, ,0, ,0, ,14.7, ,60.1, ,83, ,54.9, ,2.8, ,145, ,70.5, 
211,9/22/2014,2400,265,0, ,0, ,0, ,14.6, ,59.3, ,85, ,54.8, ,2.5, ,306, ,70.3, 
211,9/23/2014,0100,266,0, ,0, ,0, ,15.3, ,60, ,87, ,56, ,4.7, ,333, ,69.9, 
211,9/23/2014,0200,266,0, ,0, ,0, ,15, ,58.9, ,88, ,55.4, ,3.6, ,340, ,69.7, 
211,9/23/2014,0300,266,0, ,0, ,0, ,15.4, ,59.4, ,89, ,56.2, ,5.4, ,338, ,69.4, 
211,9/23/2014,0400,266,0, ,0, ,0, ,14.8, ,58, ,90, ,55.1, ,2.7, ,343, ,69.2, 
211,9/23/2014,0500,266,0, ,0, ,0, ,14.7, ,57.6, ,91, ,54.9, ,3.2, ,318, ,68.9, 
211,9/23/2014,0600,266,0, ,0, ,2, ,14.7, ,57.4, ,91, ,54.8, ,2.2, ,297, ,68.7, 
211,9/23/2014,0700,266,0, ,0, ,151, ,14.4, ,57.4, ,90, ,54.4, ,1.9, ,35, ,68.5, 
211,9/23/2014,0800,266,0, ,0, ,440, ,16, ,63.4, ,80, ,57.2, ,1.5, ,67, ,68.3, 
211,9/23/2014,0900,266,0.01, ,0, ,868, ,16.9, ,66.5, ,76, ,58.7, ,2.9, ,319, ,68.1, 
211,9/23/2014,1000,266,0.02, ,0, ,1175, ,17.7, ,70.3, ,70, ,60.1, ,6.6, ,331, ,68.1, 
211,9/23/2014,1100,266,0.02, ,0, ,1400, ,18.2, ,74.5, ,62, ,60.7, ,7, ,327, ,68.4, 
211,9/23/2014,1200,266,0.02, ,0, ,1515, ,18.2, ,79.1, ,53, ,60.7, ,6, ,324, ,68.8, 
211,9/23/2014,1300,266,0.02, ,0, ,1508, ,17.8, ,84, ,45, ,60.1, ,4.6, ,337, ,69.3, 
211,9/23/2014,1400,266,0.02, ,0, ,1383, ,17.4, ,86.6, ,40, ,59.5, ,4, ,323, ,69.9, 
211,9/23/2014,1500,266,0.02, ,0, ,1142, ,16.6, ,87.9, ,37, ,58.3, ,5.4, ,306, ,70.7, 
211,9/23/2014,1600,266,0.02, ,0, ,853, ,15.3, ,86.6, ,35, ,56, ,7.3, ,278, ,71.4, 
211,9/23/2014,1700,266,0.01, ,0, ,487, ,16.6, ,80.2, ,47, ,58.2, ,4.8, ,143, ,71.7, 
211,9/23/2014,1800,266,0, ,0, ,129, ,15.9, ,72.5, ,58, ,57.1, ,5.2, ,132, ,71.9, 
211,9/23/2014,1900,266,0, ,0, ,1, ,16.5, ,65.3, ,77, ,58.1, ,6, ,112, ,71.8, 
211,9/23/2014,2000,266,0, ,0, ,0, ,16.7, ,63.2, ,85, ,58.5, ,5.6, ,116, ,71.6, 
211,9/23/2014,2100,266,0, ,0, ,0, ,16.7, ,62.3, ,87, ,58.4, ,4.7, ,113, ,71.2, 
211,9/23/2014,2200,266,0, ,0, ,0, ,16.8, ,62.1, ,88, ,58.6, ,3.8, ,116, ,70.9, 
211,9/23/2014,2300,266,0, ,0, ,0, ,16.8, ,63, ,85, ,58.5, ,3.5, ,159, ,70.6, 
211,9/23/2014,2400,266,0,Y,0, ,0, ,17.3, ,64.1,Y,85,Y,59.4,Y,3.7, ,145, ,70.3, 
211,9/24/2014,0100,267,0,Y,0, ,0, ,17.1, ,63.6,Y,85,Y,59.1,Y,4.7, ,133, ,70.2, 
211,9/24/2014,0200,267,0,Y,0, ,0, ,17, ,63.3,Y,86,Y,58.9,Y,4.2, ,139, ,70, 
211,9/24/2014,0300,267,0,Y,0, ,0, ,16.7, ,62.8,Y,86,Y,58.4,Y,2.7, ,138, ,69.9, 
211,9/24/2014,0400,267,0,Y,0, ,0, ,16.1, ,61.2,Y,87,Y,57.4,Y,3.7, ,149, ,69.7, 
211,9/24/2014,0500,267,0,Y,0, ,0, ,15.9, ,61.3,Y,86,Y,57.1,Y,2.2, ,169, ,69.6, 
211,9/24/2014,0600,267,0,Y,0, ,1, ,15.9, ,61,Y,86,Y,57,Y,2.1, ,358, ,69.4, 
211,9/24/2014,0700,267,0,Y,0, ,65, ,16.2, ,61.9,Y,86,Y,57.6,Y,2.2, ,168, ,69.2, 
211,9/24/2014,0800,267,0, ,0, ,209, ,16.4, ,63.3, ,83, ,57.9, ,4.2, ,152, ,69.1, 
211,9/24/2014,0900,267,0, ,0, ,390, ,16.7, ,65.4, ,78, ,58.4, ,3.7, ,181, ,69.1, 
211,9/24/2014,1000,267,0.01, ,0, ,1143, ,17.2, ,68.6, ,72, ,59.2, ,2.7, ,103, ,69.1, 
211,9/24/2014,1100,267,0.02, ,0, ,1424, ,17.7, ,72.7, ,65, ,60, ,3.3, ,124, ,69.3, 
211,9/24/2014,1200,267,0.02, ,0, ,1549, ,17.4, ,76.2, ,56, ,59.5, ,3.9, ,145, ,69.7, 
211,9/24/2014,1300,267,0.02, ,0, ,1518, ,16.9, ,81.1, ,46, ,58.7, ,4.3, ,146, ,70.3, 
211,9/24/2014,1400,267,0.02, ,0, ,1403, ,15.4, ,85.1, ,37, ,56.1, ,4.2, ,338, ,70.9, 
211,9/24/2014,1500,267,0.02, ,0, ,1181, ,12.9, ,85.4, ,31, ,51.2, ,5.3, ,237, ,71.6, 
211,9/24/2014,1600,267,0.01, ,0, ,862, ,14.6, ,80.3, ,41, ,54.7, ,7, ,270, ,72.2, 
211,9/24/2014,1700,267,0.01, ,0, ,495, ,16.8, ,76.8, ,53, ,58.6, ,6.6, ,285, ,72.4, 
211,9/24/2014,1800,267,0, ,0, ,130, ,17.6, ,72.5, ,65, ,59.9, ,4.4, ,289, ,72.4, 
211,9/24/2014,1900,267,0, ,0, ,1, ,18, ,67.6, ,78, ,60.5, ,3.1, ,48, ,72.2, 
211,9/24/2014,2000,267,0, ,0, ,0, ,18.1, ,66, ,83, ,60.7, ,3.8, ,77, ,72, 
211,9/24/2014,2100,267,0, ,0, ,0, ,17.9, ,64.8, ,85, ,60.4, ,3.6, ,96, ,71.7, 
211,9/24/2014,2200,267,0, ,0, ,0, ,17.8, ,63.8, ,88, ,60.2, ,3.2, ,124, ,71.3, 
211,9/24/2014,2300,267,0,Y,0, ,0, ,18.3, ,64.7,Y,88,Y,61,Y,3.8, ,164, ,71.1, 
211,9/24/2014,2400,267,0,Y,0, ,0, ,18.8, ,65.5,Y,88,Y,61.8,Y,4, ,158, ,70.8, 
211,9/25/2014,0100,268,0,Y,0, ,0, ,18.9, ,65.3,Y,89,Y,61.9,Y,3.6, ,159, ,70.6, 
211,9/25/2014,0200,268,0,Y,0, ,0, ,18.7, ,64.6,Y,90,Y,61.6,Y,3.7, ,152, ,70.5, 
211,9/25/2014,0300,268,0,Y,0, ,0, ,18.6, ,64.4,Y,90,Y,61.5,Y,2.3, ,143, ,70.4, 
211,9/25/2014,0400,268,0,Y,0, ,0, ,18.2, ,63.9,Y,90,Y,60.9,Y,3.7, ,358, ,70.3, 
211,9/25/2014,0500,268,0,Y,0, ,0, ,17.2, ,61.2,Y,93,Y,59.2,Y,8.1, ,325, ,70.1, 
211,9/25/2014,0600,268,0,Y,0, ,1, ,17, ,60.6,Y,94,Y,58.9,Y,8, ,316, ,70, 
211,9/25/2014,0700,268,0, ,0.01, ,33, ,16.5, ,59.9, ,94, ,58.1, ,8.5, ,317, ,69.9, 
211,9/25/2014,0800,268,0, ,0.01, ,231, ,16.9, ,60.6, ,93, ,58.7, ,9.1, ,309, ,69.7, 
211,9/25/2014,0900,268,0, ,0.02, ,278, ,15.7, ,59.1, ,92, ,56.7, ,10, ,333, ,69.6, 
211,9/25/2014,1000,268,0, ,0, ,455, ,15.6, ,60.3, ,87, ,56.5, ,5.1, ,313, ,69.5, 
211,9/25/2014,1100,268,0.01, ,0, ,771, ,15.5, ,63.7, ,77, ,56.3, ,3.3, ,226, ,69.4, 
211,9/25/2014,1200,268,0.01, ,0, ,1169, ,15.2, ,67.3, ,66, ,55.7, ,3.1, ,281, ,69.5, 
211,9/25/2014,1300,268,0.02, ,0, ,1441, ,15.5, ,70.4, ,61, ,56.3, ,3.6, ,318, ,69.8, 
211,9/25/2014,1400,268,0.02, ,0, ,1333, ,15.8, ,73.3, ,57, ,56.9, ,4.3, ,320, ,70.3, 
211,9/25/2014,1500,268,0.01, ,0, ,763, ,16.1, ,72.6, ,59, ,57.4, ,4.5, ,214, ,71, 
211,9/25/2014,1600,268,0.01, ,0, ,436, ,16.6, ,72.5, ,61, ,58.2, ,3.7, ,210, ,71.5, 
211,9/25/2014,1700,268,0.01, ,0, ,482, ,16.5, ,72.1, ,61, ,58.1, ,7.3, ,261, ,71.7, 
211,9/25/2014,1800,268,0, ,0, ,92, ,15.7, ,69.1, ,65, ,56.7, ,4.9, ,270, ,71.7, 
211,9/25/2014,1900,268,0, ,0, ,1, ,15.5, ,64.6, ,74, ,56.3, ,3.1, ,105, ,71.6, 
211,9/25/2014,2000,268,0, ,0, ,0, ,15.3, ,61.3, ,83, ,55.9, ,2.3, ,119, ,71.4, 
211,9/25/2014,2100,268,0, ,0, ,0, ,15.3, ,60.2, ,86, ,56, ,3, ,131, ,71.1, 
211,9/25/2014,2200,268,0, ,0, ,0, ,15.2, ,59.1, ,89, ,55.8, ,2.4, ,120, ,70.7, 
211,9/25/2014,2300,268,0, ,0, ,0, ,14.7, ,57.6, ,91, ,55, ,2.3, ,139, ,70.4, 
211,9/25/2014,2400,268,0, ,0, ,0, ,14.3, ,56.4, ,92, ,54.2, ,1.7, ,251, ,70.1, 
211,9/26/2014,0100,269,0, ,0, ,0, ,14.9, ,57.7, ,92, ,55.3, ,2.7, ,276, ,69.8, 
211,9/26/2014,0200,269,0, ,0, ,0, ,15, ,57.8, ,92, ,55.4, ,1.6, ,327, ,69.5, 
211,9/26/2014,0300,269,0, ,0, ,0, ,14.4, ,56.9, ,91, ,54.3, ,2.9, ,308, ,69.4, 
211,9/26/2014,0400,269,0, ,0, ,0, ,14.1, ,56.2, ,92, ,53.8, ,1.8, ,285, ,69.2, 
211,9/26/2014,0500,269,0, ,0, ,0, ,13.9, ,56.1, ,91, ,53.4, ,2, ,301, ,69.1, 
211,9/26/2014,0600,269,0, ,0, ,1, ,13.7, ,55.4, ,92, ,53, ,2, ,337, ,68.9, 
211,9/26/2014,0700,269,0, ,0, ,70, ,13.6, ,55, ,92, ,52.7, ,1.5, ,289, ,68.8, 
211,9/26/2014,0800,269,0, ,0, ,437, ,14.9, ,59.1, ,87, ,55.2, ,1.4, ,324, ,68.6, 
211,9/26/2014,0900,269,0.01, ,0, ,765, ,16, ,61.4, ,86, ,57.2, ,2.6, ,175, ,68.5, 
211,9/26/2014,1000,269,0.01, ,0, ,1102, ,16.8, ,62.9, ,86, ,58.5, ,3.9, ,304, ,68.5, 
211,9/26/2014,1100,269,0.02, ,0, ,1253, ,16.5, ,66.5, ,75, ,58.1, ,6.5, ,332, ,68.6, 
211,9/26/2014,1200,269,0.02, ,0, ,1533, ,15.7, ,68.8, ,65, ,56.6, ,8.8, ,327, ,69.2, 
211,9/26/2014,1300,269,0.02, ,0, ,1450, ,14, ,71.3, ,53, ,53.5, ,8.3, ,317, ,69.7, 
211,9/26/2014,1400,269,0.02, ,0, ,1155, ,13.2, ,74.4, ,45, ,51.9, ,7.5, ,304, ,70.1, 
211,9/26/2014,1500,269,0.02, ,0, ,1188, ,14.6, ,74.4, ,50, ,54.6, ,7.7, ,270, ,70.5, 
211,9/26/2014,1600,269,0.01, ,0, ,524, ,13.4, ,71, ,52, ,52.4, ,11.8, ,315, ,70.9, 
211,9/26/2014,1700,269,0.01, ,0, ,495, ,14.2, ,70.8, ,55, ,53.8, ,9.5, ,324, ,71, 
211,9/26/2014,1800,269,0, ,0, ,80, ,13.4, ,68.5, ,56, ,52.3, ,11.1, ,329, ,71, 
211,9/26/2014,1900,269,0, ,0, ,1, ,13.4, ,65.2, ,63, ,52.4, ,12.3, ,332, ,70.8, 
211,9/26/2014,2000,269,0, ,0, ,0, ,13.6, ,62.8, ,70, ,52.7, ,8.3, ,322, ,70.5, 
211,9/26/2014,2100,269,0, ,0, ,0, ,13.5, ,61.5, ,72, ,52.5, ,5.2, ,306, ,70.2, 
211,9/26/2014,2200,269,0, ,0, ,0, ,12.7, ,58, ,77, ,50.9, ,1.8, ,327, ,69.9, 
211,9/26/2014,2300,269,0, ,0, ,0, ,12.7, ,55.8, ,84, ,50.9, ,2.1, ,315, ,69.5, 
211,9/26/2014,2400,269,0, ,0, ,0, ,12.3, ,54.9, ,84, ,50.1, ,1.5, ,94, ,69.2, 
211,9/27/2014,0100,270,0, ,0, ,0, ,12.5, ,54.5, ,86, ,50.4, ,1.4, ,144, ,69, 
211,9/27/2014,0200,270,0, ,0, ,0, ,13.6, ,56.7, ,87, ,52.7, ,3, ,163, ,68.7, 
211,9/27/2014,0300,270,0, ,0, ,0, ,13.7, ,57.1, ,86, ,52.9, ,2.1, ,158, ,68.5, 
211,9/27/2014,0400,270,0, ,0, ,0, ,13.1, ,56.6, ,84, ,51.8, ,2.2, ,280, ,68.3, 
211,9/27/2014,0500,270,0, ,0, ,0, ,13.2, ,56.4, ,85, ,52, ,1.9, ,24, ,68.2, 
211,9/27/2014,0600,270,0, ,0, ,1, ,13.2, ,56.6, ,84, ,52, ,3.1, ,182, ,68.1, 
211,9/27/2014,0700,270,0, ,0, ,73, ,13.4, ,57, ,85, ,52.4, ,2.8, ,146, ,68, 
211,9/27/2014,0800,270,0, ,0, ,381, ,14.5, ,60.1, ,82, ,54.5, ,2.4, ,186, ,67.9, 
211,9/27/2014,0900,270,0.01, ,0, ,850, ,15.1, ,63.8, ,75, ,55.6, ,3.6, ,152, ,67.8, 
211,9/27/2014,1000,270,0.01, ,0, ,1113, ,15, ,67.2, ,66, ,55.4, ,3.1, ,107, ,67.9, 
211,9/27/2014,1100,270,0.02, ,0, ,1217, ,15.1, ,69.4, ,62, ,55.7, ,3.5, ,206, ,68.1, 
211,9/27/2014,1200,270,0.01, ,0, ,908, ,15, ,70.1, ,60, ,55.5, ,5.6, ,220, ,68.6, 
211,9/27/2014,1300,270,0.02, ,0, ,1436, ,15.4, ,71.2, ,59, ,56.2, ,8.9, ,212, ,69, 
211,9/27/2014,1400,270,0.02, ,0, ,1346, ,15.7, ,70.8, ,61, ,56.7, ,9.5, ,212, ,69.4, 
211,9/27/2014,1500,270,0.02, ,0, ,1116, ,15.7, ,70.3, ,62, ,56.7, ,9.1, ,209, ,69.8, 
211,9/27/2014,1600,270,0.01, ,0, ,809, ,15.6, ,69.5, ,63, ,56.4, ,10.6, ,189, ,70.2, 
211,9/27/2014,1700,270,0.01, ,0, ,451, ,15.3, ,67.6, ,66, ,56, ,10.2, ,185, ,70.3, 
211,9/27/2014,1800,270,0, ,0, ,104, ,15.1, ,64.3, ,73, ,55.6, ,9.2, ,179, ,70.2, 
211,9/27/2014,1900,270,0, ,0, ,1, ,15.1, ,61.6, ,81, ,55.6, ,9.2, ,183, ,70.1, 
211,9/27/2014,2000,270,0, ,0, ,0, ,15.2, ,60.9, ,83, ,55.7, ,7.1, ,183, ,69.8, 
211,9/27/2014,2100,270,0, ,0, ,0, ,14.8, ,59.6, ,85, ,55.1, ,3.9, ,160, ,69.5, 
211,9/27/2014,2200,270,0, ,0, ,0, ,14.7, ,58.9, ,87, ,54.9, ,5, ,148, ,69.3, 
211,9/27/2014,2300,270,0, ,0, ,0, ,14.5, ,58.2, ,87, ,54.5, ,4.5, ,138, ,69, 
211,9/27/2014,2400,270,0, ,0, ,0, ,14.7, ,58.4, ,88, ,54.9, ,4.1, ,146, ,68.8, 
211,9/28/2014,0100,271,0, ,0, ,0, ,15.1, ,59.6, ,86, ,55.6, ,4.9, ,148, ,68.6, 
211,9/28/2014,0200,271,0, ,0, ,0, ,15, ,59.7, ,86, ,55.4, ,5, ,156, ,68.4, 
211,9/28/2014,0300,271,0, ,0, ,0, ,14.7, ,60.1, ,83, ,54.9, ,3.7, ,181, ,68.3, 
211,9/28/2014,0400,271,0, ,0, ,0, ,14.5, ,60.3, ,81, ,54.5, ,3.3, ,154, ,68.2, 
211,9/28/2014,0500,271,0, ,0, ,0, ,14.7, ,60.1, ,83, ,54.8, ,4.2, ,145, ,68.1, 
211,9/28/2014,0600,271,0, ,0, ,0, ,14.6, ,59.8, ,83, ,54.7, ,4, ,130, ,68, 
211,9/28/2014,0700,271,0, ,0, ,26, ,14.9, ,60.3, ,84, ,55.3, ,4.9, ,153, ,68, 
211,9/28/2014,0800,271,0, ,0, ,120, ,15.1, ,61, ,82, ,55.6, ,4, ,134, ,67.9, 
211,9/28/2014,0900,271,0, ,0, ,236, ,15.7, ,62.4, ,81, ,56.6, ,5.7, ,158, ,67.9, 
211,9/28/2014,1000,271,0, ,0, ,232, ,15.4, ,63, ,78, ,56.2, ,5.1, ,204, ,67.9, 
211,9/28/2014,1100,271,0, ,0, ,438, ,15.7, ,63.5, ,78, ,56.6, ,6.1, ,203, ,67.9, 
211,9/28/2014,1200,271,0.01, ,0, ,684, ,16.2, ,65, ,77, ,57.5, ,5.4, ,213, ,68, 
211,9/28/2014,1300,271,0.01, ,0, ,760, ,16.1, ,66.8, ,72, ,57.3, ,6.8, ,212, ,68.2, 
211,9/28/2014,1400,271,0.01, ,0, ,518, ,15.7, ,68.2, ,67, ,56.8, ,4.9, ,184, ,68.4, 
211,9/28/2014,1500,271,0.01, ,0, ,883, ,15.9, ,69.9, ,64, ,57.1, ,4.1, ,223, ,68.7, 
211,9/28/2014,1600,271,0, ,0, ,181, ,15.8, ,68.8, ,66, ,56.8, ,3.1, ,241, ,69, 
211,9/28/2014,1700,271,0, ,0, ,75, ,15.8, ,66.9, ,70, ,56.9, ,3.6, ,212, ,69.2, 
211,9/28/2014,1800,271,0, ,0, ,33, ,15.7, ,65.8, ,72, ,56.7, ,3.3, ,304, ,69.3, 
211,9/28/2014,1900,271,0, ,0, ,0, ,15.5, ,63.9, ,76, ,56.3, ,3.2, ,42, ,69.3, 
211,9/28/2014,2000,271,0, ,0, ,0, ,15, ,62, ,79, ,55.5, ,3.2, ,55, ,69.2, 
211,9/28/2014,2100,271,0, ,0, ,0, ,14.7, ,59.9, ,83, ,54.9, ,2.3, ,106, ,69.1, 
211,9/28/2014,2200,271,0, ,0, ,0, ,14.5, ,58.4, ,87, ,54.5, ,1.6, ,124, ,68.9, 
211,9/28/2014,2300,271,0, ,0, ,0, ,13.6, ,56, ,89, ,52.7, ,1.7, ,348, ,68.7, 
211,9/28/2014,2400,271,0, ,0, ,0, ,13.1, ,54.6, ,90, ,51.6, ,2.1, ,341, ,68.4, 
211,9/29/2014,0100,272,0, ,0, ,0, ,12.7, ,53.6, ,91, ,50.9, ,2.1, ,353, ,68.2, 
211,9/29/2014,0200,272,0, ,0, ,0, ,13.8, ,55.9, ,91, ,53.2, ,2.1, ,144, ,68, 
211,9/29/2014,0300,272,0, ,0, ,0, ,14.5, ,57.5, ,90, ,54.5, ,1.4, ,252, ,67.8, 
211,9/29/2014,0400,272,0, ,0, ,0, ,14.8, ,57.9, ,90, ,55, ,1.5, ,357, ,67.6, 
211,9/29/2014,0500,272,0, ,0, ,0, ,14.8, ,58.6, ,88, ,55.1, ,2.6, ,161, ,67.6, 
211,9/29/2014,0600,272,0, ,0, ,1, ,14.9, ,58.6, ,89, ,55.3, ,2.1, ,125, ,67.5, 
211,9/29/2014,0700,272,0, ,0, ,98, ,14.9, ,56.9, ,94, ,55.2, ,3.4, ,85, ,67.4, 
211,9/29/2014,0800,272,0, ,0, ,452, ,15.5, ,58.5, ,92, ,56.3, ,4.1, ,85, ,67, 
211,9/29/2014,0900,272,0.01, ,0, ,812, ,16.3, ,62.5, ,84, ,57.7, ,2.9, ,75, ,66.5, 
211,9/29/2014,1000,272,0.01, ,0, ,1122, ,15.8, ,68.4, ,67, ,56.9, ,2.7, ,326, ,66.3, 
211,9/29/2014,1100,272,0.02, ,0, ,1328, ,15.9, ,71.9, ,59, ,57, ,3.7, ,324, ,66.5, 
211,9/29/2014,1200,272,0.02, ,0, ,1449, ,15.2, ,75.2, ,51, ,55.9, ,4.2, ,313, ,67, 
211,9/29/2014,1300,272,0.02, ,0, ,1429, ,15.5, ,78.2, ,47, ,56.4, ,6.4, ,341, ,67.5, 
211,9/29/2014,1400,272,0.02, ,0, ,1301, ,15.4, ,79.6, ,45, ,56.2, ,8.6, ,341, ,68.1, 
211,9/29/2014,1500,272,0.02, ,0, ,1074, ,15, ,79.9, ,43, ,55.5, ,9, ,343, ,68.8, 
211,9/29/2014,1600,272,0.01, ,0, ,764, ,14.9, ,80, ,43, ,55.3, ,6.1, ,313, ,69.2, 
211,9/29/2014,1700,272,0.01, ,0, ,428, ,15.2, ,77.3, ,47, ,55.7, ,6.6, ,297, ,69.4, 
211,9/29/2014,1800,272,0, ,0, ,90, ,16, ,71.8, ,60, ,57.3, ,9.1, ,335, ,69.5, 
211,9/29/2014,1900,272,0, ,0, ,0, ,16, ,67, ,71, ,57.2, ,8.9, ,328, ,69.5, 
211,9/29/2014,2000,272,0, ,0, ,0, ,15.5, ,64.4, ,75, ,56.4, ,9.2, ,323, ,69.3, 
211,9/29/2014,2100,272,0, ,0, ,0, ,15.2, ,62.4, ,79, ,55.8, ,8.3, ,328, ,69.1, 
211,9/29/2014,2200,272,0, ,0, ,0, ,15, ,60.4, ,83, ,55.3, ,4, ,320, ,68.8, 
211,9/29/2014,2300,272,0, ,0, ,0, ,13.8, ,57.1, ,87, ,53.2, ,2.4, ,14, ,68.6, 
211,9/29/2014,2400,272,0, ,0, ,0, ,13.5, ,55.4, ,90, ,52.6, ,1.6, ,26, ,68.3, 
211,9/30/2014,0100,273,0, ,0, ,0, ,13.2, ,54.6, ,91, ,51.9, ,1.3, ,138, ,68.1, 
211,9/30/2014,0200,273,0, ,0, ,0, ,11.8, ,51.4, ,91, ,48.9, ,1.1, ,79, ,67.8, 
211,9/30/2014,0300,273,0, ,0, ,0, ,11.7, ,50.9, ,92, ,48.8, ,1.8, ,301, ,67.5, 
211,9/30/2014,0400,273,0, ,0, ,0, ,11.5, ,50.1, ,93, ,48.1, ,2.6, ,321, ,67.2, 
211,9/30/2014,0500,273,0, ,0, ,0, ,11.2, ,49.6, ,93, ,47.6, ,1.6, ,2, ,66.9, 
211,9/30/2014,0600,273,0, ,0, ,1, ,11.2, ,49.4, ,93, ,47.6, ,1.5, ,211, ,66.7, 
211,9/30/2014,0700,273,0, ,0, ,41, ,12.3, ,52, ,93, ,50.1, ,1.7, ,127, ,66.4, 
211,9/30/2014,0800,273,0, ,0, ,177, ,13.7, ,54.9, ,93, ,52.9, ,2.9, ,136, ,66.3, 
211,9/30/2014,0900,273,0, ,0, ,533, ,14.9, ,57.5, ,92, ,55.3, ,4.1, ,166, ,66.2, 
211,9/30/2014,1000,273,0.01, ,0, ,1133, ,15.7, ,61.7, ,83, ,56.6, ,4.5, ,176, ,66.2, 
211,9/30/2014,1100,273,0.02, ,0, ,1352, ,16.2, ,68, ,69, ,57.5, ,3.6, ,156, ,66.4, 
211,9/30/2014,1200,273,0.02, ,0, ,1469, ,16.4, ,72.5, ,60, ,57.8, ,3.3, ,35, ,66.8, 
211,9/30/2014,1300,273,0.02, ,0, ,1454, ,16.2, ,75.6, ,53, ,57.5, ,3.7, ,322, ,67.4, 
211,9/30/2014,1400,273,0.02, ,0, ,1320, ,14.9, ,78.3, ,45, ,55.2, ,4, ,346, ,68, 
211,9/30/2014,1500,273,0.02, ,0, ,1050, ,15, ,80.3, ,42, ,55.3, ,4, ,351, ,68.8, 
211,9/30/2014,1600,273,0.01, ,0, ,780, ,14.9, ,79.2, ,44, ,55.3, ,7.4, ,329, ,69.4, 
211,9/30/2014,1700,273,0.01, ,0, ,437, ,12.2, ,77.4, ,38, ,49.8, ,9.1, ,328, ,69.7, 
211,9/30/2014,1800,273,0, ,0, ,90, ,11.7, ,73.4, ,42, ,48.8, ,9.1, ,325, ,69.8, 
211,9/30/2014,1900,273,0, ,0, ,0, ,11.7, ,68.6, ,49, ,48.7, ,4.4, ,323, ,69.6, 
211,9/30/2014,2000,273,0, ,0, ,0, ,13.8, ,62.9, ,71, ,53.2, ,3, ,327, ,69.4, 
211,9/30/2014,2100,273,0, ,0, ,0, ,13.9, ,62.8, ,72, ,53.4, ,2.4, ,318, ,69.1, 
211,9/30/2014,2200,273,0, ,0, ,0, ,13.1, ,57.9, ,80, ,51.7, ,2.8, ,151, ,68.8, 
211,9/30/2014,2300,273,0, ,0, ,0, ,12.5, ,56, ,82, ,50.5, ,2.3, ,148, ,68.5, 
211,9/30/2014,2400,273,0, ,0, ,0, ,11.6, ,52.8, ,85, ,48.5, ,1.3, ,21, ,68.2, 
211,10/1/2014,0100,274,0, ,0, ,0, ,11, ,51, ,86, ,47, ,1.4, ,16, ,67.9, 
211,10/1/2014,0200,274,0, ,0, ,0, ,10.7, ,50.4, ,86, ,46.2, ,1.5, ,343, ,67.6, 
211,10/1/2014,0300,274,0, ,0, ,0, ,10.3, ,49, ,87, ,45.3, ,1.6, ,336, ,67.3, 
211,10/1/2014,0400,274,0, ,0, ,0, ,9.7, ,47.1, ,88, ,43.6, ,1.6, ,347, ,67, 
211,10/1/2014,0500,274,0, ,0, ,0, ,9.5, ,46.2, ,89, ,43.1, ,1.7, ,333, ,66.7, 
211,10/1/2014,0600,274,0, ,0, ,1, ,9.4, ,45.7, ,90, ,42.9, ,1.6, ,5, ,66.4, 
211,10/1/2014,0700,274,0, ,0, ,125, ,10.3, ,48.1, ,90, ,45.2, ,1.9, ,150, ,66.1, 
211,10/1/2014,0800,274,0, ,0, ,493, ,12.2, ,54.5, ,84, ,49.8, ,2.2, ,137, ,65.8, 
211,10/1/2014,0900,274,0.01, ,0, ,852, ,13.7, ,61.8, ,73, ,52.9, ,3.2, ,172, ,65.7, 
211,10/1/2014,1000,274,0.01, ,0, ,1157, ,14.2, ,68.5, ,60, ,54, ,4.1, ,160, ,65.6, 
211,10/1/2014,1100,274,0.02, ,0, ,1373, ,12.6, ,75.6, ,42, ,50.8, ,3.7, ,331, ,65.9, 
211,10/1/2014,1200,274,0.02, ,0, ,1487, ,10.5, ,80.4, ,30, ,45.9, ,6.5, ,323, ,66.3, 
211,10/1/2014,1300,274,0.03, ,0, ,1472, ,10.2, ,83.5, ,26, ,45.2, ,7, ,332, ,66.9, 
211,10/1/2014,1400,274,0.02, ,0, ,1345, ,10.2, ,85.5, ,24, ,45, ,6.6, ,338, ,67.5, 
211,10/1/2014,1500,274,0.02, ,0, ,1111, ,9.3, ,85.8, ,22, ,42.7, ,7.7, ,318, ,68.1, 
211,10/1/2014,1600,274,0.02, ,0, ,796, ,8.9, ,85.6, ,21, ,41.5, ,9, ,324, ,68.6, 
211,10/1/2014,1700,274,0.01, ,0, ,441, ,8.4, ,83.9, ,21, ,40, ,7.4, ,320, ,68.8, 
211,10/1/2014,1800,274,0.01, ,0, ,88, ,7.8, ,78.2, ,24, ,38.3, ,6.1, ,343, ,68.9, 
211,10/1/2014,1900,274,0,Y,0, ,0, ,7.9, ,73.3,Y,28,Y,38.3,Y,4.3, ,0, ,68.8, 
211,10/1/2014,2000,274,0,Y,0, ,0, ,9, ,69.8,Y,36,Y,41.8,Y,4.8, ,317, ,68.6, 
211,10/1/2014,2100,274,0, ,0, ,0, ,9.9, ,64.9, ,47, ,44.2, ,4.4, ,319, ,68.3, 
211,10/1/2014,2200,274,0, ,0, ,0, ,9.6, ,61.2, ,52, ,43.5, ,3.2, ,315, ,68.1, 
211,10/1/2014,2300,274,0, ,0, ,0, ,9.6, ,58.6, ,57, ,43.5, ,3.7, ,331, ,67.8, 
211,10/1/2014,2400,274,0, ,0, ,0, ,9.2, ,54.9, ,62, ,42.3, ,3.3, ,314, ,67.5, 
211,10/2/2014,0100,275,0, ,0, ,0, ,8.7, ,52.4, ,65, ,40.8, ,2.3, ,307, ,67.2, 
211,10/2/2014,0200,275,0, ,0, ,0, ,8.5, ,49.7, ,70, ,40.3, ,2.1, ,337, ,66.9, 
211,10/2/2014,0300,275,0, ,0, ,0, ,8.4, ,47.5, ,75, ,40, ,2.4, ,320, ,66.6, 
211,10/2/2014,0400,275,0, ,0, ,0, ,8.1, ,47, ,74, ,39.1, ,2.6, ,332, ,66.3, 
211,10/2/2014,0500,275,0, ,0, ,0, ,7.8, ,44.6, ,77, ,38, ,1.4, ,9, ,66, 
211,10/2/2014,0600,275,0, ,0, ,1, ,7.8, ,45, ,76, ,38, ,2.2, ,334, ,65.8, 
211,10/2/2014,0700,275,0, ,0, ,133, ,8.1, ,46.9, ,74, ,39, ,2, ,355, ,65.5, 
211,10/2/2014,0800,275,0.01, ,0, ,500, ,8.8, ,54.1, ,61, ,41.2, ,3.3, ,148, ,65.2, 
211,10/2/2014,0900,275,0.01, ,0, ,738, ,9.1, ,65.4, ,43, ,42, ,1.6, ,192, ,65, 
211,10/2/2014,1000,275,0.02, ,0, ,1148, ,9.6, ,73.4, ,34, ,43.6, ,2.2, ,14, ,65, 
211,10/2/2014,1100,275,0.02, ,0, ,1370, ,9.6, ,80.4, ,27, ,43.5, ,3.7, ,314, ,65.3, 
211,10/2/2014,1200,275,0.02, ,0, ,1481, ,9.7, ,87.2, ,22, ,43.7, ,2.8, ,323, ,65.8, 
211,10/2/2014,1300,275,0.02, ,0, ,1467, ,9.7, ,91.4, ,19, ,43.7, ,3.1, ,356, ,66.5, 
211,10/2/2014,1400,275,0.02, ,0, ,1331, ,9, ,93.8, ,17, ,41.9, ,3.1, ,344, ,67.3, 
211,10/2/2014,1500,275,0.02, ,0, ,1093, ,8.2, ,93.6, ,15, ,39.4, ,5.4, ,296, ,68.1, 
211,10/2/2014,1600,275,0.02,Y,0, ,786, ,7.4, ,92.9,Y,14,Y,36.8,Y,5.6, ,256, ,68.8, 
211,10/2/2014,1700,275,0.01,Y,0, ,429, ,7.6, ,90.8,Y,15,Y,37.6,Y,5.7, ,256, ,69.2, 
211,10/2/2014,1800,275,0,Y,0, ,80, ,8.1, ,84.7,Y,20,Y,39,Y,3.1, ,290, ,69.3, 
211,10/2/2014,1900,275,0,Y,0, ,0, ,8.1, ,76.2,Y,26,Y,39.1,Y,2.6, ,147, ,69.3, 
211,10/2/2014,2000,275,0,Y,0, ,0, ,8.8, ,68.2,Y,37,Y,41.2,Y,1.6, ,7, ,69.1, 
211,10/2/2014,2100,275,0, ,0, ,0, ,9.1, ,64.2, ,45, ,42.2, ,1.8, ,329, ,68.8, 
211,10/2/2014,2200,275,0, ,0, ,0, ,8.8, ,60.7, ,48, ,41.2, ,1.9, ,326, ,68.5, 
211,10/2/2014,2300,275,0, ,0, ,0, ,8.7, ,58.7, ,51, ,40.9, ,1.9, ,302, ,68.2, 
211,10/2/2014,2400,275,0, ,0, ,0, ,8.9, ,55.4, ,59, ,41.5, ,2.4, ,318, ,67.9, 
211,10/3/2014,0100,276,0, ,0, ,0, ,8.9, ,54.2, ,62, ,41.5, ,1.8, ,339, ,67.6, 
211,10/3/2014,0200,276,0, ,0, ,0, ,8.7, ,53.3, ,62, ,40.8, ,2, ,327, ,67.3, 
211,10/3/2014,0300,276,0, ,0, ,0, ,8.4, ,51.3, ,65, ,40.1, ,1.6, ,337, ,67, 
211,10/3/2014,0400,276,0, ,0, ,0, ,8.2, ,50.4, ,66, ,39.5, ,1.8, ,331, ,66.7, 
211,10/3/2014,0500,276,0, ,0, ,0, ,8.1, ,48.4, ,70, ,39.2, ,1.1, ,76, ,66.4, 
211,10/3/2014,0600,276,0, ,0, ,1, ,8.1, ,47.2, ,74, ,39.2, ,1.3, ,339, ,66.1, 
211,10/3/2014,0700,276,0, ,0, ,126, ,8.5, ,48.3, ,74, ,40.3, ,1.7, ,341, ,65.9, 
211,10/3/2014,0800,276,0, ,0, ,489, ,10.3, ,58.8, ,61, ,45.2, ,1.8, ,9, ,65.6, 
211,10/3/2014,0900,276,0.01, ,0, ,840, ,11, ,69, ,45, ,47, ,1.6, ,195, ,65.4, 
211,10/3/2014,1000,276,0.02, ,0, ,1142, ,11.7, ,75.9, ,38, ,48.8, ,2, ,36, ,65.5, 
211,10/3/2014,1100,276,0.02,Y,0, ,1355, ,11.2, ,83.1,Y,29,Y,47.5,Y,3.5, ,318, ,65.8, 
211,10/3/2014,1200,276,0.02,Y,0, ,1478, ,11, ,89.4,Y,23,Y,47.1,Y,3.9, ,319, ,66.3, 
211,10/3/2014,1300,276,0.03,Y,0, ,1482, ,8.7, ,94.8,Y,15,Y,40.8,Y,3.5, ,235, ,67, 
211,10/3/2014,1400,276,0.02,Y,0, ,1341, ,7.9, ,96,Y,14,Y,38.5,Y,3.8, ,183, ,67.7, 
211,10/3/2014,1500,276,0.02,Y,0, ,1101, ,7.1, ,97.3,Y,12,Y,35.8,Y,3.7, ,238, ,68.5, 
211,10/3/2014,1600,276,0.01,Y,0, ,783, ,6.9, ,97.8,Y,11,Y,35.1,Y,3.6, ,260, ,69.2, 
211,10/3/2014,1700,276,0.01,Y,0, ,418, ,8.7, ,93.7,Y,16,Y,40.9,Y,5.5, ,318, ,69.6, 
211,10/3/2014,1800,276,0.01,Y,0, ,73, ,10, ,85.7,Y,24,Y,44.5,Y,5.8, ,329, ,69.8, 
211,10/3/2014,1900,276,0,R,0, ,0, ,9.3, ,79.9,R,27,R,42.5,R,3, ,315, ,69.7, 
211,10/3/2014,2000,276,0,A,0, ,0, ,9,Q,--,S,--,S,--,S,3.7, ,321, ,69.6, 
211,10/3/2014,2100,276,0,Y,0, ,0, ,9.5, ,69.6,Y,38,Y,43.1,Y,2.9, ,327, ,69.3, 
211,10/3/2014,2200,276,0,Y,0, ,0, ,9.6, ,67,Y,43,Y,43.5,Y,3.5, ,323, ,69, 
211,10/3/2014,2300,276,0, ,0, ,0, ,9.1, ,62.3, ,48, ,42.2, ,1.9, ,74, ,68.7, 
211,10/3/2014,2400,276,0, ,0, ,0, ,9.1, ,58.6, ,54, ,42.2, ,2, ,340, ,68.4, 
211,10/4/2014,0100,277,0, ,0, ,0, ,9, ,55.9, ,59, ,41.7, ,1.5, ,337, ,68.1, 
211,10/4/2014,0200,277,0, ,0, ,0, ,8.5, ,53.7, ,60, ,40.3, ,1, ,348, ,67.7, 
211,10/4/2014,0300,277,0, ,0, ,0, ,8.4, ,52, ,63, ,39.9, ,1.5, ,330, ,67.4, 
211,10/4/2014,0400,277,0, ,0, ,0, ,8.5, ,51.1, ,67, ,40.5, ,1.6, ,341, ,67.1, 
211,10/4/2014,0500,277,0, ,0, ,0, ,8.1, ,49.7, ,67, ,39, ,1.6, ,344, ,66.8, 
211,10/4/2014,0600,277,0, ,0, ,1, ,8, ,49, ,68, ,38.9, ,1.4, ,333, ,66.5, 
211,10/4/2014,0700,277,0, ,0, ,119, ,8.2, ,51.6, ,63, ,39.3, ,1, ,285, ,66.3, 
211,10/4/2014,0800,277,0.01, ,0, ,493, ,10.4, ,60.5, ,58, ,45.5, ,2, ,349, ,66, 
211,10/4/2014,0900,277,0.01,Y,0, ,751, ,10.2, ,70.2,Y,41,Y,45.1,Y,1.6, ,344, ,65.8, 
211,10/4/2014,1000,277,0.02,Y,0, ,1107, ,10.2, ,77.9,Y,31,Y,45,Y,1.5, ,353, ,65.8, 
211,10/4/2014,1100,277,0.02,Y,0, ,1347, ,10.3, ,84.6,Y,25,Y,45.4,Y,3.3, ,324, ,66.1, 
211,10/4/2014,1200,277,0.02,Y,0, ,1413, ,9.5, ,90.8,Y,19,Y,43.1,Y,4.6, ,328, ,66.7, 
211,10/4/2014,1300,277,0.03,Y,0, ,1461, ,9.4, ,94.5,Y,17,Y,42.9,Y,4.8, ,319, ,67.3, 
211,10/4/2014,1400,277,0.02,Y,0, ,1340, ,9.4, ,95.8,Y,16,Y,42.9,Y,6, ,327, ,68, 
211,10/4/2014,1500,277,0.02,Y,0, ,1101, ,9, ,96.2,Y,15,Y,41.9,Y,6.6, ,330, ,68.7, 
211,10/4/2014,1600,277,0.02,Y,0, ,781, ,8.3, ,95,Y,15,Y,39.6,Y,8.2, ,325, ,69.3, 
211,10/4/2014,1700,277,0.01,Y,0, ,418, ,8.4, ,92,Y,16,Y,39.9,Y,9.6, ,330, ,69.5, 
211,10/4/2014,1800,277,0.01,R,0, ,69, ,8.1, ,86.6,R,19,R,39.1,R,8.8, ,329, ,69.5, 
211,10/4/2014,1900,277,0,A,0, ,0, ,8.4,Q,--,S,--,S,--,S,6.8, ,324, ,69.4, 
211,10/4/2014,2000,277,0,R,0, ,0, ,8.9, ,75,R,30,R,41.6,R,5.2, ,316, ,69.2, 
211,10/4/2014,2100,277,0,R,0, ,0, ,8.6, ,72.6,R,32,R,40.7,R,5.5, ,317, ,68.9, 
211,10/4/2014,2200,277,0,Y,0, ,0, ,8.8, ,68.9,Y,36,Y,41.2,Y,4.4, ,315, ,68.6, 
211,10/4/2014,2300,277,0, ,0, ,0, ,8.8, ,62.5, ,46, ,41.3, ,1.7, ,16, ,68.4, 
211,10/4/2014,2400,277,0, ,0, ,0, ,8.6, ,59.9, ,49, ,40.6, ,1.9, ,325, ,68.1, 
211,10/5/2014,0100,278,0, ,0, ,0, ,8.5, ,56.2, ,55, ,40.4, ,1.7, ,347, ,67.8, 
211,10/5/2014,0200,278,0, ,0, ,0, ,8.4, ,53.8, ,59, ,39.9, ,1.2, ,350, ,67.5, 
211,10/5/2014,0300,278,0, ,0, ,0, ,8.2, ,53.5, ,59, ,39.5, ,2.3, ,333, ,67.1, 
211,10/5/2014,0400,278,0, ,0, ,0, ,8.1, ,51.8, ,61, ,39, ,1.6, ,179, ,66.8, 
211,10/5/2014,0500,278,0, ,0, ,0, ,8.3, ,50.2, ,67, ,39.6, ,1.4, ,321, ,66.6, 
211,10/5/2014,0600,278,0, ,0, ,1, ,7.9, ,50, ,65, ,38.5, ,2.2, ,332, ,66.3, 
211,10/5/2014,0700,278,0, ,0, ,121, ,7.8, ,50.5, ,62, ,38.1, ,1.7, ,349, ,66, 
211,10/5/2014,0800,278,0, ,0, ,495, ,9.2, ,60, ,52, ,42.5, ,1.6, ,12, ,65.8, 
211,10/5/2014,0900,278,0.01,Y,0, ,853, ,9.3, ,69.1,Y,38,Y,42.8,Y,2.7, ,321, ,65.6, 
211,10/5/2014,1000,278,0.02,Y,0, ,1151, ,9.6, ,78.6,Y,29,Y,43.5,Y,2.5, ,329, ,65.6, 
211,10/5/2014,1100,278,0.02,Y,0, ,1365, ,9.9, ,86.1,Y,23,Y,44.3,Y,3.1, ,322, ,65.9, 
211,10/5/2014,1200,278,0.02,Y,0, ,1479, ,9.3, ,92.1,Y,18,Y,42.6,Y,3.9, ,320, ,66.5, 
211,10/5/2014,1300,278,0.02,Y,0, ,1470, ,9.2, ,95.9,Y,16,Y,42.3,Y,3.3, ,309, ,67.1, 
211,10/5/2014,1400,278,0.02,Y,0, ,1339, ,9, ,97.4,Y,15,Y,41.7,Y,5.1, ,323, ,67.9, 
211,10/5/2014,1500,278,0.02,Y,0, ,1097, ,9.2, ,97.6,Y,15,Y,42.4,Y,5.7, ,328, ,68.7, 
211,10/5/2014,1600,278,0.02,Y,0, ,773, ,9.1, ,95.7,Y,16,Y,42.1,Y,8.7, ,329, ,69.4, 
211,10/5/2014,1700,278,0.01,Y,0, ,410, ,7.7, ,92.7,Y,15,Y,37.6,Y,10, ,328, ,69.6, 
211,10/5/2014,1800,278,0.01,R,0, ,51, ,7.8, ,87,R,18,R,38.1,R,7.7, ,326, ,69.6, 
211,10/5/2014,1900,278,0,R,0, ,0, ,8.3, ,78.4,R,25,R,39.7,R,5.1, ,331, ,69.5, 
211,10/5/2014,2000,278,0,R,0, ,0, ,8.8, ,75.1,R,30,R,41.2,R,5.2, ,324, ,69.2, 
211,10/5/2014,2100,278,0,Y,0, ,0, ,9.9, ,69.4,Y,41,Y,44.4,Y,1.9, ,86, ,68.9, 
211,10/5/2014,2200,278,0, ,0, ,0, ,11, ,62, ,58, ,47, ,1.5, ,121, ,68.6, 
211,10/5/2014,2300,278,0, ,0, ,0, ,10, ,59.1, ,58, ,44.5, ,1.5, ,334, ,68.3, 
211,10/5/2014,2400,278,0, ,0, ,0, ,9.1, ,56.8, ,57, ,42, ,2.1, ,339, ,67.9, 
211,10/6/2014,0100,279,0, ,0, ,0, ,8.7, ,54.9, ,59, ,40.8, ,1.6, ,223, ,67.6, 
211,10/6/2014,0200,279,0, ,0, ,0, ,8.2, ,52.8, ,60, ,39.4, ,1, ,349, ,67.3, 
211,10/6/2014,0300,279,0, ,0, ,0, ,7.8, ,52.2, ,59, ,38.2, ,1.6, ,328, ,67, 
211,10/6/2014,0400,279,0, ,0, ,0, ,7.8, ,49.7, ,64, ,38.1, ,1.4, ,331, ,66.7, 
211,10/6/2014,0500,279,0, ,0, ,0, ,7.9, ,48.7, ,68, ,38.5, ,2.4, ,330, ,66.3, 
211,10/6/2014,0600,279,0, ,0, ,0, ,7.6, ,47.7, ,68, ,37.6, ,2.5, ,331, ,66, 
211,10/6/2014,0700,279,0, ,0, ,114, ,8.1, ,49.8, ,66, ,39, ,1.6, ,268, ,65.8, 
211,10/6/2014,0800,279,0, ,0, ,487, ,9, ,56.4, ,58, ,41.7, ,1.9, ,132, ,65.5, 
211,10/6/2014,0900,279,0.01, ,0, ,853, ,9, ,67.5, ,39, ,41.9, ,1.6, ,6, ,65.3, 
211,10/6/2014,1000,279,0.02,Y,0, ,1154, ,9.7, ,75.7,Y,32,Y,43.6,Y,1.8, ,2, ,65.3, 
211,10/6/2014,1100,279,0.02,Y,0, ,1364, ,9.8, ,83.2,Y,25,Y,44,Y,1.9, ,354, ,65.7, 
211,10/6/2014,1200,279,0.02,Y,0, ,1470, ,9.8, ,88.3,Y,21,Y,43.9,Y,4, ,303, ,66.2, 
211,10/6/2014,1300,279,0.02,Y,0, ,1456, ,9.6, ,94.7,Y,17,Y,43.5,Y,3, ,298, ,66.8, 
211,10/6/2014,1400,279,0.02,Y,0, ,1325, ,8.4, ,97.5,Y,14,Y,39.9,Y,3.6, ,317, ,67.6, 
211,10/6/2014,1500,279,0.02,Y,0, ,1071, ,9.6, ,97,Y,16,Y,43.4,Y,6.3, ,339, ,68.5, 
211,10/6/2014,1600,279,0.02,Y,0, ,746, ,10.2, ,94.2,Y,19,Y,45.1,Y,8.5, ,336, ,69.2, 
211,10/6/2014,1700,279,0.01,Y,0, ,382, ,9.9, ,91.1,Y,20,Y,44.2,Y,9.6, ,333, ,69.4, 
211,10/6/2014,1800,279,0,Y,0, ,47, ,10.1, ,83.5,Y,26,Y,44.7,Y,6.1, ,336, ,69.5, 
211,10/6/2014,1900,279,0,Y,0, ,0, ,11.4, ,70.1,Y,45,Y,48.1,Y,4.7, ,131, ,69.3, 
211,10/6/2014,2000,279,0, ,0, ,0, ,11.6, ,65.4, ,54, ,48.4, ,3.6, ,130, ,69.1, 
211,10/6/2014,2100,279,0, ,0, ,0, ,11, ,63, ,56, ,47, ,2.1, ,124, ,68.8, 
211,10/6/2014,2200,279,0, ,0, ,0, ,10.9, ,60.1, ,61, ,46.8, ,2, ,88, ,68.4, 
211,10/6/2014,2300,279,0, ,0, ,0, ,10.6, ,57.4, ,66, ,46.1, ,1.5, ,350, ,68.1, 
211,10/6/2014,2400,279,0, ,0, ,0, ,10.2, ,54.4, ,70, ,45, ,1.3, ,64, ,67.7, 
211,10/7/2014,0100,280,0, ,0, ,0, ,9.5, ,53.6, ,67, ,43.1, ,1.6, ,329, ,67.4, 
211,10/7/2014,0200,280,0, ,0, ,0, ,8.9, ,52.3, ,66, ,41.5, ,1.8, ,349, ,67.1, 
211,10/7/2014,0300,280,0, ,0, ,0, ,8.9, ,51.2, ,69, ,41.4, ,1.5, ,357, ,66.7, 
211,10/7/2014,0400,280,0, ,0, ,0, ,8.9, ,50.3, ,71, ,41.5, ,1.5, ,167, ,66.4, 
211,10/7/2014,0500,280,0, ,0, ,0, ,8.7, ,48.7, ,74, ,40.8, ,1.2, ,349, ,66.1, 
211,10/7/2014,0600,280,0, ,0, ,0, ,8.5, ,47.2, ,76, ,40.2, ,1.6, ,335, ,65.9, 
211,10/7/2014,0700,280,0, ,0, ,112, ,8.6, ,48.8, ,73, ,40.5, ,1.5, ,14, ,65.6, 
211,10/7/2014,0800,280,0, ,0, ,477, ,10.5, ,56.6, ,67, ,45.7, ,1.3, ,103, ,65.4, 
211,10/7/2014,0900,280,0.01, ,0, ,831, ,13.3, ,65.2, ,63, ,52.1, ,1.7, ,1, ,65.2, 
211,10/7/2014,1000,280,0.01, ,0,Y,1139, ,16.2, ,70.3, ,64, ,57.5, ,1.8, ,3, ,65.2, 
211,10/7/2014,1100,280,0.02, ,0, ,1363, ,15.9, ,75.2, ,53, ,57.1, ,3.1, ,315, ,65.7, 
211,10/7/2014,1200,280,0.02, ,0,Y,1484, ,13, ,79.9, ,37, ,51.6, ,5.3, ,324, ,66.5, 
211,10/7/2014,1300,280,0.02, ,0, ,1470, ,12.8, ,83.8, ,32, ,51.2, ,7.3, ,339, ,67.4, 
211,10/7/2014,1400,280,0.03, ,0, ,1310, ,11.3, ,89.4, ,24, ,47.7, ,9, ,338, ,68.3, 
211,10/7/2014,1500,280,0.02, ,0, ,1078, ,10.1, ,89.6, ,21, ,44.9, ,11.6, ,338, ,69, 
211,10/7/2014,1600,280,0.02, ,0, ,757, ,8.4, ,89, ,18, ,40.1, ,10, ,338, ,69.5, 
211,10/7/2014,1700,280,0.01,Y,0, ,399, ,8.3, ,86.6,Y,19,Y,39.8,Y,7.2, ,341, ,69.7, 
211,10/7/2014,1800,280,0, ,0, ,43, ,11.6, ,74.8, ,40, ,48.6, ,4.3, ,115, ,69.7, 
211,10/7/2014,1900,280,0, ,0, ,0, ,13.5, ,65.2, ,64, ,52.6, ,3.5, ,118, ,69.5, 
211,10/7/2014,2000,280,0, ,0, ,0, ,13.6, ,61.1, ,74, ,52.7, ,3.9, ,141, ,69.3, 
211,10/7/2014,2100,280,0, ,0, ,0, ,13.3, ,59.3, ,77, ,52.2, ,3.3, ,143, ,69, 
211,10/7/2014,2200,280,0, ,0, ,0, ,12.5, ,56.4, ,81, ,50.5, ,1.5, ,40, ,68.7, 
211,10/7/2014,2300,280,0, ,0, ,0, ,11.6, ,54.8, ,79, ,48.4, ,1.5, ,359, ,68.4, 
211,10/7/2014,2400,280,0, ,0, ,0, ,11.2, ,53.3, ,81, ,47.5, ,1.7, ,136, ,68.1, 
211,10/8/2014,0100,281,0, ,0, ,0, ,10.8, ,51.4, ,84, ,46.7, ,1.2, ,19, ,67.8, 
211,10/8/2014,0200,281,0, ,0, ,0, ,10.6, ,50.6, ,85, ,46.1, ,1.3, ,135, ,67.5, 
211,10/8/2014,0300,281,0, ,0, ,0, ,10.3, ,49.2, ,87, ,45.4, ,1.2, ,70, ,67.2, 
211,10/8/2014,0400,281,0, ,0, ,0, ,10, ,48.4, ,86, ,44.4, ,1.3, ,338, ,66.8, 
211,10/8/2014,0500,281,0, ,0, ,0, ,9.5, ,47.4, ,85, ,43.2, ,1, ,65, ,66.6, 
211,10/8/2014,0600,281,0, ,0, ,0, ,9.3, ,46.7, ,86, ,42.6, ,1.4, ,340, ,66.3, 
211,10/8/2014,0700,281,0, ,0, ,98, ,10.1, ,49.1, ,85, ,44.7, ,1.6, ,327, ,66, 
211,10/8/2014,0800,281,0, ,0, ,452, ,12.7, ,57.9, ,78, ,51, ,1.6, ,200, ,65.8, 
211,10/8/2014,0900,281,0.01, ,0, ,825, ,13.9, ,63.3, ,70, ,53.4, ,2.7, ,157, ,65.6, 
211,10/8/2014,1000,281,0.01, ,0, ,1119, ,14.4, ,70.7, ,56, ,54.4, ,1.8, ,333, ,65.5, 
211,10/8/2014,1100,281,0.02, ,0, ,1324, ,14.1, ,77.5, ,44, ,53.7, ,2.7, ,335, ,65.8, 
211,10/8/2014,1200,281,0.02, ,0, ,1429, ,12.8, ,84.8, ,31, ,51.2, ,4.8, ,320, ,66.2, 
211,10/8/2014,1300,281,0.03, ,0, ,1412, ,12.4, ,87.9, ,27, ,50.2, ,9.9, ,338, ,66.7, 
211,10/8/2014,1400,281,0.03, ,0, ,1282, ,12.3, ,89.9, ,26, ,50, ,13.2, ,335, ,67.4, 
211,10/8/2014,1500,281,0.03, ,0, ,1048, ,10.1, ,91, ,20, ,44.8, ,14.7, ,336, ,67.9, 
211,10/8/2014,1600,281,0.02,Y,0, ,737, ,8.7, ,90.7,Y,18,Y,40.9,Y,13.7, ,329, ,68.3, 
211,10/8/2014,1700,281,0.01,Y,0, ,383, ,8.7, ,87.5,Y,20,Y,40.9,Y,11.6, ,328, ,68.4, 
211,10/8/2014,1800,281,0.01,Y,0, ,48, ,9.1, ,83.3,Y,23,Y,42,Y,9.5, ,325, ,68.4, 
211,10/8/2014,1900,281,0,R,0, ,0, ,9.4, ,77.4,R,29,R,43,R,7.9, ,326, ,68.3, 
211,10/8/2014,2000,281,0,R,0, ,0, ,11.1, ,73,R,40,R,47.3,R,7.8, ,328, ,68.1, 
211,10/8/2014,2100,281,0,Y,0, ,0, ,11.5, ,70.2,Y,46,Y,48.2,Y,7.5, ,305, ,67.9, 
211,10/8/2014,2200,281,0,Y,0, ,0, ,11.7, ,68.1,Y,50,Y,48.8,Y,6, ,311, ,67.7, 
211,10/8/2014,2300,281,0,Y,0, ,0, ,11.8, ,64.3,Y,58,Y,49,Y,3.5, ,321, ,67.5, 
211,10/8/2014,2400,281,0, ,0, ,0, ,11.5, ,57.7, ,71, ,48.3, ,2, ,152, ,67.3, 
211,10/9/2014,0100,282,0, ,0, ,0, ,11.2, ,55.1, ,76, ,47.6, ,1.3, ,157, ,67.1, 
211,10/9/2014,0200,282,0, ,0, ,0, ,11.2, ,53.4, ,81, ,47.6, ,1.2, ,110, ,66.8, 
211,10/9/2014,0300,282,0, ,0, ,0, ,10, ,51.3, ,78, ,44.6, ,2, ,325, ,66.6, 
211,10/9/2014,0400,282,0, ,0, ,0, ,9.5, ,49.3, ,79, ,43.2, ,1.6, ,342, ,66.3, 
211,10/9/2014,0500,282,0, ,0, ,0, ,9, ,48.2, ,78, ,41.7, ,1.3, ,95, ,66.1, 
211,10/9/2014,0600,282,0, ,0, ,0, ,8.7, ,47.1, ,79, ,41, ,1, ,142, ,65.8, 
211,10/9/2014,0700,282,0, ,0, ,103, ,9.3, ,48.7, ,79, ,42.5, ,1.1, ,356, ,65.6, 
211,10/9/2014,0800,282,0, ,0, ,460, ,11.4, ,56.6, ,73, ,47.9, ,1.1, ,49, ,65.3, 
211,10/9/2014,0900,282,0.01, ,0, ,822, ,13.1, ,65.1, ,62, ,51.8, ,2, ,340, ,65.1, 
211,10/9/2014,1000,282,0.01, ,0, ,1120, ,13.6, ,71.6, ,51, ,52.7, ,2.3, ,7, ,65.1, 
211,10/9/2014,1100,282,0.02, ,0, ,1333, ,13.4, ,77.8, ,41, ,52.4, ,2.7, ,339, ,65.3, 
211,10/9/2014,1200,282,0.02, ,0, ,1442, ,12.8, ,81.3, ,35, ,51.1, ,4.5, ,316, ,65.8, 
211,10/9/2014,1300,282,0.03, ,0, ,1428, ,11.4, ,85.1, ,28, ,47.9, ,9.1, ,324, ,66.3, 
211,10/9/2014,1400,282,0.03, ,0, ,1295, ,10.5, ,85.4, ,25, ,45.9, ,13.5, ,319, ,67, 
211,10/9/2014,1500,282,0.02, ,0, ,1053, ,10.5, ,85.5, ,25, ,45.9, ,13.3, ,319, ,67.5, 
211,10/9/2014,1600,282,0.02, ,0, ,733, ,10.5, ,84.7, ,26, ,45.7, ,12, ,320, ,67.8, 
211,10/9/2014,1700,282,0.01, ,0, ,368, ,10.8, ,82.1, ,29, ,46.5, ,10.9, ,330, ,67.8, 
211,10/9/2014,1800,282,0, ,0, ,45, ,12.4, ,74.1, ,43, ,50.2, ,5.8, ,349, ,67.8, 
211,10/9/2014,1900,282,0, ,0, ,0, ,13.9, ,63.8, ,69, ,53.4, ,4.2, ,117, ,67.8, 
211,10/9/2014,2000,282,0, ,0, ,0, ,13.8, ,60.3, ,77, ,53.2, ,4.6, ,135, ,67.6, 
211,10/9/2014,2100,282,0, ,0, ,0, ,13.6, ,58.6, ,81, ,52.8, ,3.6, ,145, ,67.4, 
211,10/9/2014,2200,282,0, ,0, ,0, ,13.1, ,56.6, ,83, ,51.6, ,3.3, ,151, ,67.2, 
211,10/9/2014,2300,282,0, ,0, ,0, ,12.7, ,54.9, ,86, ,50.9, ,2.6, ,149, ,66.9, 
211,10/9/2014,2400,282,0, ,0, ,0, ,11.7, ,52.5, ,87, ,48.8, ,1.5, ,101, ,66.7, 
211,10/10/2014,0100,283,0, ,0, ,0, ,11.4, ,51.7, ,87, ,48.1, ,1.9, ,313, ,66.5, 
211,10/10/2014,0200,283,0, ,0, ,0, ,11.1, ,50.5, ,89, ,47.3, ,1.6, ,230, ,66.2, 
211,10/10/2014,0300,283,0, ,0, ,0, ,10.7, ,49.1, ,90, ,46.3, ,1.4, ,117, ,65.9, 
211,10/10/2014,0400,283,0, ,0, ,0, ,11.7, ,51.2, ,91, ,48.7, ,1.6, ,151, ,65.7, 
211,10/10/2014,0500,283,0, ,0, ,0, ,12.4, ,53, ,91, ,50.3, ,1.8, ,136, ,65.5, 
211,10/10/2014,0600,283,0, ,0, ,0, ,13, ,54.6, ,89, ,51.4, ,1.5, ,128, ,65.3, 
211,10/10/2014,0700,283,0, ,0, ,27, ,13, ,55.1, ,88, ,51.6, ,3.6, ,156, ,65.3, 
211,10/10/2014,0800,283,0, ,0, ,146, ,13.5, ,56.6, ,86, ,52.5, ,2.9, ,146, ,65.2, 
211,10/10/2014,0900,283,0, ,0, ,421, ,14.2, ,59.1, ,83, ,53.9, ,3.5, ,310, ,65.2, 
211,10/10/2014,1000,283,0.01, ,0, ,1015, ,14.8, ,62.9, ,75, ,55, ,5.5, ,311, ,65.3, 
211,10/10/2014,1100,283,0.02, ,0, ,1305, ,15.1, ,67.5, ,66, ,55.6, ,4.3, ,322, ,65.5, 
211,10/10/2014,1200,283,0.02, ,0, ,1404, ,14.8, ,71.7, ,56, ,55.1, ,4.8, ,353, ,65.8, 
211,10/10/2014,1300,283,0.02, ,0, ,1382, ,14.4, ,75.6, ,48, ,54.4, ,4.2, ,308, ,66.3, 
211,10/10/2014,1400,283,0.02, ,0, ,1243, ,14.5, ,79, ,43, ,54.5, ,4.1, ,318, ,66.8, 
211,10/10/2014,1500,283,0.02, ,0, ,1015, ,14.5, ,80.7, ,40, ,54.5, ,4.7, ,331, ,67.5, 
211,10/10/2014,1600,283,0.01, ,0, ,661, ,14.4, ,79.9, ,41, ,54.3, ,8.8, ,339, ,68, 
211,10/10/2014,1700,283,0.01, ,0, ,201, ,14.1, ,74.6, ,48, ,53.7, ,12.2, ,335, ,68.3, 
211,10/10/2014,1800,283,0, ,0, ,63, ,14.5, ,71.3, ,55, ,54.5, ,11, ,336, ,68.3, 
211,10/10/2014,1900,283,0, ,0, ,0, ,14.4, ,67.3, ,63, ,54.2, ,5.3, ,353, ,68.2, 
211,10/10/2014,2000,283,0, ,0, ,0, ,13.6, ,60.7, ,75, ,52.8, ,3.9, ,137, ,68, 
211,10/10/2014,2100,283,0, ,0, ,0, ,13.4, ,58.7, ,80, ,52.4, ,3.1, ,151, ,67.8, 
211,10/10/2014,2200,283,0, ,0, ,0, ,14.6, ,59.8, ,83, ,54.7, ,5.6, ,330, ,67.5, 
211,10/10/2014,2300,283,0, ,0, ,0, ,14.2, ,58.4, ,85, ,53.9, ,3.1, ,317, ,67.3, 
211,10/10/2014,2400,283,0, ,0, ,0, ,13.5, ,56, ,88, ,52.5, ,3.7, ,346, ,67, 
211,10/11/2014,0100,284,0, ,0, ,0, ,12.1, ,52.7, ,89, ,49.5, ,1.9, ,153, ,66.8, 
211,10/11/2014,0200,284,0, ,0, ,0, ,10.9, ,49.7, ,90, ,46.8, ,1.1, ,38, ,66.6, 
211,10/11/2014,0300,284,0, ,0, ,0, ,10.8, ,49.1, ,91, ,46.6, ,2.3, ,325, ,66.3, 
211,10/11/2014,0400,284,0, ,0, ,0, ,11.1, ,49.5, ,92, ,47.2, ,2.4, ,332, ,66, 
211,10/11/2014,0500,284,0, ,0, ,0, ,10.7, ,48.5, ,92, ,46.2, ,2.6, ,141, ,65.8, 
211,10/11/2014,0600,284,0, ,0, ,0, ,12, ,51.7, ,92, ,49.5, ,2.7, ,162, ,65.5, 
211,10/11/2014,0700,284,0, ,0, ,35, ,12.8, ,53.3, ,93, ,51.2, ,2.2, ,150, ,65.3, 
211,10/11/2014,0800,284,0, ,0, ,160, ,13.5, ,54.6, ,93, ,52.5, ,3.3, ,329, ,65.2, 
211,10/11/2014,0900,284,0.01, ,0, ,643, ,14.1, ,57.3, ,88, ,53.8, ,3.3, ,306, ,65.2, 
211,10/11/2014,1000,284,0.01, ,0, ,1080, ,14.7, ,63.1, ,74, ,54.9, ,2.5, ,298, ,65.3, 
211,10/11/2014,1100,284,0.02, ,0, ,1283, ,15.2, ,68.6, ,64, ,55.8, ,2.7, ,9, ,65.5, 
211,10/11/2014,1200,284,0.02, ,0, ,1388, ,14.8, ,74.3, ,51, ,55, ,3.7, ,320, ,65.9, 
211,10/11/2014,1300,284,0.02, ,0, ,1382, ,12.3, ,80.2, ,35, ,50, ,6.4, ,323, ,66.3, 
211,10/11/2014,1400,284,0.02, ,0, ,1243, ,12, ,83.6, ,31, ,49.5, ,7.7, ,329, ,66.9, 
211,10/11/2014,1500,284,0.02, ,0, ,1007, ,12.4, ,84.8, ,30, ,50.2, ,8.4, ,337, ,67.5, 
211,10/11/2014,1600,284,0.01, ,0, ,690, ,12, ,84, ,30, ,49.4, ,10, ,330, ,67.9, 
211,10/11/2014,1700,284,0.01, ,0, ,339, ,11.5, ,81.1, ,32, ,48.2, ,11.5, ,332, ,68, 
211,10/11/2014,1800,284,0, ,0, ,36, ,12.6, ,76.2, ,41, ,50.6, ,8.5, ,334, ,68.1, 
211,10/11/2014,1900,284,0,Y,0, ,0, ,12, ,72.2,Y,44,Y,49.4,Y,4.3, ,306, ,67.9, 
211,10/11/2014,2000,284,0,Y,0, ,0, ,12, ,67,Y,53,Y,49.4,Y,3.2, ,337, ,67.8, 
211,10/11/2014,2100,284,0, ,0, ,0, ,12.7, ,61.5, ,68, ,50.9, ,3.1, ,146, ,67.6, 
211,10/11/2014,2200,284,0, ,0, ,0, ,12.1, ,59, ,71, ,49.6, ,1.9, ,117, ,67.3, 
211,10/11/2014,2300,284,0, ,0, ,0, ,11.7, ,56.6, ,75, ,48.6, ,1.9, ,323, ,67, 
211,10/11/2014,2400,284,0, ,0, ,0, ,10.7, ,53.9, ,76, ,46.4, ,1.7, ,13, ,66.8, 
211,10/12/2014,0100,285,0, ,0, ,0, ,10.3, ,52.3, ,77, ,45.2, ,1.4, ,328, ,66.5, 
211,10/12/2014,0200,285,0, ,0, ,0, ,9.7, ,50.3, ,78, ,43.7, ,1.5, ,352, ,66.2, 
211,10/12/2014,0300,285,0, ,0, ,0, ,10, ,50.6, ,80, ,44.6, ,2.6, ,321, ,65.9, 
211,10/12/2014,0400,285,0, ,0, ,0, ,12.1, ,53.4, ,87, ,49.6, ,3.8, ,319, ,65.7, 
211,10/12/2014,0500,285,0, ,0, ,0, ,11, ,51, ,86, ,47, ,3.6, ,192, ,65.4, 
211,10/12/2014,0600,285,0, ,0, ,0, ,10, ,48.5, ,86, ,44.5, ,1.9, ,337, ,65.2, 
211,10/12/2014,0700,285,0, ,0, ,89, ,9.9, ,47.9, ,87, ,44.2, ,2.6, ,320, ,65, 
211,10/12/2014,0800,285,0, ,0, ,444, ,12.1, ,56.6, ,77, ,49.6, ,1.6, ,130, ,64.8, 
211,10/12/2014,0900,285,0.01, ,0, ,803, ,13.2, ,64.5, ,64, ,52, ,2.5, ,219, ,64.7, 
211,10/12/2014,1000,285,0.01, ,0, ,1104, ,12.3, ,71.8, ,46, ,50.1, ,4.3, ,290, ,64.7, 
211,10/12/2014,1100,285,0.02,Y,0, ,1323, ,9.6, ,79.8,Y,27,Y,43.3,Y,7.7, ,332, ,64.9, 
211,10/12/2014,1200,285,0.03, ,0, ,1434, ,7.9, ,83.9, ,20, ,38.6, ,9.9, ,328, ,65.3, 
211,10/12/2014,1300,285,0.03, ,0, ,1410, ,7.4, ,86.6, ,17, ,36.6, ,9.3, ,320, ,65.7, 
211,10/12/2014,1400,285,0.03, ,0, ,1267, ,6.9, ,88.3, ,15, ,34.9, ,10, ,321, ,66.1, 
211,10/12/2014,1500,285,0.02, ,0, ,1020, ,6.6, ,89, ,14, ,34, ,9.7, ,321, ,66.6, 
211,10/12/2014,1600,285,0.02, ,0, ,703, ,6.2, ,88.9, ,13, ,32.5, ,9.3, ,322, ,66.9, 
211,10/12/2014,1700,285,0.01,Y,0, ,348, ,6.2, ,86.9,Y,14,Y,32.3,Y,7.9, ,332, ,67, 
211,10/12/2014,1800,285,0,Y,0, ,35, ,6.5, ,80.7,Y,18,Y,33.4,Y,4.7, ,8, ,67, 
211,10/12/2014,1900,285,0,Y,0, ,0, ,6.2, ,73.6,Y,22,Y,32.4,Y,2.1, ,220, ,66.9, 
211,10/12/2014,2000,285,0, ,0, ,0, ,6.6, ,64.6, ,32, ,33.9, ,2.3, ,293, ,66.8, 
211,10/12/2014,2100,285,0, ,0, ,0, ,6.7, ,60.7, ,37, ,34.4, ,2.8, ,321, ,66.5, 
211,10/12/2014,2200,285,0, ,0, ,0, ,6.8, ,58.3, ,41, ,34.7, ,2.9, ,320, ,66.3, 
211,10/12/2014,2300,285,0, ,0, ,0, ,6.5, ,55.4, ,44, ,33.7, ,2.4, ,314, ,66, 
211,10/12/2014,2400,285,0, ,0, ,0, ,6.4, ,54.4, ,44, ,33.1, ,2.3, ,255, ,65.7, 
211,10/13/2014,0100,286,0, ,0, ,0, ,6.4, ,51.9, ,49, ,33.3, ,2.6, ,306, ,65.4, 
211,10/13/2014,0200,286,0, ,0, ,0, ,6.4, ,49, ,54, ,33, ,2, ,343, ,65.1, 
211,10/13/2014,0300,286,0, ,0, ,0, ,6.2, ,47.9, ,54, ,32.3, ,2.4, ,301, ,64.9, 
211,10/13/2014,0400,286,0, ,0, ,0, ,6.1, ,46.4, ,57, ,31.8, ,1.5, ,347, ,64.6, 
211,10/13/2014,0500,286,0, ,0, ,0, ,6.1, ,44.9, ,61, ,32.1, ,1.5, ,322, ,64.3, 
211,10/13/2014,0600,286,0, ,0, ,0, ,6.1, ,44.9, ,60, ,31.8, ,2.3, ,329, ,64.1, 
211,10/13/2014,0700,286,0, ,0, ,79, ,6.4, ,46.7, ,59, ,33, ,2.5, ,287, ,63.8, 
211,10/13/2014,0800,286,0, ,0, ,430, ,7.2, ,54.5, ,50, ,36.1, ,2.1, ,94, ,63.6, 
211,10/13/2014,0900,286,0.01, ,0, ,793, ,7.4, ,63.9, ,36, ,36.8, ,2.3, ,123, ,63.5, 
211,10/13/2014,1000,286,0.01,Y,0, ,1087, ,7.1, ,73.9,Y,25,Y,35.9,Y,2.1, ,2, ,63.5, 
211,10/13/2014,1100,286,0.02, ,0, ,1294, ,8, ,79.5, ,23, ,38.6, ,3.8, ,140, ,63.8, 
211,10/13/2014,1200,286,0.02, ,0, ,1399, ,9.1, ,85.2, ,22, ,42.2, ,5.2, ,166, ,64.3, 
211,10/13/2014,1300,286,0.03, ,0, ,1378, ,9.9, ,87.4, ,22, ,44.3, ,7.7, ,181, ,64.8, 
211,10/13/2014,1400,286,0.02, ,0, ,1244, ,9.6, ,87.1, ,22, ,43.4, ,9, ,225, ,65.4, 
211,10/13/2014,1500,286,0.02, ,0, ,1014, ,9.8, ,84.9, ,24, ,44.1, ,6.9, ,283, ,66, 
211,10/13/2014,1600,286,0.01, ,0, ,678, ,13.1, ,79.7, ,38, ,51.7, ,7.6, ,87, ,66.4, 
211,10/13/2014,1700,286,0.01, ,0, ,332, ,14.9, ,71.4, ,57, ,55.2, ,8.7, ,146, ,66.6, 
211,10/13/2014,1800,286,0, ,0, ,30, ,15.2, ,64.1, ,74, ,55.8, ,8.5, ,158, ,66.7, 
211,10/13/2014,1900,286,0, ,0, ,0, ,15, ,61.1, ,82, ,55.4, ,5.9, ,155, ,66.6, 
211,10/13/2014,2000,286,0, ,0, ,0, ,14.6, ,59, ,85, ,54.6, ,3.7, ,147, ,66.4, 
211,10/13/2014,2100,286,0, ,0, ,0, ,13.9, ,56.8, ,88, ,53.3, ,2.4, ,122, ,66.2, 
211,10/13/2014,2200,286,0, ,0, ,0, ,13.6, ,55.7, ,90, ,52.8, ,2.3, ,117, ,66, 
211,10/13/2014,2300,286,0, ,0, ,0, ,14, ,55.9, ,92, ,53.5, ,4.1, ,150, ,65.8, 
211,10/13/2014,2400,286,0, ,0, ,0, ,14, ,55.8, ,92, ,53.5, ,4.1, ,120, ,65.5, 
211,10/14/2014,0100,287,0, ,0, ,0, ,14.2, ,56.2, ,92, ,53.9, ,5.2, ,142, ,65.3, 
211,10/14/2014,0200,287,0, ,0, ,0, ,14.1, ,55.8, ,92, ,53.7, ,2.8, ,136, ,65.2, 
211,10/14/2014,0300,287,0, ,0, ,0, ,13.8, ,55.6, ,91, ,53.1, ,2.2, ,258, ,65, 
211,10/14/2014,0400,287,0, ,0, ,0, ,12.9, ,54.4, ,90, ,51.3, ,2.9, ,278, ,64.9, 
211,10/14/2014,0500,287,0, ,0, ,0, ,12.5, ,53.4, ,90, ,50.4, ,1.9, ,343, ,64.8, 
211,10/14/2014,0600,287,0, ,0, ,0, ,11.4, ,50.5, ,91, ,47.9, ,2.1, ,149, ,64.7, 
211,10/14/2014,0700,287,0, ,0, ,35, ,11.6, ,50.5, ,93, ,48.5, ,2.5, ,134, ,64.6, 
211,10/14/2014,0800,287,0, ,0, ,390, ,14.1, ,56.4, ,90, ,53.6, ,4.3, ,135, ,64.4, 
211,10/14/2014,0900,287,0.01, ,0, ,757, ,15.5, ,63.2, ,78, ,56.3, ,4.6, ,124, ,64.3, 
211,10/14/2014,1000,287,0.01, ,0, ,1030, ,15.4, ,66.9, ,69, ,56.2, ,3.8, ,109, ,64.3, 
211,10/14/2014,1100,287,0.02, ,0, ,1283, ,15.6, ,70.8, ,61, ,56.6, ,3.2, ,101, ,64.5, 
211,10/14/2014,1200,287,0.02, ,0, ,1365, ,15.5, ,72.9, ,56, ,56.4, ,5.1, ,247, ,65, 
211,10/14/2014,1300,287,0.02, ,0, ,1372, ,15, ,73.5, ,53, ,55.5, ,9.5, ,288, ,65.5, 
211,10/14/2014,1400,287,0.02, ,0, ,1090, ,14.8, ,72.5, ,54, ,55.1, ,11.4, ,279, ,66, 
211,10/14/2014,1500,287,0.02, ,0, ,890, ,14.2, ,70.7, ,55, ,53.9, ,13.8, ,278, ,66.5, 
211,10/14/2014,1600,287,0.01, ,0, ,396, ,14.1, ,68.3, ,60, ,53.7, ,12.3, ,274, ,66.7, 
211,10/14/2014,1700,287,0, ,0, ,96, ,14.3, ,66.7, ,64, ,54.1, ,12.2, ,267, ,66.7, 
211,10/14/2014,1800,287,0, ,0, ,17, ,14.4, ,65.6, ,67, ,54.3, ,10.1, ,269, ,66.6, 
211,10/14/2014,1900,287,0, ,0, ,0, ,14, ,65, ,66, ,53.5, ,3.9, ,23, ,66.5, 
211,10/14/2014,2000,287,0, ,0, ,0, ,13.3, ,63.6, ,66, ,52.1, ,2.1, ,329, ,66.3, 
211,10/14/2014,2100,287,0, ,0, ,0, ,12.7, ,60, ,72, ,50.9, ,3.2, ,8, ,66.2, 
211,10/14/2014,2200,287,0, ,0, ,0, ,13.9, ,61.8, ,74, ,53.4, ,3.9, ,319, ,66, 
211,10/14/2014,2300,287,0, ,0, ,0, ,12.8, ,58.5, ,77, ,51.2, ,2, ,335, ,65.8, 
211,10/14/2014,2400,287,0, ,0, ,0, ,12.7, ,56.8, ,81, ,50.9, ,2.5, ,211, ,65.6, 
211,10/15/2014,0100,288,0, ,0, ,0, ,12.6, ,56.4, ,81, ,50.7, ,2.4, ,164, ,65.4, 
211,10/15/2014,0200,288,0, ,0, ,0, ,12.3, ,55.7, ,81, ,50, ,3.1, ,154, ,65.2, 
211,10/15/2014,0300,288,0, ,0, ,0, ,12.3, ,55.2, ,83, ,50.1, ,4.4, ,153, ,65, 
211,10/15/2014,0400,288,0, ,0, ,0, ,12.5, ,55.5, ,83, ,50.5, ,3.7, ,156, ,64.9, 
211,10/15/2014,0500,288,0, ,0, ,0, ,13, ,57, ,82, ,51.5, ,3.7, ,156, ,64.8, 
211,10/15/2014,0600,288,0, ,0, ,0, ,14.1, ,57.9, ,86, ,53.8, ,3.8, ,99, ,64.7, 
211,10/15/2014,0700,288,0, ,0, ,29, ,15.2, ,58.5, ,91, ,55.8, ,3.3, ,134, ,64.7, 
211,10/15/2014,0800,288,0, ,0, ,154, ,15.9, ,59.6, ,91, ,57, ,2.2, ,105, ,64.7, 
211,10/15/2014,0900,288,0.01, ,0, ,688, ,16.5, ,64.1, ,81, ,58.1, ,2, ,4, ,64.7, 
211,10/15/2014,1000,288,0.01, ,0, ,859, ,16.3, ,66.3, ,74, ,57.8, ,4.1, ,131, ,64.8, 
211,10/15/2014,1100,288,0.01, ,0, ,1103, ,16, ,68.3, ,68, ,57.3, ,4.7, ,145, ,65.1, 
211,10/15/2014,1200,288,0.02, ,0, ,1359, ,15.9, ,70.4, ,63, ,57, ,4.7, ,191, ,65.5, 
211,10/15/2014,1300,288,0.02, ,0, ,1194, ,15, ,72.3, ,55, ,55.4, ,4.4, ,221, ,65.9, 
211,10/15/2014,1400,288,0.01, ,0, ,1060, ,14.8, ,73.8, ,52, ,55.1, ,4.2, ,274, ,66.4, 
211,10/15/2014,1500,288,0.01, ,0, ,763, ,14.8, ,73, ,53, ,55, ,6.2, ,271, ,66.9, 
211,10/15/2014,1600,288,0.01, ,0, ,577, ,14.3, ,73.6, ,50, ,54.1, ,4, ,275, ,67.2, 
211,10/15/2014,1700,288,0, ,0, ,197, ,14.5, ,71.7, ,55, ,54.5, ,5.5, ,272, ,67.4, 
211,10/15/2014,1800,288,0, ,0, ,35, ,13.5, ,67.7, ,58, ,52.5, ,6.5, ,277, ,67.4, 
211,10/15/2014,1900,288,0, ,0, ,0, ,13.3, ,65.6, ,62, ,52.1, ,5.3, ,296, ,67.4, 
211,10/15/2014,2000,288,0, ,0, ,0, ,13.8, ,63, ,70, ,53.1, ,2.2, ,289, ,67.2, 
211,10/15/2014,2100,288,0, ,0, ,0, ,13.8, ,60.2, ,77, ,53.1, ,1.6, ,144, ,66.9, 
211,10/15/2014,2200,288,0, ,0, ,0, ,14.1, ,59.2, ,82, ,53.7, ,2.4, ,144, ,66.7, 
211,10/15/2014,2300,288,0, ,0, ,0, ,13.8, ,57.8, ,84, ,53.2, ,2.1, ,154, ,66.5, 
211,10/15/2014,2400,288,0, ,0, ,0, ,12.6, ,54.7, ,86, ,50.7, ,1.3, ,87, ,66.2, 
211,10/16/2014,0100,289,0, ,0, ,0, ,12.1, ,53.4, ,87, ,49.6, ,2.1, ,150, ,66, 
211,10/16/2014,0200,289,0, ,0, ,0, ,12.1, ,52.9, ,88, ,49.6, ,2.6, ,213, ,65.8, 
211,10/16/2014,0300,289,0, ,0, ,0, ,11.8, ,52.4, ,88, ,48.9, ,2.6, ,336, ,65.5, 
211,10/16/2014,0400,289,0, ,0, ,0, ,12, ,53.2, ,87, ,49.4, ,1.6, ,332, ,65.3, 
211,10/16/2014,0500,289,0, ,0, ,0, ,12, ,52.8, ,88, ,49.3, ,1.9, ,296, ,65.1, 
211,10/16/2014,0600,289,0, ,0, ,0, ,12, ,52.8, ,88, ,49.3, ,1.8, ,303, ,64.9, 
211,10/16/2014,0700,289,0, ,0, ,38, ,11.2, ,50.9, ,88, ,47.4, ,2, ,154, ,64.8, 
211,10/16/2014,0800,289,0, ,0, ,289, ,12.3, ,54.1, ,86, ,50, ,1.7, ,138, ,64.6, 
211,10/16/2014,0900,289,0.01, ,0, ,728, ,13.9, ,61.3, ,75, ,53.4, ,1.9, ,280, ,64.5, 
211,10/16/2014,1000,289,0.01, ,0, ,968, ,14.8, ,65.4, ,69, ,55, ,2.5, ,1, ,64.6, 
211,10/16/2014,1100,289,0.01, ,0, ,1065, ,14.9, ,68.5, ,63, ,55.3, ,2.9, ,3, ,64.8, 
211,10/16/2014,1200,289,0.02, ,0, ,1309, ,14.9, ,71.4, ,57, ,55.3, ,3.4, ,288, ,65.2, 
211,10/16/2014,1300,289,0.02, ,0, ,1297, ,14.7, ,73.4, ,52, ,54.8, ,4.1, ,159, ,65.7, 
211,10/16/2014,1400,289,0.02, ,0, ,1067, ,14.2, ,75.1, ,48, ,54, ,4.7, ,258, ,66.3, 
211,10/16/2014,1500,289,0.01, ,0, ,798, ,12.9, ,74.2, ,45, ,51.3, ,6.3, ,248, ,66.8, 
211,10/16/2014,1600,289,0.01, ,0, ,514, ,12.1, ,72.1, ,45, ,49.6, ,6.3, ,206, ,67.2, 
211,10/16/2014,1700,289,0, ,0, ,230, ,10.8, ,69.9, ,43, ,46.7, ,4.7, ,249, ,67.3, 
211,10/16/2014,1800,289,0, ,0, ,10, ,10.7, ,63.7, ,53, ,46.3, ,4.4, ,95, ,67.3, 
211,10/16/2014,1900,289,0, ,0, ,0, ,11.1, ,60.7, ,61, ,47.3, ,4.4, ,102, ,67.1, 
211,10/16/2014,2000,289,0, ,0, ,0, ,11.4, ,58.9, ,67, ,48.1, ,4.6, ,130, ,66.9, 
211,10/16/2014,2100,289,0, ,0, ,0, ,11.7, ,56.5, ,75, ,48.7, ,4.3, ,144, ,66.6, 
211,10/16/2014,2200,289,0, ,0, ,0, ,11.7, ,55.6, ,78, ,48.8, ,2.5, ,180, ,66.3, 
211,10/16/2014,2300,289,0, ,0, ,0, ,11, ,52.8, ,80, ,46.9, ,2.4, ,338, ,66, 
211,10/16/2014,2400,289,0, ,0, ,0, ,9.8, ,50.4, ,79, ,44, ,1.7, ,335, ,65.7, 
211,10/17/2014,0100,290,0, ,0, ,0, ,9.7, ,49.4, ,80, ,43.6, ,1.4, ,349, ,65.5, 
211,10/17/2014,0200,290,0, ,0, ,0, ,9.3, ,47.9, ,82, ,42.7, ,1.4, ,332, ,65.2, 
211,10/17/2014,0300,290,0, ,0, ,0, ,8.7, ,45.7, ,83, ,40.8, ,1.5, ,100, ,64.9, 
211,10/17/2014,0400,290,0, ,0, ,0, ,9.1, ,46, ,86, ,42.1, ,2, ,150, ,64.6, 
211,10/17/2014,0500,290,0, ,0, ,0, ,9.2, ,46.1, ,87, ,42.3, ,2, ,19, ,64.3, 
211,10/17/2014,0600,290,0, ,0, ,0, ,9, ,45.7, ,86, ,41.9, ,2.1, ,347, ,64.1, 
211,10/17/2014,0700,290,0, ,0, ,71, ,9.2, ,45.9, ,87, ,42.4, ,2.4, ,329, ,63.9, 
211,10/17/2014,0800,290,0, ,0, ,306, ,10.4, ,51.3, ,81, ,45.6, ,2.7, ,172, ,63.7, 
211,10/17/2014,0900,290,0.01, ,0, ,735, ,10.5, ,55.5, ,70, ,45.9, ,3.3, ,141, ,63.5, 
211,10/17/2014,1000,290,0.01, ,0, ,1111, ,10.8, ,62.7, ,56, ,46.7, ,3.7, ,132, ,63.6, 
211,10/17/2014,1100,290,0.01, ,0, ,881, ,11, ,66.7, ,49, ,47.1, ,3.4, ,133, ,63.8, 
211,10/17/2014,1200,290,0.02, ,0, ,1178, ,11.5, ,71.1, ,44, ,48.3, ,3.4, ,19, ,64.1, 
211,10/17/2014,1300,290,0.02, ,0, ,1194, ,11.6, ,72.9, ,42, ,48.6, ,3.8, ,180, ,64.6, 
211,10/17/2014,1400,290,0.01, ,0, ,863, ,11.8, ,72.2, ,44, ,48.9, ,8.3, ,238, ,65.1, 
211,10/17/2014,1500,290,0.01, ,0, ,650, ,11.5, ,70.9, ,45, ,48.2, ,7.4, ,267, ,65.6, 
211,10/17/2014,1600,290,0.01, ,0, ,320, ,11.3, ,69.7, ,45, ,47.7, ,6.3, ,272, ,65.9, 
211,10/17/2014,1700,290,0, ,0, ,260, ,11.3, ,69.4, ,46, ,47.8, ,5.2, ,278, ,65.9, 
211,10/17/2014,1800,290,0, ,0, ,32, ,11.7, ,67.4, ,51, ,48.6, ,3.6, ,289, ,65.9, 
211,10/17/2014,1900,290,0, ,0, ,0, ,11.6, ,63.2, ,58, ,48.4, ,2.4, ,129, ,65.9, 
211,10/17/2014,2000,290,0, ,0, ,0, ,11.3, ,59.6, ,65, ,47.7, ,1.6, ,132, ,65.7, 
211,10/17/2014,2100,290,0, ,0, ,0, ,11.3, ,58, ,69, ,47.8, ,2.3, ,153, ,65.5, 
211,10/17/2014,2200,290,0, ,0, ,0, ,11.1, ,56, ,72, ,47.3, ,1.6, ,186, ,65.3, 
211,10/17/2014,2300,290,0, ,0, ,0, ,10.9, ,56.3, ,71, ,46.9, ,3.2, ,171, ,65, 
211,10/17/2014,2400,290,0, ,0, ,0, ,10.7, ,54, ,75, ,46.4, ,2.5, ,244, ,64.8, 
211,10/18/2014,0100,291,0, ,0, ,0, ,10.2, ,51.6, ,78, ,44.9, ,1.5, ,342, ,64.6, 
211,10/18/2014,0200,291,0, ,0, ,0, ,10, ,50.5, ,79, ,44.4, ,2.1, ,332, ,64.4, 
211,10/18/2014,0300,291,0, ,0, ,0, ,9.9, ,49.9, ,81, ,44.2, ,1.7, ,333, ,64.2, 
211,10/18/2014,0400,291,0, ,0, ,0, ,9.8, ,48.8, ,83, ,43.9, ,2.2, ,317, ,64, 
211,10/18/2014,0500,291,0, ,0, ,0, ,9.5, ,47.8, ,83, ,43.1, ,1.7, ,99, ,63.8, 
211,10/18/2014,0600,291,0, ,0, ,0, ,9.5, ,47.7, ,85, ,43.3, ,1.8, ,277, ,63.6, 
211,10/18/2014,0700,291,0, ,0, ,59, ,9.3, ,47, ,85, ,42.7, ,1.7, ,357, ,63.4, 
211,10/18/2014,0800,291,0, ,0, ,384, ,11, ,53.1, ,80, ,47, ,2, ,281, ,63.2, 
211,10/18/2014,0900,291,0.01, ,0, ,722, ,12.4, ,61.1, ,67, ,50.2, ,2.1, ,114, ,63.1, 
211,10/18/2014,1000,291,0.01, ,0, ,1002, ,13.7, ,65.1, ,65, ,53, ,2.2, ,66, ,63.2, 
211,10/18/2014,1100,291,0.01, ,0, ,1215, ,15.5, ,67.7, ,67, ,56.3, ,2.6, ,352, ,63.5, 
211,10/18/2014,1200,291,0.02, ,0, ,1321, ,14.8, ,70.8, ,58, ,55.1, ,3.2, ,284, ,64.2, 
211,10/18/2014,1300,291,0.02, ,0, ,1309, ,14.6, ,73.4, ,52, ,54.8, ,4, ,276, ,65.1, 
211,10/18/2014,1400,291,0.02, ,0, ,1173, ,14.3, ,76.4, ,46, ,54.1, ,3.6, ,239, ,66.3, 
211,10/18/2014,1500,291,0.01, ,0, ,929, ,12.8, ,80.7, ,36, ,51.1, ,3.8, ,4, ,67.4, 
211,10/18/2014,1600,291,0.01, ,0, ,619, ,12.6, ,80.4, ,36, ,50.8, ,4.4, ,239, ,68.1, 
211,10/18/2014,1700,291,0.01, ,0, ,276, ,12.9, ,78.2, ,39, ,51.3, ,5.7, ,266, ,68.5, 
211,10/18/2014,1800,291,0, ,0, ,16, ,13.1, ,73.8, ,46, ,51.8, ,5.2, ,311, ,68.6, 
211,10/18/2014,1900,291,0,Y,0, ,0, ,13.1, ,70.1,Y,52,Y,51.8,Y,4.6, ,313, ,68.6, 
211,10/18/2014,2000,291,0,Y,0, ,0, ,13.8, ,67.7,Y,60,Y,53.2,Y,4.3, ,305, ,68.4, 
211,10/18/2014,2100,291,0,Y,0, ,0, ,14.4, ,65.6,Y,67,Y,54.3,Y,4.9, ,328, ,68.2, 
211,10/18/2014,2200,291,0, ,0, ,0, ,14.4, ,62.8, ,74, ,54.4, ,4.4, ,332, ,67.9, 
211,10/18/2014,2300,291,0, ,0, ,0, ,14.1, ,60.6, ,78, ,53.6, ,3, ,336, ,67.7, 
211,10/18/2014,2400,291,0, ,0, ,0, ,12.8, ,56.6, ,82, ,51.1, ,1.6, ,76, ,67.4, 
211,10/19/2014,0100,292,0, ,0, ,0, ,12.3, ,54.9, ,84, ,50.1, ,1.8, ,333, ,67.1, 
211,10/19/2014,0200,292,0, ,0, ,0, ,11.5, ,52.9, ,84, ,48.3, ,1.5, ,334, ,66.8, 
211,10/19/2014,0300,292,0, ,0, ,0, ,11.1, ,51.7, ,85, ,47.3, ,2, ,328, ,66.6, 
211,10/19/2014,0400,292,0, ,0, ,0, ,10.4, ,49.6, ,86, ,45.6, ,1.3, ,23, ,66.3, 
211,10/19/2014,0500,292,0, ,0, ,0, ,10.4, ,49.1, ,88, ,45.6, ,2.1, ,305, ,66, 
211,10/19/2014,0600,292,0, ,0, ,0, ,10.3, ,48.7, ,88, ,45.3, ,1.3, ,174, ,65.7, 
211,10/19/2014,0700,292,0, ,0, ,58, ,10, ,47.9, ,88, ,44.7, ,2.2, ,148, ,65.5, 
211,10/19/2014,0800,292,0, ,0, ,387, ,11.1, ,52.7, ,82, ,47.4, ,3, ,138, ,65.2, 
211,10/19/2014,0900,292,0.01, ,0, ,731, ,12.4, ,59.8, ,71, ,50.3, ,2.5, ,39, ,65, 
211,10/19/2014,1000,292,0.01, ,0, ,1015, ,13.8, ,66.4, ,62, ,53.2, ,2.4, ,344, ,64.9, 
211,10/19/2014,1100,292,0.02, ,0, ,1217, ,14.8, ,72.1, ,55, ,55, ,2.8, ,210, ,65, 
211,10/19/2014,1200,292,0.02, ,0, ,1313, ,14, ,76.6, ,45, ,53.6, ,3.1, ,166, ,65.3, 
211,10/19/2014,1300,292,0.02, ,0, ,1289, ,13.5, ,79.9, ,39, ,52.6, ,3.5, ,157, ,65.7, 
211,10/19/2014,1400,292,0.02, ,0, ,1155, ,13.4, ,81.7, ,36, ,52.4, ,4.7, ,237, ,66.3, 
211,10/19/2014,1500,292,0.02, ,0, ,928, ,13, ,80.7, ,36, ,51.5, ,6.5, ,267, ,66.9, 
211,10/19/2014,1600,292,0.01, ,0, ,620, ,13.7, ,79, ,40, ,52.9, ,5.7, ,234, ,67.4, 
211,10/19/2014,1700,292,0, ,0, ,271, ,14.5, ,74.4, ,50, ,54.6, ,5.6, ,309, ,67.6, 
211,10/19/2014,1800,292,0, ,0, ,14, ,15.3, ,67.9, ,66, ,56, ,5.9, ,98, ,67.7, 
211,10/19/2014,1900,292,0, ,0, ,0, ,15.4, ,63.2, ,78, ,56.2, ,4.8, ,124, ,67.7, 
211,10/19/2014,2000,292,0, ,0, ,0, ,15.4, ,60.7, ,85, ,56.1, ,5, ,132, ,67.5, 
211,10/19/2014,2100,292,0, ,0, ,0, ,15.1, ,59.1, ,88, ,55.7, ,4.4, ,131, ,67.3, 
211,10/19/2014,2200,292,0, ,0, ,0, ,14.9, ,58, ,90, ,55.2, ,2.8, ,123, ,67.1, 
211,10/19/2014,2300,292,0, ,0, ,0, ,14.5, ,57.3, ,90, ,54.5, ,2.7, ,121, ,66.9, 
211,10/19/2014,2400,292,0, ,0, ,0, ,14.3, ,56.6, ,91, ,54, ,1.5, ,128, ,66.7, 
211,10/20/2014,0100,293,0, ,0, ,0, ,15, ,58, ,91, ,55.4, ,2.6, ,144, ,66.5, 
211,10/20/2014,0200,293,0, ,0, ,0, ,15.1, ,58.2, ,91, ,55.6, ,3.8, ,147, ,66.3, 
211,10/20/2014,0300,293,0, ,0, ,0, ,15.3, ,58.6, ,91, ,56, ,3.6, ,138, ,66.2, 
211,10/20/2014,0400,293,0, ,0, ,0, ,15.5, ,58.7, ,91, ,56.3, ,5, ,144, ,66.1, 
211,10/20/2014,0500,293,0, ,0, ,0, ,15.4, ,58.4, ,92, ,56.2, ,3.6, ,142, ,66, 
211,10/20/2014,0600,293,0, ,0, ,0, ,15.3, ,58.2, ,92, ,56, ,4.7, ,141, ,65.9, 
211,10/20/2014,0700,293,0, ,0, ,19, ,15.1, ,57.8, ,92, ,55.6, ,5.3, ,146, ,65.9, 
211,10/20/2014,0800,293,0, ,0, ,263, ,15.4, ,58.4, ,92, ,56.2, ,5.8, ,144, ,65.8, 
211,10/20/2014,0900,293,0.01, ,0, ,589, ,16.3, ,62, ,86, ,57.8, ,6.3, ,139, ,65.8, 
211,10/20/2014,1000,293,0.01, ,0, ,761, ,16.2, ,64.5, ,78, ,57.6, ,4.5, ,144, ,65.7, 
211,10/20/2014,1100,293,0.02, ,0, ,1233, ,16.5, ,67.7, ,71, ,58, ,5.3, ,124, ,65.8, 
211,10/20/2014,1200,293,0.01, ,0, ,789, ,16.3, ,70.3, ,64, ,57.8, ,5, ,110, ,66, 
211,10/20/2014,1300,293,0.01, ,0, ,398, ,16.2, ,69.3, ,66, ,57.5, ,7.1, ,253, ,66.3, 
211,10/20/2014,1400,293,0, ,0, ,142, ,15.6, ,63.9, ,77, ,56.5, ,13.1, ,325, ,66.6, 
211,10/20/2014,1500,293,0, ,0.01, ,166, ,16, ,60.4, ,89, ,57.1, ,11.6, ,326, ,66.7, 
211,10/20/2014,1600,293,0, ,0, ,212, ,16.2, ,60.9, ,89, ,57.6, ,8.7, ,315, ,66.7, 
211,10/20/2014,1700,293,0, ,0, ,111, ,15.7, ,62.1, ,82, ,56.7, ,5.7, ,283, ,66.7, 
211,10/20/2014,1800,293,0, ,0, ,18, ,15.7, ,62, ,82, ,56.6, ,3.7, ,271, ,66.6, 
211,10/20/2014,1900,293,0, ,0, ,0, ,15.3, ,61, ,83, ,55.9, ,3.4, ,285, ,66.6, 
211,10/20/2014,2000,293,0, ,0, ,0, ,13.8, ,56.7, ,88, ,53.2, ,2.6, ,13, ,66.5, 
211,10/20/2014,2100,293,0, ,0, ,0, ,13.5, ,55.4, ,90, ,52.5, ,3, ,301, ,66.3, 
211,10/20/2014,2200,293,0, ,0, ,0, ,12.1, ,52.2, ,91, ,49.6, ,2.2, ,319, ,66.1, 
211,10/20/2014,2300,293,0, ,0, ,0, ,11.5, ,50.5, ,92, ,48.2, ,4.3, ,351, ,65.9, 
211,10/20/2014,2400,293,0, ,0, ,0, ,11.2, ,49.9, ,92, ,47.5, ,2.6, ,338, ,65.7, 
211,10/21/2014,0100,294,0, ,0, ,0, ,10.7, ,48.4, ,93, ,46.4, ,2.3, ,271, ,65.4, 
211,10/21/2014,0200,294,0, ,0, ,0, ,10.8, ,48.4, ,93, ,46.5, ,3.8, ,332, ,65.2, 
211,10/21/2014,0300,294,0, ,0, ,0, ,11.3, ,50, ,92, ,47.8, ,2.8, ,201, ,64.9, 
211,10/21/2014,0400,294,0, ,0, ,0, ,10, ,46.7, ,92, ,44.4, ,2.4, ,105, ,64.7, 
211,10/21/2014,0500,294,0, ,0, ,0, ,9.2, ,43.9, ,94, ,42.2, ,2.3, ,347, ,64.5, 
211,10/21/2014,0600,294,0, ,0, ,0, ,8.9, ,43.1, ,95, ,41.6, ,2.7, ,161, ,64.3, 
211,10/21/2014,0700,294,0, ,0, ,39, ,9, ,43.1, ,95, ,41.8, ,2.5, ,109, ,64, 
211,10/21/2014,0800,294,0, ,0, ,202, ,10.2, ,46.2, ,96, ,45, ,2.2, ,1, ,63.8, 
211,10/21/2014,0900,294,0.01, ,0, ,620, ,12, ,50.5, ,96, ,49.4, ,2.6, ,156, ,63.7, 
211,10/21/2014,1000,294,0.01, ,0, ,989, ,14.4, ,55.7, ,95, ,54.4, ,3, ,339, ,63.6, 
211,10/21/2014,1100,294,0.01, ,0, ,1208, ,13.9, ,62, ,73, ,53.3, ,7.4, ,329, ,63.6, 
211,10/21/2014,1200,294,0.02, ,0, ,1310, ,12.3, ,67.8, ,53, ,50, ,7.9, ,341, ,63.9, 
211,10/21/2014,1300,294,0.02, ,0, ,1281, ,11.8, ,70, ,47, ,49, ,8.9, ,328, ,64.2, 
211,10/21/2014,1400,294,0.02, ,0, ,1139, ,10.8, ,71.5, ,41, ,46.5, ,9.4, ,330, ,64.6, 
211,10/21/2014,1500,294,0.02, ,0, ,909, ,10, ,72, ,37, ,44.6, ,10.4, ,328, ,65, 
211,10/21/2014,1600,294,0.01, ,0, ,605, ,10.2, ,71, ,39, ,45, ,11.6, ,322, ,65.2, 
211,10/21/2014,1700,294,0.01, ,0, ,248, ,10.4, ,68.2, ,44, ,45.7, ,12.5, ,323, ,65.3, 
211,10/21/2014,1800,294,0, ,0, ,11, ,10.5, ,64.6, ,51, ,45.9, ,10.7, ,318, ,65.3, 
211,10/21/2014,1900,294,0, ,0, ,0, ,11.2, ,61.8, ,60, ,47.6, ,10.3, ,317, ,65.2, 
211,10/21/2014,2000,294,0, ,0, ,0, ,12.2, ,60, ,69, ,49.8, ,9.6, ,323, ,65.1, 
211,10/21/2014,2100,294,0, ,0, ,0, ,12.5, ,58.8, ,74, ,50.4, ,9.7, ,322, ,64.9, 
211,10/21/2014,2200,294,0, ,0, ,0, ,12.1, ,56.7, ,77, ,49.7, ,6.2, ,329, ,64.8, 
211,10/21/2014,2300,294,0, ,0, ,0, ,11.6, ,53.6, ,83, ,48.4, ,3.1, ,332, ,64.6, 
211,10/21/2014,2400,294,0, ,0, ,0, ,11.3, ,51.7, ,86, ,47.8, ,2.1, ,306, ,64.4, 
211,10/22/2014,0100,295,0, ,0, ,0, ,10.9, ,50.5, ,87, ,46.7, ,1.9, ,325, ,64.3, 
211,10/22/2014,0200,295,0, ,0, ,0, ,10, ,47.9, ,88, ,44.7, ,1.8, ,318, ,64, 
211,10/22/2014,0300,295,0, ,0, ,0, ,9.1, ,45.5, ,88, ,42.1, ,2.1, ,341, ,63.8, 
211,10/22/2014,0400,295,0, ,0, ,0, ,8.8, ,44.3, ,89, ,41.3, ,2.2, ,348, ,63.6, 
211,10/22/2014,0500,295,0, ,0, ,0, ,8.6, ,43.5, ,89, ,40.5, ,1.8, ,358, ,63.4, 
211,10/22/2014,0600,295,0, ,0, ,0, ,8.4, ,43.1, ,89, ,40.1, ,1.5, ,324, ,63.2, 
211,10/22/2014,0700,295,0, ,0, ,45, ,8.5, ,42.9, ,90, ,40.2, ,1.5, ,2, ,62.9, 
211,10/22/2014,0800,295,0, ,0, ,298, ,9.8, ,47.8, ,87, ,44, ,1.6, ,327, ,62.7, 
211,10/22/2014,0900,295,0.01, ,0, ,727, ,11.2, ,56.7, ,72, ,47.6, ,2.4, ,349, ,62.6, 
211,10/22/2014,1000,295,0.01, ,0, ,980, ,12.6, ,62.7, ,65, ,50.8, ,3.4, ,334, ,62.5, 
211,10/22/2014,1100,295,0.02, ,0, ,1194, ,12.9, ,67.2, ,57, ,51.2, ,6.3, ,314, ,62.6, 
211,10/22/2014,1200,295,0.02, ,0, ,1258, ,11.7, ,71.6, ,44, ,48.8, ,8.9, ,331, ,62.9, 
211,10/22/2014,1300,295,0.02, ,0, ,1203, ,11, ,73.6, ,39, ,47.1, ,11, ,335, ,63.3, 
211,10/22/2014,1400,295,0.02, ,0, ,1139, ,10, ,74.9, ,34, ,44.5, ,10.6, ,326, ,63.6, 
211,10/22/2014,1500,295,0.02, ,0, ,860, ,9.2, ,75.3, ,31, ,42.4, ,9.6, ,322, ,64, 
211,10/22/2014,1600,295,0.01, ,0, ,556, ,9.2, ,74.8, ,31, ,42.2, ,10.5, ,324, ,64.3, 
211,10/22/2014,1700,295,0.01, ,0, ,248, ,9.1, ,73, ,33, ,42, ,9.2, ,321, ,64.4, 
211,10/22/2014,1800,295,0, ,0, ,5, ,9, ,68.8, ,37, ,41.9, ,7.6, ,331, ,64.5, 
211,10/22/2014,1900,295,0, ,0, ,0, ,9.7, ,65.5, ,45, ,43.8, ,6.8, ,318, ,64.5, 
211,10/22/2014,2000,295,0, ,0, ,0, ,10.9, ,64.3, ,53, ,46.7, ,6.5, ,315, ,64.3, 
211,10/22/2014,2100,295,0, ,0, ,0, ,13.1, ,62.9, ,67, ,51.7, ,6.9, ,327, ,64.2, 
211,10/22/2014,2200,295,0, ,0, ,0, ,14.4, ,62.5, ,74, ,54.2, ,7.9, ,330, ,64.1, 
211,10/22/2014,2300,295,0, ,0, ,0, ,14.3, ,60.6, ,79, ,54, ,5, ,342, ,64, 
211,10/22/2014,2400,295,0, ,0, ,0, ,13, ,57.6, ,80, ,51.5, ,3.2, ,340, ,64, 
211,10/23/2014,0100,296,0, ,0, ,0, ,12.2, ,55.6, ,81, ,49.8, ,2.6, ,320, ,63.9, 
211,10/23/2014,0200,296,0, ,0, ,0, ,10.6, ,51.8, ,81, ,46.1, ,2.3, ,359, ,63.7, 
211,10/23/2014,0300,296,0, ,0, ,0, ,9.9, ,50.5, ,79, ,44.4, ,2, ,315, ,63.6, 
211,10/23/2014,0400,296,0, ,0, ,0, ,9.7, ,49.5, ,80, ,43.7, ,2.8, ,288, ,63.4, 
211,10/23/2014,0500,296,0, ,0, ,0, ,9.6, ,48.4, ,83, ,43.5, ,1.4, ,347, ,63.3, 
211,10/23/2014,0600,296,0, ,0, ,0, ,9.8, ,49.4, ,81, ,44, ,2, ,185, ,63.1, 
211,10/23/2014,0700,296,0, ,0, ,36, ,9.6, ,49.3, ,80, ,43.4, ,1.9, ,157, ,63, 
211,10/23/2014,0800,296,0, ,0, ,409, ,10.2, ,53.2, ,74, ,45, ,1.7, ,158, ,62.8, 
211,10/23/2014,0900,296,0.01, ,0, ,724, ,11.5, ,62.3, ,60, ,48.2, ,1.9, ,101, ,62.7, 
211,10/23/2014,1000,296,0.01, ,0, ,954, ,14, ,67.1, ,62, ,53.6, ,3, ,349, ,62.8, 
211,10/23/2014,1100,296,0.02, ,0, ,1165, ,15.3, ,70.8, ,59, ,55.9, ,4.3, ,356, ,63, 
211,10/23/2014,1200,296,0.02, ,0, ,1280, ,14, ,74.7, ,48, ,53.5, ,4.9, ,329, ,63.3, 
211,10/23/2014,1300,296,0.02, ,0, ,1239, ,13, ,77.3, ,41, ,51.4, ,6, ,327, ,63.7, 
211,10/23/2014,1400,296,0.01, ,0, ,888, ,12.4, ,78.7, ,37, ,50.3, ,6.3, ,348, ,64.2, 
211,10/23/2014,1500,296,0.01, ,0, ,581, ,12.1, ,78.1, ,37, ,49.5, ,7.6, ,338, ,64.7, 
211,10/23/2014,1600,296,0.01, ,0, ,545, ,12.7, ,77, ,40, ,50.9, ,10.9, ,328, ,65.1, 
211,10/23/2014,1700,296,0.01, ,0, ,240, ,12.7, ,74.3, ,44, ,50.9, ,11.3, ,326, ,65.2, 
211,10/23/2014,1800,296,0, ,0, ,8, ,13.2, ,70.3, ,52, ,51.9, ,8.8, ,322, ,65.3, 
211,10/23/2014,1900,296,0, ,0, ,0, ,13.2, ,66.7, ,59, ,52, ,5.1, ,313, ,65.2, 
211,10/23/2014,2000,296,0, ,0, ,0, ,12.9, ,64.3, ,63, ,51.3, ,4.8, ,332, ,65.1, 
211,10/23/2014,2100,296,0, ,0, ,0, ,13.7, ,63.1, ,69, ,52.9, ,7.2, ,329, ,65, 
211,10/23/2014,2200,296,0, ,0, ,0, ,14.2, ,61.6, ,76, ,54, ,6.9, ,325, ,64.8, 
211,10/23/2014,2300,296,0, ,0, ,0, ,13.9, ,59.5, ,80, ,53.4, ,4.1, ,329, ,64.7, 
211,10/23/2014,2400,296,0, ,0, ,0, ,13.3, ,57.1, ,83, ,52.1, ,3.3, ,313, ,64.6, 
211,10/24/2014,0100,297,0, ,0, ,0, ,12.5, ,54.7, ,85, ,50.5, ,2.2, ,0, ,64.4, 
211,10/24/2014,0200,297,0, ,0, ,0, ,11.6, ,52.2, ,87, ,48.4, ,1.5, ,220, ,64.2, 
211,10/24/2014,0300,297,0, ,0, ,0, ,10.4, ,49.5, ,86, ,45.6, ,2.4, ,344, ,64.1, 
211,10/24/2014,0400,297,0, ,0, ,0, ,10.1, ,48.4, ,87, ,44.7, ,2.2, ,333, ,63.9, 
211,10/24/2014,0500,297,0, ,0, ,0, ,9.9, ,47.4, ,88, ,44.2, ,1.3, ,348, ,63.6, 
211,10/24/2014,0600,297,0, ,0, ,0, ,9.1, ,45.3, ,88, ,42, ,1.1, ,106, ,63.4, 
211,10/24/2014,0700,297,0, ,0, ,41, ,9.3, ,45.7, ,89, ,42.7, ,2.2, ,315, ,63.2, 
211,10/24/2014,0800,297,0, ,0, ,340, ,11.2, ,51, ,87, ,47.4, ,1.5, ,357, ,63, 
211,10/24/2014,0900,297,0.01, ,0, ,688, ,12.5, ,59.1, ,73, ,50.4, ,2.8, ,157, ,62.8, 
211,10/24/2014,1000,297,0.01, ,0, ,970, ,12.9, ,63.4, ,65, ,51.4, ,3, ,125, ,62.7, 
211,10/24/2014,1100,297,0.01, ,0, ,1170, ,13.7, ,69.1, ,56, ,53, ,3.5, ,145, ,62.9, 
211,10/24/2014,1200,297,0.02, ,0, ,1260, ,13.3, ,73.3, ,48, ,52.2, ,4, ,123, ,63.1, 
211,10/24/2014,1300,297,0.02, ,0, ,1232, ,13.8, ,77.4, ,43, ,53.1, ,3.4, ,19, ,63.5, 
211,10/24/2014,1400,297,0.02, ,0, ,1100, ,13.1, ,78, ,40, ,51.7, ,5.2, ,252, ,64.1, 
211,10/24/2014,1500,297,0.01, ,0, ,861, ,13.9, ,74.2, ,48, ,53.4, ,8.3, ,271, ,64.7, 
211,10/24/2014,1600,297,0.01, ,0, ,480, ,14.4, ,69.8, ,58, ,54.3, ,8.1, ,272, ,65.1, 
211,10/24/2014,1700,297,0, ,0, ,117, ,14.2, ,65.7, ,66, ,54, ,5, ,275, ,65.4, 
211,10/24/2014,1800,297,0, ,0, ,6, ,13.8, ,63.3, ,70, ,53.2, ,3.4, ,76, ,65.4, 
211,10/24/2014,1900,297,0, ,0, ,0, ,13.8, ,61.1, ,75, ,53.1, ,4.5, ,82, ,65.4, 
211,10/24/2014,2000,297,0, ,0, ,0, ,13.4, ,58.1, ,81, ,52.4, ,3.3, ,127, ,65.2, 
211,10/24/2014,2100,297,0, ,0, ,0, ,13.4, ,57.2, ,84, ,52.4, ,2.5, ,100, ,65, 
211,10/24/2014,2200,297,0, ,0, ,0, ,13.5, ,56.4, ,87, ,52.6, ,4.9, ,142, ,64.8, 
211,10/24/2014,2300,297,0, ,0, ,0, ,13.2, ,55.7, ,87, ,52, ,4.2, ,137, ,64.6, 
211,10/24/2014,2400,297,0, ,0, ,0, ,13.1, ,55.7, ,87, ,51.8, ,2.7, ,94, ,64.4, 
211,10/25/2014,0100,298,0, ,0, ,0, ,13, ,55.7, ,86, ,51.4, ,3.6, ,148, ,64.3, 
211,10/25/2014,0200,298,0, ,0, ,0, ,12.6, ,54, ,88, ,50.6, ,5.7, ,159, ,64.1, 
211,10/25/2014,0300,298,0, ,0, ,0, ,12.6, ,54.2, ,88, ,50.6, ,5.2, ,170, ,64, 
211,10/25/2014,0400,298,0, ,0, ,0, ,12.8, ,55.3, ,86, ,51.1, ,4.1, ,184, ,63.8, 
211,10/25/2014,0500,298,0, ,0, ,0, ,13, ,56.2, ,84, ,51.5, ,3.2, ,38, ,63.7, 
211,10/25/2014,0600,298,0,Y,0, ,0, ,12.4, ,58.7,Y,73,Y,50.2,Y,4.4, ,166, ,63.7, 
211,10/25/2014,0700,298,0, ,0, ,9, ,12.8, ,58, ,78, ,51.2, ,4.8, ,306, ,63.6, 
211,10/25/2014,0800,298,0, ,0.01, ,105, ,14.2, ,56.8, ,90, ,54, ,5.9, ,334, ,63.6, 
211,10/25/2014,0900,298,0, ,0.01, ,295, ,15.4, ,58.6, ,91, ,56.2, ,4.1, ,70, ,63.6, 
211,10/25/2014,1000,298,0, ,0.06, ,272, ,16, ,59.6, ,92, ,57.1, ,5.1, ,120, ,63.6, 
211,10/25/2014,1100,298,0, ,0.01, ,399, ,16.5, ,60.3, ,92, ,58, ,7.1, ,135, ,63.7, 
211,10/25/2014,1200,298,0.01, ,0, ,725, ,16.7, ,62.5, ,87, ,58.4, ,3.7, ,136, ,63.9, 
211,10/25/2014,1300,298,0.01, ,0.04, ,792, ,17, ,64.9, ,81, ,58.8, ,3.4, ,318, ,64, 
211,10/25/2014,1400,298,0.01, ,0, ,1129, ,16.4, ,68.2, ,70, ,57.9, ,5.9, ,256, ,64.3, 
211,10/25/2014,1500,298,0.01, ,0, ,888, ,15.2, ,68.6, ,64, ,55.8, ,6.4, ,253, ,64.7, 
211,10/25/2014,1600,298,0.01, ,0, ,578, ,14.8, ,68.4, ,63, ,55.1, ,5.2, ,248, ,65.1, 
211,10/25/2014,1700,298,0, ,0, ,206, ,14.8, ,66.3, ,67, ,55, ,4.4, ,231, ,65.3, 
211,10/25/2014,1800,298,0, ,0, ,6, ,14.8, ,62.8, ,76, ,55, ,2.1, ,223, ,65.4, 
211,10/25/2014,1900,298,0, ,0, ,0, ,14.8, ,59.8, ,84, ,55, ,4.2, ,79, ,65.4, 
211,10/25/2014,2000,298,0, ,0, ,0, ,14.1, ,57.5, ,87, ,53.8, ,2.9, ,106, ,65.3, 
211,10/25/2014,2100,298,0, ,0, ,0, ,14, ,56.4, ,90, ,53.6, ,2.5, ,92, ,65.1, 
211,10/25/2014,2200,298,0, ,0, ,0, ,13.7, ,55.7, ,91, ,53, ,2.4, ,301, ,64.9, 
211,10/25/2014,2300,298,0, ,0, ,0, ,12.7, ,53, ,93, ,50.9, ,2.6, ,343, ,64.7, 
211,10/25/2014,2400,298,0, ,0, ,0, ,12.3, ,51.9, ,93, ,50.1, ,3.3, ,324, ,64.5, 
211,10/26/2014,0100,299,0, ,0, ,0, ,11.7, ,50.4, ,94, ,48.7, ,3.8, ,337, ,64.3, 
211,10/26/2014,0200,299,0, ,0, ,0, ,12.3, ,51.9, ,93, ,50, ,4.2, ,316, ,64.1, 
211,10/26/2014,0300,299,0, ,0, ,0, ,11.2, ,49.5, ,93, ,47.5, ,2, ,2, ,63.9, 
211,10/26/2014,0400,299,0, ,0, ,0, ,10.6, ,47.8, ,93, ,46, ,1.9, ,169, ,63.8, 
211,10/26/2014,0500,299,0, ,0, ,0, ,11, ,48.7, ,94, ,47.2, ,1.5, ,104, ,63.6, 
211,10/26/2014,0600,299,0, ,0, ,0, ,11.3, ,49.2, ,95, ,47.7, ,1.4, ,148, ,63.4, 
211,10/26/2014,0700,299,0, ,0, ,15, ,10.7, ,47.7, ,95, ,46.3, ,2.4, ,158, ,63.2, 
211,10/26/2014,0800,299,0, ,0, ,247, ,11.5, ,49.5, ,95, ,48.3, ,2.5, ,167, ,63.1, 
211,10/26/2014,0900,299,0.01, ,0, ,567, ,14.1, ,55.4, ,94, ,53.7, ,3.9, ,231, ,63, 
211,10/26/2014,1000,299,0.01, ,0, ,987, ,12.8, ,61.1, ,69, ,51.1, ,12.5, ,320, ,62.9, 
211,10/26/2014,1100,299,0.02, ,0, ,1177, ,11.5, ,63.8, ,57, ,48.2, ,13.2, ,319, ,62.9, 
211,10/26/2014,1200,299,0.02, ,0, ,1270, ,10.5, ,65.6, ,49, ,45.8, ,12.9, ,324, ,63.1, 
211,10/26/2014,1300,299,0.02, ,0, ,1248, ,10.7, ,67.2, ,47, ,46.3, ,13.3, ,321, ,63.2, 
211,10/26/2014,1400,299,0.02, ,0, ,1110, ,10.4, ,68.3, ,44, ,45.6, ,13.3, ,318, ,63.4, 
211,10/26/2014,1500,299,0.02, ,0, ,871, ,10.1, ,68.7, ,42, ,44.7, ,13.2, ,315, ,63.6, 
211,10/26/2014,1600,299,0.01, ,0, ,565, ,9.6, ,68, ,41, ,43.4, ,13.5, ,313, ,63.8, 
211,10/26/2014,1700,299,0.01, ,0, ,217, ,9.2, ,65.7, ,43, ,42.5, ,13.3, ,319, ,63.9, 
211,10/26/2014,1800,299,0, ,0, ,6, ,9.8, ,62.4, ,51, ,44.1, ,11.9, ,330, ,63.8, 
211,10/26/2014,1900,299,0, ,0, ,0, ,11.3, ,60.1, ,64, ,47.7, ,11.6, ,333, ,63.7, 
211,10/26/2014,2000,299,0, ,0, ,0, ,11.7, ,57.8, ,72, ,48.8, ,8.3, ,325, ,63.6, 
211,10/26/2014,2100,299,0, ,0, ,0, ,11.4, ,55.3, ,76, ,48, ,6.2, ,329, ,63.4, 
211,10/26/2014,2200,299,0, ,0, ,0, ,11.1, ,53, ,81, ,47.3, ,4.3, ,302, ,63.3, 
211,10/26/2014,2300,299,0, ,0, ,0, ,10.7, ,51.2, ,83, ,46.4, ,3.6, ,333, ,63.2, 
211,10/26/2014,2400,299,0, ,0, ,0, ,10, ,48.6, ,86, ,44.6, ,2.5, ,323, ,63, 
211,10/27/2014,0100,300,0, ,0, ,0, ,9.5, ,46.5, ,88, ,43.3, ,1.3, ,146, ,62.8, 
211,10/27/2014,0200,300,0, ,0, ,0, ,9, ,44.4, ,90, ,41.7, ,1.3, ,359, ,62.6, 
211,10/27/2014,0300,300,0, ,0, ,0, ,8.6, ,42.9, ,91, ,40.6, ,2.2, ,334, ,62.4, 
211,10/27/2014,0400,300,0, ,0, ,0, ,8.3, ,41.8, ,92, ,39.6, ,1.7, ,337, ,62.2, 
211,10/27/2014,0500,300,0, ,0, ,0, ,8.1, ,41, ,92, ,39, ,2.3, ,335, ,61.9, 
211,10/27/2014,0600,300,0, ,0, ,0, ,7.8, ,40.1, ,93, ,38.2, ,2.4, ,327, ,61.7, 
211,10/27/2014,0700,300,0, ,0, ,29, ,7.8, ,39.8, ,93, ,38, ,1.8, ,334, ,61.5, 
211,10/27/2014,0800,300,0, ,0, ,307, ,9.3, ,44.3, ,93, ,42.5, ,2.6, ,322, ,61.3, 
211,10/27/2014,0900,300,0.01, ,0, ,671, ,11.1, ,52.7, ,82, ,47.3, ,1.7, ,306, ,61.1, 
211,10/27/2014,1000,300,0.01, ,0, ,951, ,11.9, ,57.7, ,73, ,49.1, ,2.5, ,117, ,61, 
211,10/27/2014,1100,300,0.01, ,0, ,1137, ,12.6, ,62.1, ,66, ,50.6, ,3.2, ,321, ,61.1, 
211,10/27/2014,1200,300,0.02, ,0, ,1251, ,11.5, ,66.7, ,52, ,48.3, ,5.6, ,329, ,61.4, 
211,10/27/2014,1300,300,0.02, ,0, ,1155, ,10.1, ,70.1, ,40, ,44.9, ,6.6, ,322, ,61.7, 
211,10/27/2014,1400,300,0.02, ,0, ,1050, ,8.7, ,72.5, ,32, ,40.8, ,6.7, ,335, ,62.2, 
211,10/27/2014,1500,300,0.01, ,0, ,837, ,9.7, ,72.6, ,35, ,43.6, ,5.8, ,234, ,62.7, 
211,10/27/2014,1600,300,0.01, ,0, ,546, ,10, ,72.2, ,37, ,44.6, ,4.9, ,216, ,63, 
211,10/27/2014,1700,300,0.01, ,0, ,212, ,8.3, ,70, ,33, ,39.7, ,8.2, ,322, ,63.3, 
211,10/27/2014,1800,300,0, ,0, ,5, ,10, ,65.6, ,46, ,44.5, ,8.1, ,315, ,63.4, 
211,10/27/2014,1900,300,0, ,0, ,0, ,10.7, ,62.8, ,55, ,46.2, ,7.3, ,312, ,63.4, 
211,10/27/2014,2000,300,0, ,0, ,0, ,10.8, ,59.8, ,62, ,46.6, ,7.3, ,321, ,63.3, 
211,10/27/2014,2100,300,0, ,0, ,0, ,11.7, ,58.2, ,70, ,48.6, ,7.2, ,325, ,63.2, 
211,10/27/2014,2200,300,0, ,0, ,0, ,11.9, ,56.3, ,77, ,49.1, ,5.4, ,320, ,63.1, 
211,10/27/2014,2300,300,0, ,0, ,0, ,11.3, ,53.6, ,80, ,47.7, ,3.1, ,346, ,62.9, 
211,10/27/2014,2400,300,0, ,0, ,0, ,10, ,50, ,82, ,44.6, ,2.6, ,5, ,62.8, 
211,10/28/2014,0100,301,0, ,0, ,0, ,9.1, ,47.5, ,81, ,42.1, ,2, ,345, ,62.6, 
211,10/28/2014,0200,301,0, ,0, ,0, ,8.8, ,46.1, ,83, ,41.3, ,1.8, ,335, ,62.4, 
211,10/28/2014,0300,301,0, ,0, ,0, ,8.5, ,44.5, ,85, ,40.3, ,2.8, ,325, ,62.2, 
211,10/28/2014,0400,301,0, ,0, ,0, ,8.7, ,44.1, ,89, ,40.9, ,3.3, ,333, ,62, 
211,10/28/2014,0500,301,0, ,0, ,0, ,8.2, ,42.4, ,89, ,39.3, ,2.2, ,63, ,61.8, 
211,10/28/2014,0600,301,0, ,0, ,0, ,7.8, ,41.2, ,88, ,38, ,1.3, ,124, ,61.5, 
211,10/28/2014,0700,301,0, ,0, ,35, ,7.6, ,40.4, ,89, ,37.4, ,1.4, ,29, ,61.3, 
211,10/28/2014,0800,301,0, ,0, ,316, ,8.7, ,45.1, ,85, ,40.8, ,2.7, ,350, ,61.1, 
211,10/28/2014,0900,301,0.01, ,0, ,654, ,10.3, ,53.8, ,73, ,45.3, ,2.4, ,320, ,60.9, 
211,10/28/2014,1000,301,0.01, ,0, ,927, ,11.1, ,59.8, ,63, ,47.3, ,3.9, ,332, ,60.8, 
211,10/28/2014,1100,301,0.01, ,0, ,1126, ,11.9, ,65.4, ,56, ,49.1, ,6.7, ,315, ,60.9, 
211,10/28/2014,1200,301,0.02, ,0, ,1215, ,10.8, ,70.9, ,42, ,46.5, ,6.1, ,329, ,61.2, 
211,10/28/2014,1300,301,0.02, ,0, ,1199, ,10.3, ,73.9, ,36, ,45.2, ,5.2, ,315, ,61.5, 
211,10/28/2014,1400,301,0.02, ,0, ,1061, ,10.1, ,76.4, ,33, ,44.8, ,6.9, ,324, ,62, 
211,10/28/2014,1500,301,0.02, ,0, ,831, ,9.4, ,77.6, ,29, ,42.8, ,9.4, ,331, ,62.5, 
211,10/28/2014,1600,301,0.01, ,0, ,527, ,9.7, ,76.1, ,31, ,43.6, ,11.4, ,324, ,62.9, 
211,10/28/2014,1700,301,0.01, ,0, ,187, ,9.9, ,72.7, ,36, ,44.4, ,10.1, ,321, ,63.1, 
211,10/28/2014,1800,301,0, ,0, ,4, ,9.4, ,68.4, ,40, ,42.9, ,7.1, ,324, ,63.2, 
211,10/28/2014,1900,301,0, ,0, ,0, ,9.4, ,64.5, ,45, ,42.9, ,5.7, ,313, ,63.1, 
211,10/28/2014,2000,301,0, ,0, ,0, ,9.8, ,62.8, ,50, ,43.9, ,7.3, ,325, ,63.1, 
211,10/28/2014,2100,301,0, ,0, ,0, ,10.2, ,60, ,58, ,45.1, ,6.4, ,315, ,62.9, 
211,10/28/2014,2200,301,0, ,0, ,0, ,10.6, ,57.7, ,65, ,46.1, ,5.6, ,308, ,62.8, 
211,10/28/2014,2300,301,0, ,0, ,0, ,11.5, ,56.4, ,74, ,48.2, ,3.8, ,337, ,62.7, 
211,10/28/2014,2400,301,0, ,0, ,0, ,11.3, ,54.8, ,77, ,47.8, ,2.1, ,223, ,62.5, 
211,10/29/2014,0100,302,0, ,0, ,0, ,10.1, ,51.5, ,78, ,44.8, ,2.4, ,313, ,62.3, 
211,10/29/2014,0200,302,0, ,0, ,0, ,9.2, ,49.2, ,77, ,42.5, ,3.2, ,326, ,62.2, 
211,10/29/2014,0300,302,0, ,0, ,0, ,9.3, ,47.9, ,82, ,42.8, ,3.5, ,331, ,62, 
211,10/29/2014,0400,302,0, ,0, ,0, ,8.8, ,46.3, ,83, ,41.3, ,2, ,342, ,61.8, 
211,10/29/2014,0500,302,0, ,0, ,0, ,8.6, ,44.9, ,84, ,40.5, ,2, ,172, ,61.6, 
211,10/29/2014,0600,302,0, ,0, ,0, ,8.2, ,43.7, ,84, ,39.3, ,2.3, ,330, ,61.5, 
211,10/29/2014,0700,302,0, ,0, ,31, ,8.2, ,43.7, ,85, ,39.4, ,2.6, ,318, ,61.3, 
211,10/29/2014,0800,302,0, ,0, ,316, ,9.8, ,49.5, ,81, ,43.9, ,2.8, ,318, ,61.1, 
211,10/29/2014,0900,302,0.01, ,0, ,630, ,10.9, ,58.8, ,64, ,46.7, ,2.8, ,338, ,60.9, 
211,10/29/2014,1000,302,0.01, ,0, ,910, ,11.5, ,66.4, ,52, ,48.2, ,2.3, ,309, ,60.9, 
211,10/29/2014,1100,302,0.01, ,0, ,1108, ,11.2, ,72.1, ,42, ,47.6, ,3.3, ,295, ,61, 
211,10/29/2014,1200,302,0.02, ,0, ,1205, ,11.2, ,76.5, ,36, ,47.6, ,3.3, ,300, ,61.3, 
211,10/29/2014,1300,302,0.02, ,0, ,1187, ,11, ,79.9, ,31, ,47, ,3.4, ,252, ,61.8, 
211,10/29/2014,1400,302,0.02, ,0, ,1053, ,13, ,77.9, ,40, ,51.6, ,4, ,295, ,62.4, 
211,10/29/2014,1500,302,0.01, ,0, ,822, ,13.3, ,78.6, ,40, ,52.2, ,4.2, ,305, ,63.2, 
211,10/29/2014,1600,302,0.01, ,0, ,521, ,13.1, ,78.2, ,40, ,51.7, ,5.6, ,332, ,64.1, 
211,10/29/2014,1700,302,0, ,0, ,183, ,11.7, ,78.6, ,35, ,48.7, ,6.4, ,335, ,64.9, 
211,10/29/2014,1800,302,0,Y,0, ,4, ,10.6, ,74.7,Y,36,Y,46.1,Y,4.6, ,345, ,65.3, 
211,10/29/2014,1900,302,0,Y,0, ,0, ,11.3, ,70.7,Y,44,Y,47.7,Y,5.3, ,312, ,65.3, 
211,10/29/2014,2000,302,0,Y,0, ,0, ,11.3, ,66.6,Y,51,Y,47.8,Y,4.2, ,320, ,65.2, 
211,10/29/2014,2100,302,0,Y,0, ,0, ,11.1, ,63.6,Y,55,Y,47.4,Y,3.6, ,298, ,65, 
211,10/29/2014,2200,302,0, ,0, ,0, ,10.8, ,60.8, ,59, ,46.5, ,3.5, ,317, ,64.8, 
211,10/29/2014,2300,302,0, ,0, ,0, ,10.5, ,57.6, ,64, ,45.7, ,2.1, ,306, ,64.6, 
211,10/29/2014,2400,302,0, ,0, ,0, ,9.8, ,54.7, ,67, ,43.9, ,2.4, ,318, ,64.3, 
211,10/30/2014,0100,303,0, ,0, ,0, ,9.8, ,54.1, ,69, ,44.1, ,2.3, ,305, ,64.1, 
211,10/30/2014,0200,303,0, ,0, ,0, ,9.3, ,50.9, ,73, ,42.5, ,1.3, ,230, ,63.8, 
211,10/30/2014,0300,303,0, ,0, ,0, ,8.9, ,49.7, ,73, ,41.5, ,1.9, ,335, ,63.6, 
211,10/30/2014,0400,303,0, ,0, ,0, ,9.4, ,50.5, ,75, ,42.9, ,1.7, ,314, ,63.3, 
211,10/30/2014,0500,303,0, ,0, ,0, ,9.2, ,49.9, ,75, ,42.3, ,1.9, ,353, ,63.1, 
211,10/30/2014,0600,303,0, ,0, ,0, ,9.5, ,49.9, ,78, ,43.2, ,1.9, ,300, ,62.9, 
211,10/30/2014,0700,303,0, ,0, ,16, ,9.4, ,49.7, ,77, ,42.8, ,1.8, ,344, ,62.7, 
211,10/30/2014,0800,303,0, ,0, ,152, ,9.7, ,51.3, ,76, ,43.9, ,2.2, ,337, ,62.5, 
211,10/30/2014,0900,303,0, ,0, ,350, ,10.7, ,56.7, ,68, ,46.4, ,2.6, ,146, ,62.3, 
211,10/30/2014,1000,303,0.01, ,0, ,599, ,11.2, ,61.4, ,60, ,47.6, ,3.6, ,160, ,62.3, 
211,10/30/2014,1100,303,0.01, ,0, ,797, ,11.3, ,67.5, ,49, ,47.7, ,3.8, ,158, ,62.3, 
211,10/30/2014,1200,303,0.02, ,0, ,1194, ,10.5, ,74.5, ,36, ,45.9, ,2.8, ,123, ,62.5, 
211,10/30/2014,1300,303,0.01, ,0, ,801, ,9.6, ,78.1, ,29, ,43.5, ,2.9, ,194, ,62.8, 
211,10/30/2014,1400,303,0.01, ,0, ,670, ,10.5, ,75, ,35, ,45.8, ,8.8, ,268, ,63.3, 
211,10/30/2014,1500,303,0.01, ,0, ,495, ,10.8, ,70.8, ,42, ,46.5, ,11.6, ,315, ,63.8, 
211,10/30/2014,1600,303,0.01, ,0, ,228, ,10.6, ,70.4, ,42, ,46.1, ,6.9, ,294, ,64, 
211,10/30/2014,1700,303,0, ,0, ,188, ,13, ,67.7, ,56, ,51.5, ,5.5, ,153, ,64.1, 
211,10/30/2014,1800,303,0, ,0, ,6, ,13.7, ,63.3, ,69, ,53, ,5.6, ,154, ,64.1, 
211,10/30/2014,1900,303,0, ,0, ,0, ,13.9, ,61.7, ,74, ,53.4, ,5.2, ,79, ,64, 
211,10/30/2014,2000,303,0, ,0, ,0, ,14, ,60.7, ,77, ,53.6, ,6, ,106, ,63.9, 
211,10/30/2014,2100,303,0, ,0, ,0, ,14.2, ,59.5, ,82, ,53.9, ,4.7, ,129, ,63.8, 
211,10/30/2014,2200,303,0, ,0, ,0, ,13.5, ,57.8, ,83, ,52.6, ,3.8, ,75, ,63.7, 
211,10/30/2014,2300,303,0, ,0, ,0, ,12.7, ,55.4, ,85, ,51, ,3, ,8, ,63.6, 
211,10/30/2014,2400,303,0, ,0, ,0, ,13, ,56.1, ,85, ,51.5, ,1.9, ,325, ,63.4, 
211,10/31/2014,0100,304,0, ,0, ,0, ,13.6, ,57.7, ,84, ,52.7, ,2.6, ,171, ,63.3, 
211,10/31/2014,0200,304,0, ,0, ,0, ,13.6, ,57.6, ,84, ,52.8, ,2.2, ,135, ,63.2, 
211,10/31/2014,0300,304,0,Y,0, ,0, ,14, ,58.8,Y,83,Y,53.6,Y,2.8, ,141, ,63.1, 
211,10/31/2014,0400,304,0,Y,0, ,0, ,14.2, ,58.7,Y,85,Y,54,Y,3.6, ,150, ,63.1, 
211,10/31/2014,0500,304,0, ,0, ,0, ,14.1, ,57.7, ,87, ,53.8, ,5.6, ,147, ,63.1, 
211,10/31/2014,0600,304,0, ,0, ,0, ,13.5, ,56.4, ,87, ,52.6, ,4.9, ,172, ,63, 
211,10/31/2014,0700,304,0, ,0, ,9, ,13.1, ,55.7, ,87, ,51.8, ,3.6, ,345, ,62.9, 
211,10/31/2014,0800,304,0,Y,0, ,220, ,14.3, ,58.4,Y,85,Y,54.1,Y,2.7, ,130, ,62.9, 
211,10/31/2014,0900,304,0, ,0, ,359, ,14.8, ,62.1, ,78, ,55.1, ,2.9, ,28, ,62.8, 
211,10/31/2014,1000,304,0, ,0, ,414, ,15, ,63.9, ,74, ,55.5, ,3.4, ,10, ,62.9, 
211,10/31/2014,1100,304,0.01, ,0, ,716, ,15.6, ,65.7, ,72, ,56.4, ,3.7, ,344, ,63, 
211,10/31/2014,1200,304,0, ,0, ,284, ,15, ,65, ,71, ,55.4, ,6.5, ,329, ,63.2, 
211,10/31/2014,1300,304,0, ,0.02, ,205, ,14.8, ,63.7, ,73, ,55, ,5.2, ,287, ,63.5, 
211,10/31/2014,1400,304,0, ,0.06, ,121, ,15.7, ,60.8, ,86, ,56.7, ,6.2, ,326, ,63.7, 
211,10/31/2014,1500,304,0, ,0.08, ,51, ,15.5, ,59.2, ,90, ,56.3, ,4, ,20, ,63.8, 
211,10/31/2014,1600,304,0, ,0.18, ,12, ,15.2, ,58.4, ,91, ,55.8, ,4.1, ,107, ,63.8, 
211,10/31/2014,1700,304,0, ,0.03, ,5, ,14.9, ,57.6, ,92, ,55.2, ,5, ,170, ,63.8, 
211,10/31/2014,1800,304,0, ,0.02, ,0, ,14.4, ,56.6, ,92, ,54.3, ,3.6, ,349, ,63.7, 
211,10/31/2014,1900,304,0, ,0.05, ,0, ,13.5, ,55.5, ,90, ,52.6, ,3, ,337, ,63.6, 
211,10/31/2014,2000,304,0, ,0.04, ,0, ,13.6, ,55.1, ,92, ,52.7, ,3.8, ,344, ,63.5, 
211,10/31/2014,2100,304,0, ,0.01, ,0, ,13.6, ,55.1, ,92, ,52.8, ,2.6, ,189, ,63.3, 
211,10/31/2014,2200,304,0, ,0.01, ,0, ,13.6, ,55, ,92, ,52.8, ,3.2, ,62, ,63.2, 
211,10/31/2014,2300,304,0, ,0, ,0, ,13.3, ,54.2, ,92, ,52.1, ,3.8, ,146, ,63.1, 
211,10/31/2014,2400,304,0, ,0, ,0, ,12.8, ,53.2, ,93, ,51.1, ,4.5, ,135, ,63, 
211,11/1/2014,0100,305,0, ,0, ,0, ,12.9, ,53.4, ,92, ,51.2, ,4.1, ,154, ,62.9, 
211,11/1/2014,0200,305,0, ,0, ,0, ,12.7, ,53.4, ,91, ,50.9, ,5.3, ,145, ,62.8, 
211,11/1/2014,0300,305,0, ,0, ,0, ,12.7, ,53.3, ,92, ,50.9, ,2.8, ,211, ,62.7, 
211,11/1/2014,0400,305,0, ,0, ,0, ,12.7, ,52.8, ,93, ,50.9, ,2.1, ,281, ,62.6, 
211,11/1/2014,0500,305,0, ,0.01, ,0, ,12, ,52.7, ,89, ,49.4, ,2.8, ,251, ,62.5, 
211,11/1/2014,0600,305,0, ,0.12, ,0, ,11.8, ,52.1, ,89, ,48.9, ,3.5, ,332, ,62.4, 
211,11/1/2014,0700,305,0, ,0.06, ,4, ,11.9, ,51.7, ,91, ,49, ,3.3, ,108, ,62.3, 
211,11/1/2014,0800,305,0, ,0, ,79, ,11.8, ,51.3, ,92, ,49, ,5.2, ,132, ,62.2, 
211,11/1/2014,0900,305,0, ,0, ,429, ,12.2, ,53.1, ,88, ,49.7, ,4.7, ,133, ,62, 
211,11/1/2014,1000,305,0.01, ,0, ,545, ,12.1, ,55.6, ,80, ,49.6, ,4.9, ,153, ,61.9, 
211,11/1/2014,1100,305,0.01, ,0, ,750, ,12.4, ,56.9, ,78, ,50.2, ,5.7, ,163, ,61.9, 
211,11/1/2014,1200,305,0.01, ,0, ,982, ,12.6, ,59, ,74, ,50.6, ,5, ,169, ,62, 
211,11/1/2014,1300,305,0.01, ,0, ,594, ,12.2, ,59.6, ,70, ,49.8, ,3.1, ,37, ,62.3, 
211,11/1/2014,1400,305,0, ,0.02, ,305, ,12.2, ,59.4, ,70, ,49.8, ,4, ,341, ,62.6, 
211,11/1/2014,1500,305,0, ,0, ,72, ,12.9, ,56.3, ,83, ,51.2, ,4.4, ,206, ,62.9, 
211,11/1/2014,1600,305,0, ,0, ,131, ,13.1, ,57.3, ,82, ,51.7, ,2.7, ,281, ,63, 
211,11/1/2014,1700,305,0, ,0, ,71, ,12.2, ,57.5, ,76, ,49.9, ,3.4, ,342, ,63.1, 
211,11/1/2014,1800,305,0, ,0, ,1, ,12.5, ,55.8, ,82, ,50.4, ,3.5, ,291, ,63, 
211,11/1/2014,1900,305,0, ,0, ,0, ,12.3, ,54, ,87, ,50.1, ,2.1, ,266, ,62.9, 
211,11/1/2014,2000,305,0, ,0, ,0, ,11.6, ,51.4, ,89, ,48.4, ,1.5, ,321, ,62.8, 
211,11/1/2014,2100,305,0, ,0, ,0, ,10.8, ,48.8, ,92, ,46.5, ,2.4, ,340, ,62.7, 
211,11/1/2014,2200,305,0, ,0, ,0, ,10.7, ,48.7, ,91, ,46.2, ,1.4, ,175, ,62.4, 
211,11/1/2014,2300,305,0, ,0, ,0, ,10.5, ,47.9, ,92, ,45.8, ,1.6, ,312, ,62.2, 
211,11/1/2014,2400,305,0, ,0, ,0, ,10.7, ,48.4, ,93, ,46.4, ,2.4, ,319, ,62, 
211,11/2/2014,0100,306,0, ,0, ,0, ,10.8, ,48.5, ,93, ,46.5, ,1.9, ,309, ,61.8, 
211,11/2/2014,0200,306,0, ,0, ,0, ,10.4, ,47.6, ,92, ,45.5, ,2, ,323, ,61.6, 
211,11/2/2014,0300,306,0, ,0, ,0, ,10.4, ,47.5, ,93, ,45.7, ,2.1, ,310, ,61.5, 
211,11/2/2014,0400,306,0, ,0, ,0, ,10.6, ,48, ,93, ,46, ,2.3, ,279, ,61.3, 
211,11/2/2014,0500,306,0, ,0, ,0, ,10.5, ,47.9, ,93, ,45.9, ,2.6, ,304, ,61.2, 
211,11/2/2014,0600,306,0, ,0, ,0, ,10.5, ,48, ,92, ,45.9, ,1.5, ,182, ,61.1, 
211,11/2/2014,0700,306,0, ,0, ,14, ,10.2, ,46.9, ,93, ,45, ,2.2, ,162, ,61.1, 
211,11/2/2014,0800,306,0, ,0, ,225, ,10.8, ,48.3, ,94, ,46.7, ,1.4, ,338, ,61, 
211,11/2/2014,0900,306,0, ,0, ,509, ,11.9, ,53.5, ,85, ,49.2, ,1.6, ,36, ,60.9, 
211,11/2/2014,1000,306,0.01, ,0, ,727, ,12.4, ,57, ,78, ,50.2, ,3.2, ,330, ,60.8, 
211,11/2/2014,1100,306,0.01, ,0, ,888, ,12.7, ,59.4, ,73, ,50.8, ,4.3, ,297, ,60.9, 
211,11/2/2014,1200,306,0.01, ,0, ,998, ,12.7, ,62.4, ,66, ,50.9, ,4.1, ,256, ,61.1, 
211,11/2/2014,1300,306,0.01, ,0, ,807, ,12.4, ,65.1, ,59, ,50.3, ,7.3, ,339, ,61.4, 
211,11/2/2014,1400,306,0.01, ,0, ,837, ,11.5, ,66, ,53, ,48.2, ,8.7, ,327, ,61.9, 
211,11/2/2014,1500,306,0.01, ,0, ,650, ,10.6, ,66.2, ,48, ,46.1, ,7.7, ,305, ,62.3, 
211,11/2/2014,1600,306,0.01, ,0, ,412, ,10.6, ,65.7, ,49, ,46.1, ,10.8, ,325, ,62.6, 
211,11/2/2014,1700,306,0, ,0, ,138, ,10.6, ,62.2, ,56, ,46.2, ,11.7, ,324, ,62.8, 
211,11/2/2014,1800,306,0, ,0, ,2, ,10.7, ,58.5, ,64, ,46.2, ,5.1, ,324, ,62.8, 
211,11/2/2014,1900,306,0, ,0, ,0, ,10.3, ,55.9, ,68, ,45.4, ,3.2, ,282, ,62.7, 
211,11/2/2014,2000,306,0, ,0, ,0, ,10, ,54.7, ,69, ,44.6, ,4.3, ,292, ,62.5, 
211,11/2/2014,2100,306,0, ,0, ,0, ,9.9, ,51, ,78, ,44.3, ,5.2, ,328, ,62.3, 
211,11/2/2014,2200,306,0, ,0, ,0, ,9.8, ,49.3, ,82, ,44, ,2.8, ,350, ,62.1, 
211,11/2/2014,2300,306,0, ,0, ,0, ,9.5, ,48, ,83, ,43.1, ,2.2, ,317, ,61.9, 
211,11/2/2014,2400,306,0, ,0, ,0, ,9.4, ,46, ,88, ,42.8, ,2.4, ,229, ,61.6, 
211,11/3/2014,0100,307,0, ,0, ,0, ,8.9, ,44.4, ,90, ,41.6, ,1.8, ,93, ,61.4, 
211,11/3/2014,0200,307,0, ,0, ,0, ,8.8, ,43.5, ,92, ,41.3, ,1.9, ,302, ,61.1, 
211,11/3/2014,0300,307,0, ,0, ,0, ,8.5, ,42.3, ,93, ,40.3, ,2.3, ,331, ,60.9, 
211,11/3/2014,0400,307,0, ,0, ,0, ,8.4, ,41.9, ,93, ,40.1, ,2.5, ,314, ,60.6, 
211,11/3/2014,0500,307,0, ,0, ,0, ,8, ,40.6, ,93, ,38.8, ,2.7, ,325, ,60.4, 
211,11/3/2014,0600,307,0, ,0, ,0, ,7.7, ,39.5, ,94, ,37.8, ,1.7, ,339, ,60.2, 
211,11/3/2014,0700,307,0, ,0, ,26, ,7.6, ,39, ,94, ,37.3, ,1.6, ,330, ,59.9, 
211,11/3/2014,0800,307,0, ,0, ,196, ,8.4, ,41.4, ,95, ,40, ,1.5, ,335, ,59.7, 
211,11/3/2014,0900,307,0, ,0, ,515, ,10.4, ,48.4, ,90, ,45.6, ,2.2, ,114, ,59.5, 
211,11/3/2014,1000,307,0.01, ,0, ,758, ,10.7, ,52.7, ,79, ,46.3, ,2.5, ,119, ,59.4, 
211,11/3/2014,1100,307,0.01, ,0, ,901, ,11.2, ,58.2, ,67, ,47.5, ,2.4, ,137, ,59.5, 
211,11/3/2014,1200,307,0.01, ,0, ,976, ,11.3, ,63.1, ,57, ,47.8, ,2.4, ,48, ,59.7, 
211,11/3/2014,1300,307,0.01, ,0, ,883, ,10.1, ,65.5, ,47, ,44.8, ,4.1, ,313, ,60, 
211,11/3/2014,1400,307,0.01, ,0, ,837, ,9.8, ,68.7, ,41, ,43.9, ,3.1, ,295, ,60.5, 
211,11/3/2014,1500,307,0.01, ,0, ,638, ,9.6, ,69.2, ,40, ,43.6, ,3.5, ,139, ,61.1, 
211,11/3/2014,1600,307,0.01, ,0, ,317, ,10.2, ,67.7, ,44, ,45, ,5.7, ,178, ,61.6, 
211,11/3/2014,1700,307,0, ,0, ,70, ,10.7, ,64.9, ,51, ,46.3, ,3.8, ,200, ,62, 
211,11/3/2014,1800,307,0, ,0, ,1, ,11.8, ,59.5, ,68, ,48.9, ,2.8, ,90, ,62.1, 
211,11/3/2014,1900,307,0, ,0, ,0, ,11.4, ,56.1, ,74, ,48, ,2.1, ,128, ,62.1, 
211,11/3/2014,2000,307,0, ,0, ,0, ,11.3, ,53.9, ,79, ,47.7, ,2, ,318, ,62, 
211,11/3/2014,2100,307,0, ,0, ,0, ,11, ,53, ,80, ,47, ,4, ,300, ,61.8, 
211,11/3/2014,2200,307,0, ,0, ,0, ,10.1, ,50.3, ,81, ,44.7, ,3.3, ,343, ,61.6, 
211,11/3/2014,2300,307,0, ,0, ,0, ,9.8, ,48.7, ,84, ,44.1, ,2.7, ,321, ,61.4, 
211,11/3/2014,2400,307,0, ,0, ,0, ,9.6, ,46.9, ,88, ,43.4, ,2.1, ,157, ,61.2, 
211,11/4/2014,0100,308,0, ,0, ,0, ,9.2, ,45.1, ,89, ,42.2, ,2.6, ,329, ,60.9, 
211,11/4/2014,0200,308,0, ,0, ,0, ,8.9, ,43.7, ,91, ,41.4, ,2.3, ,337, ,60.7, 
211,11/4/2014,0300,308,0, ,0, ,0, ,8.7, ,43, ,92, ,40.8, ,1.8, ,301, ,60.5, 
211,11/4/2014,0400,308,0, ,0, ,0, ,8.3, ,41.7, ,93, ,39.8, ,2.5, ,340, ,60.3, 
211,11/4/2014,0500,308,0, ,0, ,0, ,8.1, ,40.9, ,93, ,39, ,1.4, ,349, ,60, 
211,11/4/2014,0600,308,0, ,0, ,0, ,8, ,40.5, ,93, ,38.8, ,1.5, ,219, ,59.8, 
211,11/4/2014,0700,308,0, ,0, ,14, ,7.8, ,39.7, ,94, ,38.1, ,2.2, ,354, ,59.6, 
211,11/4/2014,0800,308,0, ,0, ,205, ,9.4, ,44.2, ,95, ,42.8, ,2, ,322, ,59.4, 
211,11/4/2014,0900,308,0, ,0, ,469, ,10.8, ,49.8, ,88, ,46.5, ,2.5, ,120, ,59.3, 
211,11/4/2014,1000,308,0.01, ,0, ,737, ,10.9, ,54.8, ,75, ,46.9, ,2.2, ,118, ,59.2, 
211,11/4/2014,1100,308,0.01, ,0, ,819, ,12.1, ,61.1, ,66, ,49.6, ,3, ,325, ,59.3, 
211,11/4/2014,1200,308,0.01, ,0, ,943, ,12.2, ,65.2, ,57, ,49.8, ,4.9, ,307, ,59.5, 
211,11/4/2014,1300,308,0.01, ,0, ,908, ,11.5, ,69.7, ,46, ,48.1, ,3.4, ,343, ,59.9, 
211,11/4/2014,1400,308,0.01, ,0, ,777, ,11.4, ,71.1, ,44, ,48, ,4, ,302, ,60.4, 
211,11/4/2014,1500,308,0.01, ,0, ,629, ,10.9, ,72.9, ,40, ,46.9, ,3.7, ,283, ,60.9, 
211,11/4/2014,1600,308,0.01, ,0, ,368, ,10.1, ,71.8, ,38, ,44.8, ,7.9, ,331, ,61.5, 
211,11/4/2014,1700,308,0, ,0, ,127, ,11.2, ,68.9, ,46, ,47.4, ,7.4, ,334, ,61.8, 
211,11/4/2014,1800,308,0, ,0, ,2, ,11.4, ,64.7, ,55, ,48.1, ,3.2, ,6, ,62, 
211,11/4/2014,1900,308,0, ,0, ,0, ,10.4, ,62.3, ,54, ,45.5, ,2.7, ,111, ,62, 
211,11/4/2014,2000,308,0, ,0, ,0, ,11, ,57.7, ,68, ,47.1, ,2.7, ,316, ,61.9, 
211,11/4/2014,2100,308,0, ,0, ,0, ,11.3, ,56, ,74, ,47.7, ,3.6, ,303, ,61.7, 
211,11/4/2014,2200,308,0, ,0, ,0, ,11, ,54.4, ,76, ,47, ,3, ,324, ,61.6, 
211,11/4/2014,2300,308,0, ,0, ,0, ,10.6, ,51.6, ,82, ,46.2, ,2.1, ,349, ,61.4, 
211,11/4/2014,2400,308,0, ,0, ,0, ,10.5, ,49.9, ,86, ,45.9, ,1.9, ,252, ,61.2, 
211,11/5/2014,0100,309,0, ,0, ,0, ,10, ,48.1, ,88, ,44.6, ,2.2, ,321, ,61, 
211,11/5/2014,0200,309,0, ,0, ,0, ,9.6, ,46.5, ,89, ,43.6, ,2.3, ,333, ,60.8, 
211,11/5/2014,0300,309,0, ,0, ,0, ,9.7, ,46.4, ,90, ,43.6, ,3, ,326, ,60.6, 
211,11/5/2014,0400,309,0, ,0, ,0, ,9.5, ,45.9, ,90, ,43.1, ,3.3, ,328, ,60.4, 
211,11/5/2014,0500,309,0, ,0, ,0, ,9.4, ,45.5, ,91, ,43, ,2.8, ,302, ,60.2, 
211,11/5/2014,0600,309,0, ,0, ,0, ,9, ,44.3, ,90, ,41.7, ,2.4, ,56, ,60, 
211,11/5/2014,0700,309,0, ,0, ,14, ,8.6, ,42.9, ,92, ,40.7, ,2.3, ,349, ,59.8, 
211,11/5/2014,0800,309,0, ,0, ,224, ,10, ,47.9, ,88, ,44.4, ,4.4, ,322, ,59.7, 
211,11/5/2014,0900,309,0, ,0, ,484, ,11.1, ,56.1, ,72, ,47.3, ,4.7, ,322, ,59.5, 
211,11/5/2014,1000,309,0.01, ,0, ,708, ,11.9, ,63.7, ,59, ,49.2, ,4, ,311, ,59.5, 
211,11/5/2014,1100,309,0.01, ,0, ,867, ,11.7, ,68.7, ,49, ,48.8, ,3.8, ,306, ,59.6, 
211,11/5/2014,1200,309,0.01, ,0, ,946, ,11.3, ,73.4, ,40, ,47.7, ,3.2, ,219, ,59.8, 
211,11/5/2014,1300,309,0.01, ,0, ,930, ,11, ,76.1, ,36, ,47.1, ,4.6, ,200, ,60.2, 
211,11/5/2014,1400,309,0.01, ,0, ,825, ,9.5, ,79.5, ,28, ,43.1, ,3.4, ,188, ,60.8, 
211,11/5/2014,1500,309,0.01, ,0, ,638, ,8.8, ,81.8, ,24, ,41.2, ,2.7, ,173, ,61.4, 
211,11/5/2014,1600,309,0.01, ,0, ,398, ,9.9, ,79.9, ,28, ,44.2, ,5, ,217, ,61.9, 
211,11/5/2014,1700,309,0, ,0, ,127, ,10.7, ,75.5, ,35, ,46.3, ,4.9, ,204, ,62.3, 
211,11/5/2014,1800,309,0,Y,0, ,1, ,11.7, ,68.7,Y,49,Y,48.6,Y,3.8, ,191, ,62.5, 
211,11/5/2014,1900,309,0, ,0, ,0, ,11.7, ,63.3, ,59, ,48.7, ,2.5, ,85, ,62.5, 
211,11/5/2014,2000,309,0, ,0, ,0, ,11.4, ,60.3, ,64, ,48.1, ,3.3, ,174, ,62.4, 
211,11/5/2014,2100,309,0, ,0, ,0, ,11.1, ,57.8, ,68, ,47.3, ,3, ,158, ,62.3, 
211,11/5/2014,2200,309,0, ,0, ,0, ,11, ,55.1, ,74, ,47.1, ,1.8, ,314, ,62.1, 
211,11/5/2014,2300,309,0, ,0, ,0, ,10.7, ,52.5, ,80, ,46.4, ,2.2, ,322, ,61.9, 
211,11/5/2014,2400,309,0, ,0, ,0, ,10.5, ,50.8, ,83, ,45.9, ,2.1, ,320, ,61.7, 
211,11/6/2014,0100,310,0, ,0, ,0, ,10.2, ,49, ,86, ,45.1, ,1.8, ,225, ,61.4, 
211,11/6/2014,0200,310,0, ,0, ,0, ,9.8, ,47.4, ,88, ,44, ,1.6, ,346, ,61.2, 
211,11/6/2014,0300,310,0, ,0, ,0, ,9.6, ,46.4, ,90, ,43.6, ,1.4, ,2, ,61, 
211,11/6/2014,0400,310,0, ,0, ,0, ,9.7, ,46.3, ,91, ,43.8, ,2.4, ,292, ,60.7, 
211,11/6/2014,0500,310,0, ,0, ,0, ,9.7, ,46.4, ,91, ,43.9, ,2.5, ,302, ,60.5, 
211,11/6/2014,0600,310,0, ,0, ,0, ,9.5, ,45.7, ,91, ,43.2, ,3.7, ,320, ,60.3, 
211,11/6/2014,0700,310,0, ,0, ,13, ,9.5, ,45.6, ,91, ,43.1, ,3.1, ,338, ,60.2, 
211,11/6/2014,0800,310,0, ,0, ,209, ,10.3, ,48.5, ,88, ,45.2, ,3, ,274, ,60, 
211,11/6/2014,0900,310,0, ,0, ,491, ,11.9, ,56.8, ,75, ,49, ,3.3, ,351, ,59.8, 
211,11/6/2014,1000,310,0.01, ,0, ,737, ,13, ,62.4, ,67, ,51.5, ,3.7, ,147, ,59.8, 
211,11/6/2014,1100,310,0.01, ,0, ,750, ,14, ,66.9, ,62, ,53.5, ,4.2, ,163, ,59.9, 
211,11/6/2014,1200,310,0.01, ,0, ,690, ,14, ,70.4, ,55, ,53.6, ,4.2, ,186, ,60.2, 
211,11/6/2014,1300,310,0.01, ,0, ,812, ,13.5, ,74.4, ,47, ,52.6, ,3.1, ,163, ,60.5, 
211,11/6/2014,1400,310,0.01, ,0, ,735, ,12.5, ,78.1, ,38, ,50.4, ,3.2, ,226, ,61, 
211,11/6/2014,1500,310,0.01, ,0, ,602, ,11, ,80.3, ,31, ,46.9, ,3.2, ,310, ,61.5, 
211,11/6/2014,1600,310,0.01, ,0, ,377, ,11.3, ,78.4, ,34, ,47.9, ,6.4, ,325, ,62, 
211,11/6/2014,1700,310,0.01, ,0, ,111, ,11.5, ,72.6, ,42, ,48.3, ,10.5, ,332, ,62.4, 
211,11/6/2014,1800,310,0, ,0, ,2, ,12.5, ,67.4, ,55, ,50.4, ,9.4, ,320, ,62.6, 
211,11/6/2014,1900,310,0, ,0, ,0, ,13.5, ,63, ,69, ,52.5, ,5.9, ,319, ,62.6, 
211,11/6/2014,2000,310,0, ,0, ,0, ,13.7, ,60.5, ,76, ,53, ,5.6, ,325, ,62.5, 
211,11/6/2014,2100,310,0, ,0, ,0, ,13.5, ,58.4, ,81, ,52.5, ,4.9, ,330, ,62.4, 
211,11/6/2014,2200,310,0, ,0, ,0, ,13.3, ,57.2, ,83, ,52.2, ,4.7, ,349, ,62.2, 
211,11/6/2014,2300,310,0, ,0, ,0, ,13.4, ,56.8, ,85, ,52.3, ,4.9, ,331, ,62, 
211,11/6/2014,2400,310,0, ,0, ,0, ,13, ,55.2, ,88, ,51.6, ,4.4, ,331, ,61.9, 
211,11/7/2014,0100,311,0, ,0, ,0, ,13.3, ,55.6, ,88, ,52.1, ,5.8, ,334, ,61.7, 
211,11/7/2014,0200,311,0, ,0, ,0, ,12.5, ,53.1, ,91, ,50.4, ,3.4, ,319, ,61.6, 
211,11/7/2014,0300,311,0, ,0, ,0, ,11.6, ,50.5, ,92, ,48.4, ,2.4, ,336, ,61.4, 
211,11/7/2014,0400,311,0, ,0, ,0, ,12.7, ,52.6, ,94, ,51, ,4.6, ,335, ,61.3, 
211,11/7/2014,0500,311,0, ,0, ,0, ,12.8, ,52.6, ,95, ,51.2, ,4.4, ,344, ,61.1, 
211,11/7/2014,0600,311,0, ,0, ,0, ,12.9, ,52.6, ,96, ,51.4, ,3.6, ,349, ,61, 
211,11/7/2014,0700,311,0, ,0, ,6, ,12.6, ,51.9, ,96, ,50.7, ,2.8, ,32, ,61, 
211,11/7/2014,0800,311,0, ,0, ,87, ,12, ,50.5, ,96, ,49.3, ,2.2, ,168, ,61, 
211,11/7/2014,0900,311,0, ,0, ,259, ,12.7, ,52, ,96, ,50.9, ,1.7, ,308, ,60.9, 
211,11/7/2014,1000,311,0.01, ,0, ,684, ,14.6, ,55.8, ,96, ,54.7, ,1.9, ,320, ,61, 
211,11/7/2014,1100,311,0.01, ,0, ,855, ,16, ,63.9, ,79, ,57.1, ,3.8, ,319, ,61.1, 
211,11/7/2014,1200,311,0.01, ,0, ,931, ,14.6, ,71.8, ,55, ,54.6, ,7.5, ,334, ,61.3, 
211,11/7/2014,1300,311,0.01, ,0, ,911, ,13.6, ,74.2, ,47, ,52.7, ,9.5, ,329, ,61.6, 
211,11/7/2014,1400,311,0.01, ,0, ,800, ,13.4, ,75.1, ,45, ,52.4, ,9.8, ,327, ,62, 
211,11/7/2014,1500,311,0.01, ,0, ,617, ,13.9, ,75.7, ,46, ,53.3, ,9.1, ,329, ,62.4, 
211,11/7/2014,1600,311,0.01, ,0, ,389, ,14, ,75, ,47, ,53.5, ,9.3, ,325, ,62.7, 
211,11/7/2014,1700,311,0, ,0, ,118, ,14, ,71.4, ,53, ,53.6, ,9.7, ,324, ,62.9, 
211,11/7/2014,1800,311,0, ,0, ,1, ,14.5, ,67.2, ,63, ,54.4, ,8.4, ,326, ,63, 
211,11/7/2014,1900,311,0, ,0, ,0, ,14.2, ,64.6, ,68, ,54, ,8.4, ,326, ,63, 
211,11/7/2014,2000,311,0, ,0, ,0, ,14.3, ,62, ,75, ,54.1, ,7.1, ,330, ,62.9, 
211,11/7/2014,2100,311,0, ,0, ,0, ,14.6, ,61.3, ,79, ,54.8, ,7.3, ,329, ,62.7, 
211,11/7/2014,2200,311,0, ,0, ,0, ,13.9, ,58.1, ,84, ,53.4, ,3.9, ,329, ,62.6, 
211,11/7/2014,2300,311,0, ,0, ,0, ,12.8, ,55.3, ,86, ,51.2, ,1.9, ,352, ,62.5, 
211,11/7/2014,2400,311,0, ,0, ,0, ,12.3, ,53.4, ,88, ,50, ,2.6, ,311, ,62.3, 
211,11/8/2014,0100,312,0, ,0, ,0, ,11.6, ,51.2, ,90, ,48.4, ,2.8, ,335, ,62.1, 
211,11/8/2014,0200,312,0, ,0, ,0, ,11.7, ,50.9, ,92, ,48.6, ,3.7, ,309, ,61.9, 
211,11/8/2014,0300,312,0, ,0, ,0, ,10.7, ,48.7, ,92, ,46.4, ,1.6, ,327, ,61.7, 
211,11/8/2014,0400,312,0, ,0, ,0, ,10.3, ,47.2, ,93, ,45.2, ,1.5, ,313, ,61.5, 
211,11/8/2014,0500,312,0, ,0, ,0, ,9.9, ,46.2, ,93, ,44.4, ,2, ,325, ,61.3, 
211,11/8/2014,0600,312,0, ,0, ,0, ,9.4, ,44.7, ,94, ,43, ,1.3, ,12, ,61.1, 
211,11/8/2014,0700,312,0, ,0, ,10, ,9.7, ,45.4, ,94, ,43.8, ,3.2, ,328, ,60.8, 
211,11/8/2014,0800,312,0, ,0, ,210, ,11.2, ,49.1, ,94, ,47.5, ,2.2, ,324, ,60.6, 
211,11/8/2014,0900,312,0, ,0, ,468, ,12.8, ,55.8, ,84, ,51.2, ,2.6, ,149, ,60.5, 
211,11/8/2014,1000,312,0.01, ,0, ,653, ,13.5, ,61.8, ,72, ,52.5, ,1.9, ,77, ,60.4, 
211,11/8/2014,1100,312,0.01, ,0, ,782, ,14.6, ,68.9, ,61, ,54.8, ,3, ,333, ,60.4, 
211,11/8/2014,1200,312,0.01, ,0, ,879, ,14.6, ,73.9, ,51, ,54.7, ,6, ,318, ,60.7, 
211,11/8/2014,1300,312,0.01, ,0, ,930, ,13.2, ,78.6, ,39, ,51.9, ,6.4, ,326, ,61, 
211,11/8/2014,1400,312,0.01, ,0, ,828, ,11.7, ,81.4, ,32, ,48.7, ,7, ,337, ,61.5, 
211,11/8/2014,1500,312,0.01, ,0, ,608, ,11.5, ,81.7, ,31, ,48.1, ,7.6, ,336, ,62, 
211,11/8/2014,1600,312,0.01, ,0, ,409, ,11.5, ,79.9, ,33, ,48.2, ,9.4, ,329, ,62.5, 
211,11/8/2014,1700,312,0, ,0, ,58, ,12.3, ,74.7, ,42, ,50.1, ,7.9, ,331, ,62.7, 
211,11/8/2014,1800,312,0,Y,0, ,1, ,13, ,70.3,Y,51,Y,51.4,Y,7.3, ,329, ,62.9, 
211,11/8/2014,1900,312,0,Y,0, ,0, ,13.1, ,67.4,Y,57,Y,51.8,Y,7, ,322, ,62.8, 
211,11/8/2014,2000,312,0, ,0, ,0, ,12.8, ,63.6, ,64, ,51.1, ,3.9, ,326, ,62.7, 
211,11/8/2014,2100,312,0, ,0, ,0, ,12.3, ,59.8, ,70, ,50, ,2.8, ,340, ,62.6, 
211,11/8/2014,2200,312,0, ,0, ,0, ,12.2, ,57.6, ,75, ,49.7, ,2.8, ,330, ,62.5, 
211,11/8/2014,2300,312,0, ,0, ,0, ,11.8, ,55.7, ,78, ,49, ,3.3, ,312, ,62.3, 
211,11/8/2014,2400,312,0, ,0, ,0, ,11.5, ,53.7, ,81, ,48.2, ,3.1, ,335, ,62.1, 
211,11/9/2014,0100,313,0, ,0, ,0, ,11, ,51.4, ,85, ,47.1, ,1.6, ,191, ,61.9, 
211,11/9/2014,0200,313,0, ,0, ,0, ,10.2, ,48.8, ,87, ,45.1, ,2.3, ,330, ,61.7, 
211,11/9/2014,0300,313,0, ,0, ,0, ,10.4, ,49.1, ,88, ,45.7, ,2.8, ,313, ,61.5, 
211,11/9/2014,0400,313,0, ,0, ,0, ,9.9, ,47.1, ,90, ,44.2, ,1.7, ,350, ,61.3, 
211,11/9/2014,0500,313,0, ,0, ,0, ,9.6, ,46.1, ,91, ,43.6, ,2, ,328, ,61.1, 
211,11/9/2014,0600,313,0, ,0, ,0, ,9.2, ,44.9, ,91, ,42.5, ,2.1, ,335, ,60.9, 
211,11/9/2014,0700,313,0, ,0, ,9, ,9.3, ,44.8, ,92, ,42.6, ,1.2, ,175, ,60.7, 
211,11/9/2014,0800,313,0, ,0, ,200, ,10.3, ,47.5, ,92, ,45.2, ,2.6, ,134, ,60.5, 
211,11/9/2014,0900,313,0, ,0, ,477, ,12, ,55.6, ,80, ,49.5, ,2.4, ,118, ,60.3, 
211,11/9/2014,1000,313,0.01, ,0, ,692, ,12.8, ,62.3, ,67, ,51.1, ,2.7, ,329, ,60.2, 
211,11/9/2014,1100,313,0.01, ,0, ,857, ,13, ,68, ,55, ,51.5, ,4, ,312, ,60.3, 
211,11/9/2014,1200,313,0.01, ,0, ,935, ,13.1, ,73.5, ,46, ,51.7, ,9, ,322, ,60.5, 
211,11/9/2014,1300,313,0.02, ,0, ,922, ,11.8, ,77.1, ,37, ,49, ,10.3, ,333, ,60.8, 
211,11/9/2014,1400,313,0.01, ,0, ,814, ,10.5, ,80.1, ,30, ,45.8, ,8.4, ,328, ,61.3, 
211,11/9/2014,1500,313,0.01, ,0, ,625, ,9.9, ,80.8, ,28, ,44.3, ,10.5, ,329, ,61.7, 
211,11/9/2014,1600,313,0.01, ,0, ,387, ,10.7, ,79.7, ,31, ,46.3, ,11.1, ,335, ,62, 
211,11/9/2014,1700,313,0.01,Y,0, ,110, ,10.9, ,76,Y,35,Y,46.7,Y,8.7, ,333, ,62.3, 
211,11/9/2014,1800,313,0,Y,0, ,1, ,11.6, ,67.6,Y,50,Y,48.5,Y,5.6, ,9, ,62.3, 
211,11/9/2014,1900,313,0, ,0, ,0, ,13, ,58.9, ,76, ,51.5, ,4.3, ,127, ,62.3, 
211,11/9/2014,2000,313,0, ,0, ,0, ,12.2, ,56.7, ,78, ,49.9, ,2.2, ,107, ,62.2, 
211,11/9/2014,2100,313,0, ,0, ,0, ,12, ,54.3, ,83, ,49.3, ,1.8, ,144, ,62.1, 
211,11/9/2014,2200,313,0, ,0, ,0, ,11, ,52.1, ,83, ,47.2, ,2, ,134, ,61.9, 
211,11/9/2014,2300,313,0, ,0, ,0, ,10.8, ,50.2, ,87, ,46.6, ,2.6, ,147, ,61.7, 
211,11/9/2014,2400,313,0, ,0, ,0, ,10.6, ,49, ,90, ,46.1, ,2.2, ,316, ,61.4, 
211,11/10/2014,0100,314,0, ,0, ,0, ,10.4, ,48.3, ,91, ,45.6, ,2.2, ,316, ,61.2, 
211,11/10/2014,0200,314,0, ,0, ,0, ,10, ,47, ,91, ,44.5, ,2.1, ,197, ,61, 
211,11/10/2014,0300,314,0, ,0, ,0, ,9.2, ,44.8, ,91, ,42.4, ,2.6, ,129, ,60.8, 
211,11/10/2014,0400,314,0, ,0, ,0, ,9.2, ,44.1, ,93, ,42.3, ,1.5, ,325, ,60.5, 
211,11/10/2014,0500,314,0, ,0, ,0, ,8.9, ,43.1, ,94, ,41.6, ,1.4, ,300, ,60.4, 
211,11/10/2014,0600,314,0, ,0, ,0, ,9, ,43.1, ,95, ,41.7, ,1.4, ,155, ,60.2, 
211,11/10/2014,0700,314,0, ,0, ,6, ,8.8, ,42.6, ,95, ,41.2, ,2.1, ,144, ,60, 
211,11/10/2014,0800,314,0, ,0, ,156, ,9.2, ,43.5, ,95, ,42.3, ,2.5, ,303, ,59.9, 
211,11/10/2014,0900,314,0, ,0, ,464, ,11.8, ,50.2, ,95, ,48.8, ,2.7, ,323, ,59.8, 
211,11/10/2014,1000,314,0.01, ,0, ,703, ,13.4, ,58.8, ,79, ,52.4, ,2.9, ,151, ,59.8, 
211,11/10/2014,1100,314,0.01, ,0, ,846, ,13.6, ,61.5, ,73, ,52.7, ,6.6, ,139, ,59.8, 
211,11/10/2014,1200,314,0.01, ,0, ,918, ,13.9, ,64, ,68, ,53.3, ,6.9, ,131, ,60, 
211,11/10/2014,1300,314,0.01, ,0, ,896, ,14, ,67.1, ,62, ,53.6, ,7.8, ,128, ,60.4, 
211,11/10/2014,1400,314,0.01, ,0, ,789, ,13.8, ,68.1, ,59, ,53.1, ,8.7, ,140, ,60.7, 
211,11/10/2014,1500,314,0.01, ,0, ,609, ,13.6, ,67.4, ,59, ,52.7, ,8.7, ,134, ,61.1, 
211,11/10/2014,1600,314,0.01, ,0, ,378, ,13.6, ,65.5, ,63, ,52.8, ,8.8, ,143, ,61.4, 
211,11/10/2014,1700,314,0, ,0, ,104, ,13.4, ,62.2, ,70, ,52.3, ,4.7, ,142, ,61.6, 
211,11/10/2014,1800,314,0, ,0, ,1, ,12.9, ,58.2, ,78, ,51.3, ,4.4, ,111, ,61.7, 
211,11/10/2014,1900,314,0, ,0, ,0, ,12.7, ,56.1, ,83, ,50.9, ,4.9, ,107, ,61.6, 
211,11/10/2014,2000,314,0, ,0, ,0, ,12.5, ,55, ,84, ,50.4, ,3.6, ,121, ,61.5, 
211,11/10/2014,2100,314,0, ,0, ,0, ,13.1, ,56.2, ,85, ,51.8, ,5.1, ,142, ,61.4, 
211,11/10/2014,2200,314,0, ,0, ,0, ,13.4, ,57.4, ,83, ,52.3, ,5.2, ,157, ,61.3, 
211,11/10/2014,2300,314,0, ,0, ,0, ,13.5, ,57.5, ,83, ,52.5, ,5.3, ,154, ,61.2, 
211,11/10/2014,2400,314,0, ,0, ,0, ,13.5, ,57.7, ,83, ,52.6, ,5.4, ,173, ,61.2, 
211,11/11/2014,0100,315,0, ,0, ,0, ,13.6, ,57.8, ,83, ,52.7, ,5.1, ,194, ,61.1, 
211,11/11/2014,0200,315,0, ,0, ,0, ,13.5, ,57.6, ,83, ,52.6, ,4.3, ,188, ,61.1, 
211,11/11/2014,0300,315,0, ,0, ,0, ,13.1, ,57.8, ,80, ,51.7, ,3.1, ,297, ,61.1, 
211,11/11/2014,0400,315,0, ,0, ,0, ,13, ,57.4, ,81, ,51.5, ,3, ,326, ,61.1, 
211,11/11/2014,0500,315,0, ,0, ,0, ,13.3, ,57.3, ,83, ,52.1, ,3.1, ,155, ,61.1, 
211,11/11/2014,0600,315,0, ,0, ,0, ,13.5, ,56.7, ,86, ,52.5, ,4.1, ,169, ,61.1, 
211,11/11/2014,0700,315,0, ,0, ,4, ,13.4, ,56.5, ,86, ,52.4, ,2.3, ,152, ,61.1, 
211,11/11/2014,0800,315,0, ,0, ,16, ,13.3, ,56.9, ,84, ,52.1, ,3.5, ,186, ,61.1, 
211,11/11/2014,0900,315,0, ,0, ,94, ,13.1, ,57.7, ,81, ,51.8, ,4.6, ,190, ,61.1, 
211,11/11/2014,1000,315,0, ,0, ,167, ,12.9, ,58.7, ,76, ,51.4, ,3.9, ,220, ,61.1, 
211,11/11/2014,1100,315,0, ,0, ,247, ,12.1, ,60.6, ,67, ,49.6, ,5, ,205, ,61.2, 
211,11/11/2014,1200,315,0, ,0, ,218, ,12.5, ,60.3, ,70, ,50.4, ,4.4, ,239, ,61.2, 
211,11/11/2014,1300,315,0, ,0, ,226, ,12.7, ,60.9, ,70, ,51, ,3.2, ,252, ,61.3, 
211,11/11/2014,1400,315,0, ,0, ,360, ,12.5, ,61.6, ,67, ,50.6, ,5.3, ,226, ,61.5, 
211,11/11/2014,1500,315,0.01, ,0, ,504, ,12.3, ,62.8, ,63, ,50.1, ,5.8, ,241, ,61.6, 
211,11/11/2014,1600,315,0, ,0, ,320, ,11.9, ,62.1, ,63, ,49.2, ,6, ,260, ,61.8, 
211,11/11/2014,1700,315,0, ,0, ,70, ,11.5, ,60, ,65, ,48.3, ,4.9, ,263, ,61.9, 
211,11/11/2014,1800,315,0, ,0, ,0, ,11.3, ,57.9, ,69, ,47.8, ,2, ,234, ,61.9, 
211,11/11/2014,1900,315,0, ,0, ,0, ,11.3, ,56.2, ,73, ,47.7, ,2.5, ,12, ,61.8, 
211,11/11/2014,2000,315,0, ,0, ,0, ,10.7, ,53.7, ,76, ,46.2, ,2, ,327, ,61.7, 
211,11/11/2014,2100,315,0, ,0, ,0, ,10.4, ,52.3, ,78, ,45.6, ,1.9, ,331, ,61.6, 
211,11/11/2014,2200,315,0, ,0, ,0, ,10.3, ,50.6, ,82, ,45.4, ,1.7, ,322, ,61.4, 
211,11/11/2014,2300,315,0, ,0, ,0, ,9.8, ,48.5, ,84, ,44, ,2, ,303, ,61.2, 
211,11/11/2014,2400,315,0, ,0, ,0, ,8.9, ,45.2, ,87, ,41.5, ,2.6, ,331, ,61, 
211,11/12/2014,0100,316,0, ,0, ,0, ,9.8, ,47.2, ,88, ,44, ,3.2, ,312, ,60.7, 
211,11/12/2014,0200,316,0, ,0, ,0, ,10.2, ,49.1, ,86, ,45.1, ,3.2, ,333, ,60.5, 
211,11/12/2014,0300,316,0, ,0, ,0, ,10.4, ,50, ,85, ,45.6, ,3, ,310, ,60.4, 
211,11/12/2014,0400,316,0, ,0, ,0, ,10.6, ,50.6, ,85, ,46.1, ,3.2, ,334, ,60.3, 
211,11/12/2014,0500,316,0, ,0, ,0, ,10.8, ,51.5, ,83, ,46.7, ,2.5, ,276, ,60.3, 
211,11/12/2014,0600,316,0, ,0, ,0, ,11, ,52, ,83, ,47, ,2.3, ,92, ,60.3, 
211,11/12/2014,0700,316,0, ,0, ,3, ,11.1, ,52.5, ,82, ,47.3, ,2, ,231, ,60.3, 
211,11/12/2014,0800,316,0, ,0, ,52, ,11.3, ,53, ,82, ,47.7, ,2, ,42, ,60.3, 
211,11/12/2014,0900,316,0, ,0, ,157, ,11.5, ,54.8, ,78, ,48.2, ,1.4, ,127, ,60.3, 
211,11/12/2014,1000,316,0, ,0, ,382, ,11.7, ,57.8, ,72, ,48.7, ,2.4, ,139, ,60.3, 
211,11/12/2014,1100,316,0.01, ,0, ,748, ,11.2, ,61.7, ,59, ,47.5, ,3, ,23, ,60.4, 
211,11/12/2014,1200,316,0.01, ,0, ,855, ,11, ,63.1, ,56, ,47.1, ,3.4, ,163, ,60.7, 
211,11/12/2014,1300,316,0.01, ,0, ,896, ,11.2, ,64.9, ,53, ,47.6, ,3.7, ,214, ,61, 
211,11/12/2014,1400,316,0.01, ,0, ,783, ,10.8, ,66.5, ,49, ,46.5, ,3.6, ,274, ,61.4, 
211,11/12/2014,1500,316,0.01, ,0, ,592, ,11.2, ,66.3, ,51, ,47.5, ,6.8, ,162, ,61.9, 
211,11/12/2014,1600,316,0.01, ,0, ,356, ,11.2, ,65.2, ,53, ,47.4, ,7.4, ,177, ,62.2, 
211,11/12/2014,1700,316,0, ,0, ,54, ,10.9, ,63, ,55, ,46.7, ,4.5, ,200, ,62.3, 
211,11/12/2014,1800,316,0, ,0, ,0, ,10.6, ,59.5, ,61, ,46.2, ,3.1, ,352, ,62.3, 
211,11/12/2014,1900,316,0, ,0, ,0, ,10.6, ,56.9, ,67, ,46.2, ,3.7, ,118, ,62.2, 
211,11/12/2014,2000,316,0, ,0, ,0, ,10.9, ,56.2, ,70, ,46.8, ,6.2, ,131, ,62, 
211,11/12/2014,2100,316,0, ,0, ,0, ,11.1, ,56.2, ,72, ,47.4, ,5.9, ,135, ,61.8, 
211,11/12/2014,2200,316,0, ,0, ,0, ,11, ,55.6, ,73, ,47.1, ,4.7, ,151, ,61.7, 
211,11/12/2014,2300,316,0, ,0, ,0, ,11.1, ,56.4, ,71, ,47.2, ,4.3, ,135, ,61.5, 
211,11/12/2014,2400,316,0, ,0, ,0, ,11.2, ,56.5, ,72, ,47.6, ,4.1, ,152, ,61.4, 
211,11/13/2014,0100,317,0, ,0.01, ,0, ,11.5, ,56, ,75, ,48.2, ,3.9, ,172, ,61.3, 
211,11/13/2014,0200,317,0, ,0.01, ,0, ,12.2, ,54.2, ,85, ,49.8, ,3.8, ,148, ,61.3, 
211,11/13/2014,0300,317,0, ,0.01, ,0, ,12.4, ,52.9, ,90, ,50.2, ,3.9, ,162, ,61.2, 
211,11/13/2014,0400,317,0, ,0, ,0, ,12.5, ,52.6, ,92, ,50.5, ,2.8, ,190, ,61.2, 
211,11/13/2014,0500,317,0, ,0.01, ,0, ,12.7, ,52.8, ,93, ,50.9, ,2.4, ,243, ,61.1, 
211,11/13/2014,0600,317,0, ,0.01, ,0, ,13.1, ,53.3, ,94, ,51.6, ,1.7, ,174, ,61.1, 
211,11/13/2014,0700,317,0, ,0.07, ,1, ,13.3, ,53.7, ,95, ,52.2, ,1.9, ,295, ,61.1, 
211,11/13/2014,0800,317,0, ,0.02, ,33, ,13.6, ,54.2, ,95, ,52.8, ,3, ,334, ,61, 
211,11/13/2014,0900,317,0, ,0, ,144, ,14.1, ,55.1, ,95, ,53.7, ,2.1, ,4, ,61, 
211,11/13/2014,1000,317,0, ,0, ,220, ,14.7, ,56.4, ,95, ,55, ,2.6, ,146, ,61, 
211,11/13/2014,1100,317,0, ,0, ,318, ,15.6, ,58.2, ,94, ,56.6, ,4.4, ,150, ,61.1, 
211,11/13/2014,1200,317,0, ,0, ,296, ,16.1, ,59.5, ,93, ,57.4, ,5.7, ,149, ,61.2, 
211,11/13/2014,1300,317,0, ,0, ,277, ,16.3, ,60.3, ,91, ,57.7, ,5, ,155, ,61.4, 
211,11/13/2014,1400,317,0, ,0, ,419, ,16.8, ,62.2, ,88, ,58.5, ,4.1, ,132, ,61.6, 
211,11/13/2014,1500,317,0, ,0, ,288, ,16.6, ,63.1, ,84, ,58.3, ,4.3, ,109, ,61.8, 
211,11/13/2014,1600,317,0, ,0, ,175, ,16.7, ,62.5, ,86, ,58.4, ,5.5, ,165, ,62, 
211,11/13/2014,1700,317,0, ,0, ,55, ,16.3, ,60.9, ,89, ,57.8, ,6, ,170, ,62.2, 
211,11/13/2014,1800,317,0, ,0, ,0, ,15.9, ,59.9, ,90, ,57, ,3.5, ,146, ,62.3, 
211,11/13/2014,1900,317,0, ,0, ,0, ,15.5, ,58.7, ,92, ,56.4, ,2.8, ,94, ,62.3, 
211,11/13/2014,2000,317,0, ,0, ,0, ,15.4, ,58.2, ,93, ,56.1, ,2.4, ,125, ,62.3, 
211,11/13/2014,2100,317,0, ,0, ,0, ,15.2, ,57.7, ,93, ,55.8, ,2.1, ,157, ,62.2, 
211,11/13/2014,2200,317,0, ,0, ,0, ,14.4, ,56.1, ,94, ,54.4, ,1.5, ,282, ,62.2, 
211,11/13/2014,2300,317,0, ,0, ,0, ,14, ,55.2, ,94, ,53.6, ,1.9, ,183, ,62.1, 
211,11/13/2014,2400,317,0, ,0, ,0, ,13.7, ,54.3, ,95, ,53, ,2.2, ,320, ,62, 
211,11/14/2014,0100,318,0, ,0, ,0, ,13.9, ,54.8, ,95, ,53.4, ,4, ,293, ,61.9, 
211,11/14/2014,0200,318,0, ,0, ,0, ,13.3, ,53.8, ,94, ,52.1, ,2.5, ,311, ,61.8, 
211,11/14/2014,0300,318,0, ,0, ,0, ,13.3, ,54, ,93, ,52.1, ,3.3, ,286, ,61.6, 
211,11/14/2014,0400,318,0, ,0, ,0, ,12.6, ,52.4, ,94, ,50.6, ,2.8, ,328, ,61.5, 
211,11/14/2014,0500,318,0, ,0, ,0, ,12.7, ,52.5, ,94, ,50.8, ,3.5, ,304, ,61.4, 
211,11/14/2014,0600,318,0, ,0, ,0, ,12, ,50.9, ,94, ,49.3, ,1.8, ,156, ,61.3, 
211,11/14/2014,0700,318,0, ,0, ,5, ,11.3, ,49.2, ,95, ,47.7, ,1.6, ,183, ,61.1, 
211,11/14/2014,0800,318,0, ,0, ,134, ,12, ,50.8, ,95, ,49.4, ,1.3, ,101, ,61, 
211,11/14/2014,0900,318,0, ,0, ,362, ,13.4, ,54.4, ,93, ,52.4, ,3.2, ,159, ,60.9, 
211,11/14/2014,1000,318,0.01, ,0, ,657, ,14.1, ,58.7, ,83, ,53.7, ,3.4, ,163, ,60.9, 
211,11/14/2014,1100,318,0.01, ,0, ,822, ,14.4, ,61.4, ,78, ,54.3, ,3.3, ,180, ,60.9, 
211,11/14/2014,1200,318,0.01, ,0, ,927, ,14.2, ,64.2, ,69, ,53.9, ,3.6, ,212, ,61.1, 
211,11/14/2014,1300,318,0.01, ,0, ,839, ,13.8, ,66.5, ,62, ,53.1, ,5.1, ,326, ,61.4, 
211,11/14/2014,1400,318,0.01, ,0, ,647, ,12.7, ,66.9, ,57, ,51, ,9.3, ,327, ,61.8, 
211,11/14/2014,1500,318,0.01, ,0, ,559, ,12.6, ,67, ,56, ,50.6, ,10.5, ,325, ,62.2, 
211,11/14/2014,1600,318,0.01, ,0, ,316, ,12.4, ,65.7, ,57, ,50.2, ,10.2, ,313, ,62.5, 
211,11/14/2014,1700,318,0, ,0, ,69, ,12.2, ,63.2, ,62, ,49.8, ,7.7, ,318, ,62.6, 
211,11/14/2014,1800,318,0, ,0, ,0, ,12.1, ,59.7, ,69, ,49.6, ,4.6, ,305, ,62.5, 
211,11/14/2014,1900,318,0, ,0, ,0, ,12.1, ,56.9, ,77, ,49.6, ,3.9, ,319, ,62.4, 
211,11/14/2014,2000,318,0, ,0, ,0, ,11.3, ,52.6, ,84, ,47.8, ,1.9, ,346, ,62.3, 
211,11/14/2014,2100,318,0, ,0, ,0, ,11.3, ,52.1, ,85, ,47.8, ,3.7, ,318, ,62.1, 
211,11/14/2014,2200,318,0, ,0, ,0, ,11.6, ,53.7, ,83, ,48.5, ,6.1, ,307, ,61.8, 
211,11/14/2014,2300,318,0, ,0, ,0, ,11.6, ,52, ,88, ,48.5, ,5.3, ,339, ,61.6, 
211,11/14/2014,2400,318,0, ,0, ,0, ,11.1, ,50.8, ,88, ,47.4, ,4.9, ,337, ,61.4, 
211,11/15/2014,0100,319,0, ,0, ,0, ,10, ,47, ,91, ,44.6, ,3.2, ,2, ,61.3, 
211,11/15/2014,0200,319,0, ,0, ,0, ,9.7, ,45.7, ,93, ,43.7, ,1.9, ,85, ,61.1, 
211,11/15/2014,0300,319,0, ,0, ,0, ,9.5, ,45, ,94, ,43.3, ,2.3, ,165, ,60.9, 
211,11/15/2014,0400,319,0, ,0, ,0, ,9.2, ,43.8, ,94, ,42.2, ,2.5, ,319, ,60.7, 
211,11/15/2014,0500,319,0, ,0, ,0, ,8.8, ,42.6, ,94, ,41.1, ,2.9, ,324, ,60.5, 
211,11/15/2014,0600,319,0, ,0, ,0, ,8.8, ,42.6, ,95, ,41.2, ,2.7, ,338, ,60.2, 
211,11/15/2014,0700,319,0, ,0, ,6, ,8.8, ,42.6, ,95, ,41.3, ,2.5, ,325, ,60, 
211,11/15/2014,0800,319,0, ,0, ,113, ,9.5, ,44.3, ,96, ,43.1, ,2.7, ,171, ,59.8, 
211,11/15/2014,0900,319,0, ,0, ,294, ,10.8, ,47.8, ,96, ,46.6, ,3.5, ,164, ,59.7, 
211,11/15/2014,1000,319,0.01, ,0, ,735, ,12.7, ,54.1, ,89, ,50.9, ,2.5, ,92, ,59.6, 
211,11/15/2014,1100,319,0.01, ,0, ,831, ,13.2, ,59.4, ,76, ,51.9, ,3.6, ,194, ,59.6, 
211,11/15/2014,1200,319,0.01, ,0, ,815, ,12.5, ,62.2, ,66, ,50.5, ,4.3, ,273, ,59.8, 
211,11/15/2014,1300,319,0.01, ,0, ,843, ,12.2, ,65.2, ,57, ,49.8, ,9.9, ,331, ,60.1, 
211,11/15/2014,1400,319,0.01, ,0, ,777, ,11.4, ,66.4, ,51, ,48, ,12.1, ,330, ,60.5, 
211,11/15/2014,1500,319,0.01, ,0, ,681, ,10.6, ,67, ,47, ,46.1, ,13.3, ,323, ,60.9, 
211,11/15/2014,1600,319,0.01, ,0, ,388, ,10.3, ,65.8, ,48, ,45.4, ,14.1, ,321, ,61.1, 
211,11/15/2014,1700,319,0, ,0, ,39, ,10.3, ,61.9, ,55, ,45.4, ,11.1, ,324, ,61.3, 
211,11/15/2014,1800,319,0, ,0, ,0, ,11.1, ,59.1, ,65, ,47.4, ,6.6, ,318, ,61.2, 
211,11/15/2014,1900,319,0, ,0, ,0, ,11.8, ,56.9, ,74, ,48.8, ,4.5, ,303, ,61.2, 
211,11/15/2014,2000,319,0, ,0, ,0, ,11.4, ,54.6, ,79, ,48.1, ,2.3, ,336, ,61, 
211,11/15/2014,2100,319,0, ,0, ,0, ,11.2, ,53.1, ,81, ,47.4, ,2.9, ,312, ,60.9, 
211,11/15/2014,2200,319,0, ,0, ,0, ,10.7, ,50.3, ,86, ,46.4, ,2.6, ,306, ,60.7, 
211,11/15/2014,2300,319,0, ,0, ,0, ,9.8, ,47.8, ,87, ,44, ,1.9, ,340, ,60.5, 
211,11/15/2014,2400,319,0, ,0, ,0, ,9.3, ,45.4, ,90, ,42.6, ,1.6, ,330, ,60.3, 
211,11/16/2014,0100,320,0, ,0, ,0, ,8.6, ,43.1, ,91, ,40.8, ,1.7, ,339, ,60.1, 
211,11/16/2014,0200,320,0, ,0, ,0, ,9.1, ,44.4, ,92, ,42.2, ,2.2, ,243, ,59.9, 
211,11/16/2014,0300,320,0, ,0, ,0, ,8.9, ,43.6, ,92, ,41.4, ,1.9, ,76, ,59.7, 
211,11/16/2014,0400,320,0, ,0, ,0, ,9.2, ,44.3, ,92, ,42.2, ,2, ,229, ,59.5, 
211,11/16/2014,0500,320,0, ,0, ,0, ,8.2, ,41.3, ,92, ,39.3, ,1.4, ,33, ,59.4, 
211,11/16/2014,0600,320,0, ,0, ,0, ,8.1, ,41, ,93, ,39.2, ,1.8, ,253, ,59.2, 
211,11/16/2014,0700,320,0, ,0, ,5, ,8.1, ,40.8, ,93, ,39, ,2.1, ,340, ,59.1, 
211,11/16/2014,0800,320,0, ,0, ,121, ,8.9, ,43.3, ,94, ,41.6, ,2.2, ,333, ,58.9, 
211,11/16/2014,0900,320,0, ,0, ,379, ,11.1, ,50, ,90, ,47.2, ,2.1, ,185, ,58.7, 
211,11/16/2014,1000,320,0.01, ,0, ,593, ,11.5, ,56.3, ,74, ,48.3, ,3.2, ,158, ,58.7, 
211,11/16/2014,1100,320,0.01, ,0, ,833, ,9.6, ,60.2, ,54, ,43.6, ,2.6, ,206, ,58.8, 
211,11/16/2014,1200,320,0.01, ,0, ,795, ,7.6, ,63.1, ,38, ,37.3, ,3, ,243, ,59, 
211,11/16/2014,1300,320,0.01, ,0, ,727, ,7.4, ,63, ,38, ,36.8, ,3.7, ,282, ,59.4, 
211,11/16/2014,1400,320,0.01, ,0, ,369, ,7.5, ,62.9, ,38, ,37, ,4.4, ,355, ,59.8, 
211,11/16/2014,1500,320,0.01, ,0, ,299, ,6.6, ,63, ,34, ,34.1, ,5.6, ,336, ,60.2, 
211,11/16/2014,1600,320,0, ,0, ,124, ,5.6, ,62.7, ,29, ,29.7, ,4.2, ,325, ,60.5, 
211,11/16/2014,1700,320,0.01, ,0, ,27, ,4.7, ,60.4, ,26, ,25.4, ,8.3, ,340, ,60.6, 
211,11/16/2014,1800,320,0, ,0, ,0, ,4.4, ,57.9, ,27, ,24, ,7.3, ,332, ,60.6, 
211,11/16/2014,1900,320,0, ,0, ,0, ,4.8, ,55.9, ,31, ,25.9, ,5.2, ,311, ,60.6, 
211,11/16/2014,2000,320,0, ,0, ,0, ,5.3, ,53.3, ,38, ,28.6, ,3.3, ,331, ,60.4, 
211,11/16/2014,2100,320,0, ,0, ,0, ,5.7, ,51.4, ,44, ,30.2, ,3.2, ,333, ,60.3, 
211,11/16/2014,2200,320,0, ,0, ,0, ,5.8, ,50.7, ,46, ,30.8, ,3.7, ,314, ,60.1, 
211,11/16/2014,2300,320,0, ,0, ,0, ,5.8, ,46.3, ,55, ,30.9, ,1.8, ,22, ,59.9, 
211,11/16/2014,2400,320,0, ,0, ,0, ,6.2, ,44, ,63, ,32.2, ,2.6, ,322, ,59.7, 
211,11/17/2014,0100,321,0, ,0, ,0, ,6.1, ,41.9, ,67, ,31.8, ,2.6, ,330, ,59.5, 
211,11/17/2014,0200,321,0, ,0, ,0, ,5.8, ,40.9, ,67, ,30.8, ,3.2, ,340, ,59.3, 
211,11/17/2014,0300,321,0, ,0, ,0, ,5.7, ,40.3, ,67, ,30.3, ,4, ,314, ,59, 
211,11/17/2014,0400,321,0, ,0, ,0, ,5.4, ,39, ,67, ,29.1, ,2.9, ,326, ,58.8, 
211,11/17/2014,0500,321,0, ,0, ,0, ,5.4, ,38, ,70, ,29, ,3.3, ,328, ,58.6, 
211,11/17/2014,0600,321,0, ,0, ,0, ,5.4, ,36.5, ,74, ,29, ,2.3, ,334, ,58.4, 
211,11/17/2014,0700,321,0, ,0, ,6, ,5.6, ,36.8, ,76, ,30, ,1.7, ,289, ,58.2, 
211,11/17/2014,0800,321,0, ,0, ,185, ,5.7, ,38.1, ,73, ,30.4, ,2.2, ,351, ,58, 
211,11/17/2014,0900,321,0, ,0, ,453, ,6.4, ,47.1, ,58, ,33, ,2.8, ,322, ,57.8, 
211,11/17/2014,1000,321,0.01, ,0, ,670, ,6.9, ,52.7, ,51, ,35, ,2.9, ,46, ,57.6, 
211,11/17/2014,1100,321,0.01, ,0, ,834, ,7.4, ,58.8, ,44, ,36.9, ,4.6, ,328, ,57.6, 
211,11/17/2014,1200,321,0.01, ,0, ,899, ,7.3, ,63, ,37, ,36.3, ,4.1, ,301, ,57.8, 
211,11/17/2014,1300,321,0.01, ,0, ,906, ,7.3, ,67.8, ,32, ,36.5, ,3.8, ,63, ,58.1, 
211,11/17/2014,1400,321,0.01, ,0, ,762, ,6.9, ,69.8, ,28, ,34.9, ,7.3, ,88, ,58.5, 
211,11/17/2014,1500,321,0.01, ,0, ,499, ,6.2, ,70.2, ,25, ,32.3, ,5.5, ,63, ,59, 
211,11/17/2014,1600,321,0, ,0, ,188, ,6.2, ,67.2, ,27, ,32.3, ,5.9, ,59, ,59.3, 
211,11/17/2014,1700,321,0, ,0, ,96, ,6.1, ,64.1, ,30, ,31.8, ,4.7, ,40, ,59.6, 
211,11/17/2014,1800,321,0, ,0, ,0, ,6.2, ,60.2, ,35, ,32.2, ,2.9, ,309, ,59.6, 
211,11/17/2014,1900,321,0, ,0, ,0, ,6.2, ,56.5, ,40, ,32.5, ,2.3, ,333, ,59.6, 
211,11/17/2014,2000,321,0, ,0, ,0, ,6.7, ,56.1, ,43, ,34.2, ,3, ,7, ,59.5, 
211,11/17/2014,2100,321,0, ,0, ,0, ,7.1, ,51, ,56, ,35.6, ,2.6, ,308, ,59.3, 
211,11/17/2014,2200,321,0, ,0, ,0, ,7, ,47.4, ,63, ,35.5, ,1.5, ,323, ,59.1, 
211,11/17/2014,2300,321,0, ,0, ,0, ,6.7, ,44.2, ,67, ,34.1, ,2.6, ,321, ,58.9, 
211,11/17/2014,2400,321,0, ,0, ,0, ,6.4, ,42.1, ,70, ,33.2, ,2.7, ,347, ,58.7, 
211,11/18/2014,0100,322,0, ,0, ,0, ,6.7, ,43.2, ,71, ,34.3, ,3.1, ,288, ,58.5, 
211,11/18/2014,0200,322,0, ,0, ,0, ,6.4, ,40.4, ,75, ,33, ,1.4, ,333, ,58.3, 
211,11/18/2014,0300,322,0, ,0, ,0, ,6.1, ,39.4, ,75, ,32.1, ,2, ,357, ,58.1, 
211,11/18/2014,0400,322,0, ,0, ,0, ,6.9, ,41.4, ,78, ,34.9, ,2.5, ,270, ,57.9, 
211,11/18/2014,0500,322,0, ,0, ,0, ,6.8, ,41.6, ,76, ,34.8, ,3.2, ,359, ,57.7, 
211,11/18/2014,0600,322,0, ,0, ,0, ,7, ,42, ,77, ,35.3, ,3.1, ,276, ,57.6, 
211,11/18/2014,0700,322,0, ,0, ,6, ,6.6, ,39.6, ,79, ,33.7, ,2.4, ,335, ,57.5, 
211,11/18/2014,0800,322,0, ,0, ,75, ,7.2, ,42, ,79, ,36, ,1.8, ,344, ,57.4, 
211,11/18/2014,0900,322,0, ,0, ,340, ,8, ,46.7, ,74, ,38.7, ,2.3, ,42, ,57.3, 
211,11/18/2014,1000,322,0, ,0, ,435, ,8.5, ,53.9, ,60, ,40.4, ,2.1, ,323, ,57.2, 
211,11/18/2014,1100,322,0.01, ,0, ,490, ,8.9, ,57.1, ,56, ,41.5, ,2.7, ,190, ,57.3, 
211,11/18/2014,1200,322,0.01, ,0, ,567, ,8.8, ,61.4, ,48, ,41.3, ,2.9, ,269, ,57.5, 
211,11/18/2014,1300,322,0.01, ,0, ,493, ,8.5, ,65.1, ,40, ,40.4, ,1.8, ,285, ,57.8, 
211,11/18/2014,1400,322,0.01, ,0, ,710, ,8.4, ,69.7, ,34, ,40.2, ,2.3, ,305, ,58.2, 
211,11/18/2014,1500,322,0.01, ,0, ,519, ,7.5, ,72.9, ,27, ,37, ,3, ,200, ,58.6, 
211,11/18/2014,1600,322,0, ,0, ,191, ,6.8, ,70.9, ,26, ,34.8, ,3, ,255, ,59, 
211,11/18/2014,1700,322,0, ,0, ,41, ,7.7, ,67.6, ,33, ,37.6, ,2.3, ,30, ,59.4, 
211,11/18/2014,1800,322,0, ,0, ,0, ,8.1, ,62.7, ,42, ,39.2, ,6.4, ,319, ,59.5, 
211,11/18/2014,1900,322,0, ,0, ,0, ,8.3, ,61, ,46, ,39.8, ,8.2, ,323, ,59.6, 
211,11/18/2014,2000,322,0, ,0, ,0, ,8.9, ,59.3, ,51, ,41.4, ,8.1, ,321, ,59.5, 
211,11/18/2014,2100,322,0, ,0, ,0, ,8.9, ,57.1, ,56, ,41.6, ,4.5, ,339, ,59.5, 
211,11/18/2014,2200,322,0, ,0, ,0, ,8.9, ,56.2, ,58, ,41.5, ,3.4, ,211, ,59.4, 
211,11/18/2014,2300,322,0, ,0, ,0, ,9, ,54.5, ,62, ,41.9, ,3, ,97, ,59.3, 
211,11/18/2014,2400,322,0, ,0, ,0, ,9, ,52.6, ,67, ,41.9, ,2.2, ,16, ,59.2, 
211,11/19/2014,0100,323,0, ,0, ,0, ,8.6, ,50.3, ,69, ,40.6, ,2.5, ,339, ,59.1, 
211,11/19/2014,0200,323,0, ,0, ,0, ,8.6, ,49.2, ,72, ,40.5, ,2.1, ,325, ,59, 
211,11/19/2014,0300,323,0, ,0, ,0, ,8.8, ,49.9, ,72, ,41.2, ,2, ,239, ,58.9, 
211,11/19/2014,0400,323,0, ,0, ,0, ,8.7, ,49.1, ,74, ,41, ,2.6, ,57, ,58.7, 
211,11/19/2014,0500,323,0, ,0, ,0, ,9, ,50.3, ,72, ,41.7, ,4.2, ,243, ,58.7, 
211,11/19/2014,0600,323,0, ,0, ,0, ,8.8, ,50, ,72, ,41.2, ,3.4, ,328, ,58.6, 
211,11/19/2014,0700,323,0, ,0, ,2, ,8.8, ,51, ,69, ,41.3, ,2.3, ,301, ,58.5, 
211,11/19/2014,0800,323,0, ,0, ,40, ,8.9, ,53, ,65, ,41.5, ,2.4, ,67, ,58.4, 
211,11/19/2014,0900,323,0, ,0, ,161, ,8.5, ,57, ,53, ,40.2, ,3.2, ,173, ,58.4, 
211,11/19/2014,1000,323,0, ,0, ,310, ,8.3, ,60.2, ,46, ,39.6, ,5.1, ,182, ,58.5, 
211,11/19/2014,1100,323,0.01, ,0, ,446, ,7.6, ,63.2, ,38, ,37.3, ,5.2, ,180, ,58.6, 
211,11/19/2014,1200,323,0.01, ,0, ,314, ,6.8, ,64.6, ,33, ,34.8, ,5.4, ,249, ,58.7, 
211,11/19/2014,1300,323,0.01, ,0, ,379, ,9.7, ,65.5, ,45, ,43.8, ,7, ,225, ,58.9, 
211,11/19/2014,1400,323,0, ,0, ,218, ,11.4, ,64.3, ,56, ,48.1, ,5.2, ,237, ,59.1, 
211,11/19/2014,1500,323,0, ,0.03, ,110, ,12.6, ,60.5, ,70, ,50.7, ,5.7, ,357, ,59.3, 
211,11/19/2014,1600,323,0, ,0.06, ,68, ,13.8, ,56.4, ,89, ,53.2, ,3.7, ,18, ,59.4, 
211,11/19/2014,1700,323,0, ,0.02, ,23, ,14.3, ,56.4, ,92, ,54.1, ,2.1, ,51, ,59.5, 
211,11/19/2014,1800,323,0, ,0, ,0, ,14.3, ,56.3, ,93, ,54.2, ,3.4, ,189, ,59.6, 
211,11/19/2014,1900,323,0, ,0, ,0, ,14.3, ,56.2, ,93, ,54.1, ,2.3, ,164, ,59.6, 
211,11/19/2014,2000,323,0, ,0.01, ,0, ,14.4, ,56.1, ,93, ,54.3, ,3, ,19, ,59.7, 
211,11/19/2014,2100,323,0, ,0, ,0, ,14.4, ,56, ,94, ,54.3, ,2.3, ,291, ,59.7, 
211,11/19/2014,2200,323,0, ,0, ,0, ,14.5, ,56.1, ,94, ,54.4, ,2.6, ,336, ,59.7, 
211,11/19/2014,2300,323,0, ,0, ,0, ,14.2, ,55.6, ,94, ,54, ,2.6, ,314, ,59.7, 
211,11/19/2014,2400,323,0, ,0, ,0, ,14.4, ,55.9, ,95, ,54.3, ,2.4, ,315, ,59.7, 
211,11/20/2014,0100,324,0, ,0, ,0, ,14.4, ,55.8, ,95, ,54.3, ,2, ,286, ,59.7, 
211,11/20/2014,0200,324,0, ,0, ,0, ,14.3, ,55.6, ,95, ,54.2, ,1.5, ,316, ,59.7, 
211,11/20/2014,0300,324,0, ,0, ,0, ,14, ,55, ,95, ,53.5, ,2.7, ,160, ,59.7, 
211,11/20/2014,0400,324,0, ,0, ,0, ,14.1, ,55.1, ,95, ,53.7, ,3.6, ,149, ,59.7, 
211,11/20/2014,0500,324,0, ,0, ,0, ,14, ,54.9, ,95, ,53.6, ,3.6, ,150, ,59.7, 
211,11/20/2014,0600,324,0, ,0.01, ,0, ,13.6, ,54, ,96, ,52.8, ,4.9, ,149, ,59.7, 
211,11/20/2014,0700,324,0, ,0, ,3, ,13.3, ,53.5, ,95, ,52.2, ,4.4, ,139, ,59.7, 
211,11/20/2014,0800,324,0, ,0, ,38, ,13.3, ,53.9, ,94, ,52.2, ,4.9, ,162, ,59.7, 
211,11/20/2014,0900,324,0, ,0, ,110, ,13.2, ,54.6, ,91, ,52, ,4.9, ,174, ,59.7, 
211,11/20/2014,1000,324,0, ,0, ,154, ,13.6, ,56, ,89, ,52.7, ,1.4, ,101, ,59.7, 
211,11/20/2014,1100,324,0, ,0, ,210, ,14.1, ,57.3, ,88, ,53.7, ,2.7, ,146, ,59.7, 
211,11/20/2014,1200,324,0, ,0, ,272, ,14.4, ,58.4, ,86, ,54.3, ,2.5, ,163, ,59.8, 
211,11/20/2014,1300,324,0, ,0, ,192, ,14.3, ,59.1, ,83, ,54, ,3.7, ,182, ,59.9, 
211,11/20/2014,1400,324,0, ,0.01, ,109, ,13.9, ,58.8, ,82, ,53.3, ,3.1, ,63, ,60.1, 
211,11/20/2014,1500,324,0, ,0.08, ,95, ,14.2, ,57.8, ,87, ,54, ,4.6, ,176, ,60.2, 
211,11/20/2014,1600,324,0, ,0, ,263, ,14.4, ,57.8, ,88, ,54.2, ,6.2, ,143, ,60.3, 
211,11/20/2014,1700,324,0, ,0, ,30, ,13.2, ,58, ,80, ,51.9, ,2.1, ,219, ,60.4, 
211,11/20/2014,1800,324,0, ,0, ,0, ,13.5, ,56.2, ,87, ,52.5, ,1.5, ,19, ,60.4, 
211,11/20/2014,1900,324,0, ,0.02, ,0, ,13.3, ,54.8, ,91, ,52.1, ,3, ,303, ,60.4, 
211,11/20/2014,2000,324,0, ,0.02, ,0, ,13.2, ,54.1, ,92, ,51.9, ,2.5, ,332, ,60.4, 
211,11/20/2014,2100,324,0, ,0, ,0, ,12.5, ,52.8, ,92, ,50.6, ,1.9, ,324, ,60.3, 
211,11/20/2014,2200,324,0, ,0, ,0, ,11.6, ,50.4, ,93, ,48.5, ,2.1, ,77, ,60.2, 
211,11/20/2014,2300,324,0, ,0, ,0, ,11.2, ,49.2, ,94, ,47.6, ,2.3, ,193, ,60.1, 
211,11/20/2014,2400,324,0, ,0, ,0, ,11.4, ,49.5, ,94, ,47.9, ,2.7, ,182, ,59.9, 
211,11/21/2014,0100,325,0, ,0, ,0, ,11.2, ,48.9, ,95, ,47.5, ,1.9, ,46, ,59.7, 
211,11/21/2014,0200,325,0, ,0, ,0, ,11.5, ,49.4, ,95, ,48.1, ,2.9, ,312, ,59.6, 
211,11/21/2014,0300,325,0, ,0, ,0, ,11.6, ,49.6, ,96, ,48.5, ,3.1, ,298, ,59.5, 
211,11/21/2014,0400,325,0, ,0, ,0, ,11.7, ,49.7, ,96, ,48.6, ,3.6, ,313, ,59.4, 
211,11/21/2014,0500,325,0, ,0, ,0, ,11.6, ,49.4, ,96, ,48.4, ,3.2, ,279, ,59.3, 
211,11/21/2014,0600,325,0, ,0, ,0, ,11.5, ,49.2, ,96, ,48.2, ,2.9, ,285, ,59.3, 
211,11/21/2014,0700,325,0, ,0, ,2, ,11.5, ,49.2, ,96, ,48.2, ,2.1, ,330, ,59.3, 
211,11/21/2014,0800,325,0, ,0, ,37, ,11.6, ,49.5, ,96, ,48.5, ,1.5, ,312, ,59.3, 
211,11/21/2014,0900,325,0, ,0, ,148, ,12, ,50.3, ,96, ,49.3, ,1.7, ,281, ,59.2, 
211,11/21/2014,1000,325,0, ,0, ,326, ,12.4, ,51.3, ,96, ,50.3, ,2.1, ,337, ,59.3, 
211,11/21/2014,1100,325,0, ,0, ,468, ,13, ,52.7, ,96, ,51.6, ,2.5, ,263, ,59.3, 
211,11/21/2014,1200,325,0.01, ,0, ,813, ,14.1, ,55.6, ,94, ,53.8, ,2.5, ,12, ,59.5, 
211,11/21/2014,1300,325,0.01, ,0, ,868, ,13.5, ,60, ,76, ,52.5, ,2.6, ,173, ,59.7, 
211,11/21/2014,1400,325,0, ,0, ,406, ,13.2, ,61.2, ,71, ,51.9, ,2.4, ,338, ,60, 
211,11/21/2014,1500,325,0.01, ,0, ,538, ,13.2, ,62.3, ,69, ,51.9, ,3.3, ,144, ,60.4, 
211,11/21/2014,1600,325,0, ,0, ,163, ,13, ,62, ,69, ,51.6, ,3.4, ,181, ,60.7, 
211,11/21/2014,1700,325,0, ,0, ,53, ,13.8, ,61.2, ,75, ,53.1, ,3.4, ,169, ,60.9, 
211,11/21/2014,1800,325,0, ,0, ,0, ,14.2, ,59.6, ,81, ,53.8, ,2, ,347, ,61, 
211,11/21/2014,1900,325,0, ,0, ,0, ,13.9, ,57.2, ,87, ,53.4, ,2.4, ,133, ,61, 
211,11/21/2014,2000,325,0, ,0, ,0, ,13, ,54.5, ,89, ,51.4, ,2.3, ,159, ,61, 
211,11/21/2014,2100,325,0, ,0, ,0, ,12.9, ,54.1, ,91, ,51.4, ,1.4, ,331, ,60.9, 
211,11/21/2014,2200,325,0, ,0, ,0, ,12.5, ,53, ,91, ,50.5, ,1.4, ,132, ,60.7, 
211,11/21/2014,2300,325,0, ,0, ,0, ,12.2, ,51.8, ,93, ,49.8, ,3.6, ,145, ,60.6, 
211,11/21/2014,2400,325,0, ,0, ,0, ,11.8, ,50.9, ,93, ,49, ,2.5, ,147, ,60.5, 
211,11/22/2014,0100,326,0, ,0, ,0, ,11.7, ,50.6, ,93, ,48.7, ,3.6, ,139, ,60.3, 
211,11/22/2014,0200,326,0, ,0, ,0, ,12, ,51.4, ,93, ,49.3, ,4.7, ,144, ,60.2, 
211,11/22/2014,0300,326,0, ,0, ,0, ,11.9, ,52.1, ,90, ,49.1, ,5.7, ,157, ,60.1, 
211,11/22/2014,0400,326,0, ,0, ,0, ,11.7, ,51.2, ,91, ,48.6, ,5.6, ,166, ,60, 
211,11/22/2014,0500,326,0, ,0, ,0, ,11.7, ,51.4, ,90, ,48.6, ,4.8, ,170, ,59.9, 
211,11/22/2014,0600,326,0, ,0, ,0, ,11.8, ,51.9, ,90, ,49, ,3, ,144, ,59.8, 
211,11/22/2014,0700,326,0, ,0, ,1, ,12, ,52.2, ,90, ,49.4, ,1.9, ,328, ,59.8,Y
211,11/22/2014,0800,326,0, ,0, ,65, ,12.4, ,52.9, ,90, ,50.2, ,1.8, ,111, ,59.7,Y
211,11/22/2014,0900,326,0, ,0, ,61, ,12.3, ,53.9, ,87, ,50, ,3.7, ,177, ,59.7,Y
211,11/22/2014,1000,326,0, ,0, ,153, ,12.8, ,53.7, ,91, ,51.1, ,4.1, ,166, ,59.7,Y
211,11/22/2014,1100,326,0, ,0, ,150, ,13.5, ,54.4, ,93, ,52.5, ,3.7, ,126, ,59.8,Y
211,11/22/2014,1200,326,0, ,0, ,231, ,14.6, ,56.4, ,94, ,54.7, ,4.6, ,152, ,59.8,Y
211,11/22/2014,1300,326,0, ,0, ,407, ,15.6, ,58.8, ,92, ,56.6, ,5.1, ,143, ,59.9, 
211,11/22/2014,1400,326,0, ,0, ,283, ,16.5, ,60.5, ,91, ,58, ,3.9, ,108, ,60.1, 
211,11/22/2014,1500,326,0, ,0, ,472, ,16.5, ,63.2, ,83, ,58.1, ,6.7, ,330, ,60.3, 
211,11/22/2014,1600,326,0, ,0, ,305, ,15.7, ,63.9, ,77, ,56.7, ,11, ,335, ,60.5, 
211,11/22/2014,1700,326,0, ,0, ,79, ,14.9, ,61.8, ,79, ,55.2, ,6.3, ,328, ,60.7, 
211,11/22/2014,1800,326,0, ,0, ,0, ,14.1, ,59.1, ,83, ,53.8, ,4.5, ,294, ,60.8, 
211,11/22/2014,1900,326,0, ,0, ,0, ,13.3, ,56, ,87, ,52.2, ,1.9, ,324, ,60.8, 
211,11/22/2014,2000,326,0, ,0, ,0, ,13, ,55.4, ,87, ,51.6, ,5, ,317, ,60.7, 
211,11/22/2014,2100,326,0, ,0, ,0, ,12.7, ,54, ,89, ,50.9, ,5.7, ,313, ,60.6, 
211,11/22/2014,2200,326,0, ,0, ,0, ,12.6, ,53.7, ,89, ,50.7, ,5.9, ,316, ,60.5, 
211,11/22/2014,2300,326,0, ,0, ,0, ,12.3, ,53, ,89, ,50, ,7, ,321, ,60.3, 
211,11/22/2014,2400,326,0, ,0, ,0, ,11.8, ,52.5, ,87, ,48.8, ,7, ,314, ,60.2, 
211,11/23/2014,0100,327,0, ,0, ,0, ,11.2, ,51.3, ,87, ,47.4, ,6.2, ,324, ,60.1, 
211,11/23/2014,0200,327,0, ,0, ,0, ,11.1, ,50.8, ,88, ,47.3, ,4.4, ,359, ,59.9, 
211,11/23/2014,0300,327,0, ,0, ,0, ,10.5, ,49.2, ,88, ,45.8, ,3.2, ,355, ,59.8, 
211,11/23/2014,0400,327,0, ,0, ,0, ,9.9, ,47, ,91, ,44.4, ,3.7, ,343, ,59.6, 
211,11/23/2014,0500,327,0, ,0, ,0, ,9.9, ,47.1, ,90, ,44.3, ,3.7, ,289, ,59.5, 
211,11/23/2014,0600,327,0, ,0, ,0, ,10, ,47.2, ,91, ,44.6, ,5.6, ,318, ,59.3, 
211,11/23/2014,0700,327,0, ,0, ,3, ,8.7, ,43.5, ,91, ,40.9, ,2.8, ,189, ,59.1, 
211,11/23/2014,0800,327,0, ,0, ,129, ,8.4, ,41.7, ,94, ,40, ,3.8, ,169, ,58.9, 
211,11/23/2014,0900,327,0, ,0, ,424, ,10.7, ,48.8, ,91, ,46.3, ,3.8, ,170, ,58.8, 
211,11/23/2014,1000,327,0.01, ,0, ,678, ,11.8, ,55.6, ,78, ,49, ,5.3, ,329, ,58.6, 
211,11/23/2014,1100,327,0.01, ,0, ,773, ,11.5, ,59.3, ,66, ,48.2, ,6.3, ,337, ,58.6, 
211,11/23/2014,1200,327,0.01, ,0, ,933, ,11, ,62.3, ,57, ,47.1, ,3, ,59, ,58.7, 
211,11/23/2014,1300,327,0.01, ,0, ,752, ,10.9, ,63.5, ,54, ,46.8, ,2.8, ,309, ,58.9, 
211,11/23/2014,1400,327,0.01, ,0, ,643, ,10.8, ,64.5, ,52, ,46.7, ,3.5, ,341, ,59.3, 
211,11/23/2014,1500,327,0.01, ,0, ,554, ,10.6, ,65.1, ,50, ,46, ,4.3, ,327, ,59.6, 
211,11/23/2014,1600,327,0.01, ,0, ,445, ,9.8, ,65.8, ,45, ,44, ,4, ,339, ,60, 
211,11/23/2014,1700,327,0, ,0, ,97, ,8.8, ,61.4, ,47, ,41.3, ,4.7, ,110, ,60.2, 
211,11/23/2014,1800,327,0, ,0, ,0, ,8.7, ,57.2, ,55, ,41, ,3.7, ,57, ,60.3, 
211,11/23/2014,1900,327,0, ,0, ,0, ,8.6, ,54.1, ,60, ,40.5, ,2.5, ,61, ,60.3, 
211,11/23/2014,2000,327,0, ,0, ,0, ,9, ,49.9, ,74, ,41.8, ,3.1, ,309, ,60.2, 
211,11/23/2014,2100,327,0, ,0, ,0, ,9, ,47.1, ,82, ,41.8, ,2.7, ,304, ,60, 
211,11/23/2014,2200,327,0, ,0, ,0, ,8.5, ,45.2, ,83, ,40.3, ,3.3, ,318, ,59.7, 
211,11/23/2014,2300,327,0, ,0, ,0, ,8.1, ,43.6, ,84, ,39.2, ,3.2, ,340, ,59.5, 
211,11/23/2014,2400,327,0, ,0, ,0, ,7.7, ,40.8, ,88, ,37.6, ,2.4, ,338, ,59.2, 
211,11/24/2014,0100,328,0, ,0, ,0, ,7.5, ,40.3, ,88, ,37.1, ,2.8, ,337, ,59, 
211,11/24/2014,0200,328,0, ,0, ,0, ,7.1, ,38.1, ,91, ,35.6, ,1.9, ,220, ,58.7, 
211,11/24/2014,0300,328,0, ,0, ,0, ,6.7, ,36.4, ,92, ,34.3, ,1.7, ,347, ,58.5, 
211,11/24/2014,0400,328,0, ,0, ,0, ,6.8, ,36.3, ,93, ,34.5, ,2.1, ,323, ,58.2, 
211,11/24/2014,0500,328,0, ,0, ,0, ,6.4, ,34.6, ,94, ,33, ,2.4, ,328, ,58, 
211,11/24/2014,0600,328,0, ,0, ,0, ,6.3, ,34.4, ,94, ,32.9, ,1.8, ,281, ,57.8, 
211,11/24/2014,0700,328,0, ,0, ,2, ,6, ,32.9, ,94, ,31.4, ,1.3, ,349, ,57.5, 
211,11/24/2014,0800,328,0, ,0, ,136, ,6.6, ,35.4, ,95, ,34.1, ,1.8, ,349, ,57.3, 
211,11/24/2014,0900,328,0, ,0, ,427, ,8, ,41.6, ,90, ,38.8, ,2.5, ,147, ,57.1, 
211,11/24/2014,1000,328,0.01, ,0, ,691, ,8.6, ,48.1, ,75, ,40.6, ,2.3, ,140, ,56.9, 
211,11/24/2014,1100,328,0.01, ,0, ,844, ,9.2, ,54, ,64, ,42.3, ,2.2, ,95, ,56.8, 
211,11/24/2014,1200,328,0.01, ,0, ,930, ,9.5, ,60.5, ,53, ,43.2, ,3, ,186, ,56.9, 
211,11/24/2014,1300,328,0.01, ,0, ,914, ,7.8, ,64.8, ,37, ,38.1, ,5, ,353, ,57.1, 
211,11/24/2014,1400,328,0.01, ,0, ,797, ,8.2, ,66.4, ,37, ,39.3, ,5.6, ,334, ,57.5, 
211,11/24/2014,1500,328,0.01, ,0, ,606, ,8.4, ,67.2, ,37, ,40.1, ,7.8, ,339, ,57.9, 
211,11/24/2014,1600,328,0.01, ,0, ,365, ,8.1, ,66.8, ,36, ,39, ,8.2, ,334, ,58.3, 
211,11/24/2014,1700,328,0, ,0, ,77, ,7.8, ,63.4, ,39, ,38.2, ,5, ,13, ,58.6, 
211,11/24/2014,1800,328,0, ,0, ,0, ,8.7, ,58.2, ,52, ,40.9, ,4.6, ,70, ,58.7, 
211,11/24/2014,1900,328,0, ,0, ,0, ,8.8, ,54, ,62, ,41.1, ,2.2, ,236, ,58.7, 
211,11/24/2014,2000,328,0, ,0, ,0, ,8.6, ,50.4, ,69, ,40.6, ,3, ,292, ,58.6, 
211,11/24/2014,2100,328,0, ,0, ,0, ,8.2, ,46.5, ,76, ,39.4, ,1.8, ,308, ,58.4, 
211,11/24/2014,2200,328,0, ,0, ,0, ,8, ,44.2, ,81, ,38.7, ,2.4, ,313, ,58.3, 
211,11/24/2014,2300,328,0, ,0, ,0, ,7.6, ,42.2, ,83, ,37.6, ,2.2, ,322, ,58.1, 
211,11/24/2014,2400,328,0, ,0, ,0, ,7.3, ,41.1, ,84, ,36.6, ,3.2, ,319, ,57.8, 
211,11/25/2014,0100,329,0, ,0, ,0, ,6.9, ,38.9, ,86, ,35.1, ,1.5, ,335, ,57.6, 
211,11/25/2014,0200,329,0, ,0, ,0, ,6.8, ,37.6, ,89, ,34.5, ,2, ,336, ,57.4, 
211,11/25/2014,0300,329,0, ,0, ,0, ,6.6, ,36.8, ,89, ,34, ,1.7, ,296, ,57.2, 
211,11/25/2014,0400,329,0, ,0, ,0, ,6.5, ,36.1, ,91, ,33.6, ,2.8, ,316, ,57, 
211,11/25/2014,0500,329,0, ,0, ,0, ,6.3, ,35.5, ,90, ,32.9, ,2, ,126, ,56.8, 
211,11/25/2014,0600,329,0, ,0, ,0, ,6.4, ,35.4, ,91, ,33.1, ,2.1, ,316, ,56.6, 
211,11/25/2014,0700,329,0, ,0, ,2, ,6.2, ,34.6, ,92, ,32.4, ,3, ,311, ,56.4, 
211,11/25/2014,0800,329,0, ,0, ,127, ,6.7, ,37.2, ,89, ,34.3, ,2.5, ,336, ,56.2, 
211,11/25/2014,0900,329,0, ,0, ,421, ,7.6, ,45.3, ,74, ,37.4, ,2.9, ,322, ,56.1, 
211,11/25/2014,1000,329,0.01, ,0, ,656, ,8.3, ,53, ,61, ,39.8, ,1.9, ,74, ,56, 
211,11/25/2014,1100,329,0.01, ,0, ,826, ,9, ,58.5, ,53, ,41.7, ,2, ,196, ,55.9, 
211,11/25/2014,1200,329,0.01, ,0, ,913, ,8.3, ,65, ,39, ,39.8, ,3.3, ,323, ,56.1, 
211,11/25/2014,1300,329,0.01, ,0, ,865, ,8.2, ,69.2, ,33, ,39.3, ,3.5, ,322, ,56.3, 
211,11/25/2014,1400,329,0.01, ,0, ,799, ,8.2, ,71.4, ,31, ,39.4, ,2.9, ,296, ,56.8, 
211,11/25/2014,1500,329,0.01, ,0, ,609, ,8, ,72.9, ,29, ,38.9, ,3.8, ,323, ,57.3, 
211,11/25/2014,1600,329,0.01, ,0, ,375, ,8.1, ,72, ,30, ,39.2, ,6.4, ,331, ,57.7, 
211,11/25/2014,1700,329,0, ,0, ,85, ,8.2, ,66.6, ,37, ,39.3, ,6.6, ,333, ,58.1, 
211,11/25/2014,1800,329,0, ,0, ,1, ,8, ,61.6, ,43, ,38.7, ,6.5, ,328, ,58.3, 
211,11/25/2014,1900,329,0, ,0, ,0, ,7.9, ,58, ,48, ,38.6, ,4.8, ,308, ,58.3, 
211,11/25/2014,2000,329,0, ,0, ,0, ,8.1, ,53.7, ,58, ,39.2, ,2.8, ,329, ,58.3, 
211,11/25/2014,2100,329,0, ,0, ,0, ,8.5, ,50.3, ,68, ,40.3, ,1.8, ,292, ,58.2, 
211,11/25/2014,2200,329,0, ,0, ,0, ,8.2, ,46.7, ,76, ,39.5, ,2.5, ,321, ,58, 
211,11/25/2014,2300,329,0, ,0, ,0, ,7.8, ,44.5, ,78, ,38.1, ,2.5, ,331, ,57.8, 
211,11/25/2014,2400,329,0, ,0, ,0, ,7.7, ,43, ,81, ,37.7, ,2.1, ,304, ,57.6, 
211,11/26/2014,0100,330,0, ,0, ,0, ,7.2, ,40.9, ,83, ,36.2, ,2.8, ,340, ,57.4, 
211,11/26/2014,0200,330,0, ,0, ,0, ,7.3, ,40.6, ,85, ,36.5, ,2.4, ,317, ,57.2, 
211,11/26/2014,0300,330,0, ,0, ,0, ,7, ,39.3, ,86, ,35.5, ,2, ,317, ,57, 
211,11/26/2014,0400,330,0, ,0, ,0, ,6.8, ,38.2, ,88, ,34.8, ,2.5, ,326, ,56.8, 
211,11/26/2014,0500,330,0, ,0, ,0, ,6.7, ,37.5, ,88, ,34.3, ,2.9, ,336, ,56.6, 
211,11/26/2014,0600,330,0, ,0, ,0, ,6.9, ,38.6, ,87, ,35.1, ,2.7, ,320, ,56.4, 
211,11/26/2014,0700,330,0, ,0, ,2, ,6.5, ,36.3, ,89, ,33.4, ,2.6, ,168, ,56.2, 
211,11/26/2014,0800,330,0, ,0, ,128, ,7, ,38, ,90, ,35.2, ,2.2, ,320, ,56.1, 
211,11/26/2014,0900,330,0, ,0, ,420, ,8.3, ,45.5, ,80, ,39.8, ,4.8, ,325, ,55.9, 
211,11/26/2014,1000,330,0.01, ,0, ,657, ,9.2, ,54.5, ,63, ,42.3, ,4, ,310, ,55.8, 
211,11/26/2014,1100,330,0.01, ,0, ,827, ,9.6, ,61.4, ,52, ,43.4, ,2.6, ,299, ,55.8, 
211,11/26/2014,1200,330,0.01, ,0, ,912, ,9, ,66.7, ,40, ,41.9, ,2.4, ,264, ,55.9, 
211,11/26/2014,1300,330,0.01, ,0, ,900, ,8.6, ,71, ,33, ,40.6, ,2.2, ,234, ,56.2, 
211,11/26/2014,1400,330,0.01,Y,0, ,793, ,9.1, ,73.9,Y,32,Y,42,Y,2.6, ,164, ,56.7, 
211,11/26/2014,1500,330,0.01,Y,0, ,607, ,9.1, ,75.3,Y,30,Y,42,Y,2.7, ,172, ,57.2, 
211,11/26/2014,1600,330,0,Y,0, ,364, ,8.5, ,76.6,Y,27,Y,40.3,Y,1.9, ,163, ,57.7, 
211,11/26/2014,1700,330,0,R,0, ,68, ,8.9, ,72.6,R,32,R,41.5,R,1.8, ,243, ,58.1, 
211,11/26/2014,1800,330,0,Y,0, ,0, ,9.7, ,64,Y,48,Y,43.8,Y,5.2, ,319, ,58.3, 
211,11/26/2014,1900,330,0,Y,0, ,0, ,9.9, ,61.3,Y,53,Y,44.3,Y,5.9, ,308, ,58.4, 
211,11/26/2014,2000,330,0, ,0, ,0, ,9.7, ,56.8, ,62, ,43.9, ,3.5, ,327, ,58.4, 
211,11/26/2014,2100,330,0, ,0, ,0, ,9.5, ,54.2, ,66, ,43.3, ,2.4, ,311, ,58.3, 
211,11/26/2014,2200,330,0, ,0, ,0, ,9.1, ,50.2, ,73, ,42, ,2, ,320, ,58.1, 
211,11/26/2014,2300,330,0, ,0, ,0, ,8.6, ,47.8, ,76, ,40.8, ,1.7, ,323, ,58, 
211,11/26/2014,2400,330,0, ,0, ,0, ,8.3, ,45.6, ,80, ,39.8, ,2.3, ,230, ,57.8, 
211,11/27/2014,0100,331,0, ,0, ,0, ,8.1, ,44.1, ,83, ,39.2, ,2, ,322, ,57.6, 
211,11/27/2014,0200,331,0, ,0, ,0, ,7.9, ,43, ,84, ,38.6, ,3.3, ,325, ,57.4, 
211,11/27/2014,0300,331,0, ,0, ,0, ,7.8, ,42.2, ,85, ,38, ,1.9, ,338, ,57.2, 
211,11/27/2014,0400,331,0, ,0, ,0, ,7.8, ,41.4, ,87, ,38, ,2.4, ,161, ,57, 
211,11/27/2014,0500,331,0, ,0, ,0, ,7.3, ,40, ,88, ,36.6, ,1.7, ,358, ,56.8, 
211,11/27/2014,0600,331,0, ,0, ,0, ,7.7, ,40.7, ,89, ,37.6, ,2.2, ,304, ,56.7, 
211,11/27/2014,0700,331,0, ,0, ,2, ,7.2, ,39.3, ,89, ,36.2, ,2.3, ,323, ,56.5, 
211,11/27/2014,0800,331,0, ,0, ,93, ,7.5, ,40.1, ,88, ,37, ,1.7, ,34, ,56.4, 
211,11/27/2014,0900,331,0, ,0, ,338, ,8.8, ,46.7, ,81, ,41.3, ,2.4, ,314, ,56.2, 
211,11/27/2014,1000,331,0, ,0, ,493, ,9.7, ,51.7, ,74, ,43.9, ,4.2, ,323, ,56.1, 
211,11/27/2014,1100,331,0.01, ,0, ,697, ,10.2, ,59.2, ,59, ,45.1, ,4.6, ,331, ,56.1, 
211,11/27/2014,1200,331,0.01, ,0, ,920, ,9.9, ,66.4, ,45, ,44.2, ,3.8, ,322, ,56.2, 
211,11/27/2014,1300,331,0.01,Y,0, ,916, ,9.6, ,72.2,Y,35,Y,43.4,Y,3.3, ,314, ,56.4, 
211,11/27/2014,1400,331,0.01,Y,0, ,806, ,8.9, ,75.3,Y,30,Y,41.6,Y,4.8, ,305, ,56.8, 
211,11/27/2014,1500,331,0.01,Y,0, ,613, ,7.7, ,77.3,Y,24,Y,37.9,Y,5.7, ,329, ,57.3, 
211,11/27/2014,1600,331,0.01,Y,0, ,365, ,7.7, ,76.4,Y,25,Y,37.8,Y,5.4, ,321, ,57.8, 
211,11/27/2014,1700,331,0,R,0, ,72, ,7.8, ,71.1,R,30,R,38,R,4.5, ,329, ,58, 
211,11/27/2014,1800,331,0,Y,0, ,0, ,8.3, ,61.9,Y,44,Y,39.8,Y,1.6, ,205, ,58.2, 
211,11/27/2014,1900,331,0, ,0, ,0, ,8.2, ,55.3, ,55, ,39.4, ,1.8, ,337, ,58.2, 
211,11/27/2014,2000,331,0, ,0, ,0, ,8, ,50.9, ,63, ,38.7, ,1.8, ,325, ,58.1, 
211,11/27/2014,2100,331,0, ,0, ,0, ,7.6, ,48.1, ,66, ,37.5, ,2.3, ,321, ,57.9, 
211,11/27/2014,2200,331,0, ,0, ,0, ,7.1, ,44.7, ,71, ,35.9, ,1.7, ,328, ,57.7, 
211,11/27/2014,2300,331,0, ,0, ,0, ,7, ,42.2, ,77, ,35.5, ,2.5, ,325, ,57.4, 
211,11/27/2014,2400,331,0, ,0, ,0, ,6.8, ,40.8, ,78, ,34.6, ,2.4, ,337, ,57.1, 
211,11/28/2014,0100,332,0, ,0, ,0, ,6.5, ,38.8, ,81, ,33.6, ,2.4, ,320, ,56.9, 
211,11/28/2014,0200,332,0, ,0, ,0, ,6.2, ,37, ,83, ,32.4, ,1.8, ,333, ,56.6, 
211,11/28/2014,0300,332,0, ,0, ,0, ,6, ,35.5, ,85, ,31.4, ,1.2, ,349, ,56.4, 
211,11/28/2014,0400,332,0, ,0, ,0, ,6, ,34.7, ,88, ,31.6, ,1.3, ,313, ,56.2, 
211,11/28/2014,0500,332,0, ,0, ,0, ,5.6, ,32.7, ,89, ,29.9, ,2.4, ,331, ,55.9, 
211,11/28/2014,0600,332,0, ,0, ,0, ,5.6, ,32.7, ,89, ,29.9, ,1.8, ,321, ,55.7, 
211,11/28/2014,0700,332,0, ,0, ,2, ,5.4, ,31.4, ,90, ,28.7, ,2.2, ,315, ,55.5, 
211,11/28/2014,0800,332,0, ,0, ,124, ,5.7, ,32.8, ,90, ,30.1, ,2.9, ,327, ,55.2, 
211,11/28/2014,0900,332,0, ,0, ,424, ,7.4, ,41.8, ,83, ,36.9, ,7.7, ,325, ,55, 
211,11/28/2014,1000,332,0.01, ,0, ,665, ,9.5, ,50.2, ,77, ,43.2, ,6, ,315, ,54.8, 
211,11/28/2014,1100,332,0.01, ,0, ,847, ,9.3, ,55.9, ,61, ,42.7, ,3.2, ,169, ,54.8, 
211,11/28/2014,1200,332,0.01, ,0, ,942, ,8.6, ,59.5, ,50, ,40.6, ,4.8, ,144, ,54.9, 
211,11/28/2014,1300,332,0.01, ,0, ,927, ,8.5, ,64.5, ,41, ,40.3, ,3.7, ,161, ,55.1, 
211,11/28/2014,1400,332,0.01, ,0, ,818, ,7.7, ,68.7, ,32, ,37.9, ,3.3, ,146, ,55.5, 
211,11/28/2014,1500,332,0.01, ,0, ,626, ,6.5, ,71, ,25, ,33.5, ,4.2, ,119, ,56, 
211,11/28/2014,1600,332,0.01, ,0, ,377, ,6.2, ,69.3, ,25, ,32.3, ,7.5, ,95, ,56.5, 
211,11/28/2014,1700,332,0, ,0, ,75, ,7.4, ,62.1, ,39, ,36.8, ,5.9, ,127, ,56.8, 
211,11/28/2014,1800,332,0, ,0, ,0, ,8.8, ,55.3, ,59, ,41.3, ,5.2, ,112, ,56.9, 
211,11/28/2014,1900,332,0, ,0, ,0, ,9.5, ,51.6, ,73, ,43.3, ,4.3, ,120, ,56.9, 
211,11/28/2014,2000,332,0, ,0, ,0, ,9.5, ,49.4, ,79, ,43.3, ,3.3, ,130, ,56.9, 
211,11/28/2014,2100,332,0, ,0, ,0, ,9.4, ,47.9, ,83, ,43, ,3.6, ,149, ,56.8, 
211,11/28/2014,2200,332,0, ,0, ,0, ,9.7, ,47.1, ,88, ,43.6, ,3.5, ,152, ,56.6, 
211,11/28/2014,2300,332,0, ,0, ,0, ,10, ,47.9, ,88, ,44.7, ,4.4, ,147, ,56.5, 
211,11/28/2014,2400,332,0, ,0, ,0, ,10.5, ,50.5, ,84, ,45.8, ,6.9, ,149, ,56.3, 
211,11/29/2014,0100,333,0, ,0, ,0, ,10.3, ,50.3, ,83, ,45.4, ,6.7, ,152, ,56.2, 
211,11/29/2014,0200,333,0, ,0, ,0, ,9.8, ,49.2, ,83, ,44.1, ,6.9, ,158, ,56.2, 
211,11/29/2014,0300,333,0, ,0, ,0, ,9.6, ,48.4, ,83, ,43.3, ,3.6, ,140, ,56.2, 
211,11/29/2014,0400,333,0, ,0, ,0, ,9.5, ,48.4, ,83, ,43.3, ,5.1, ,174, ,56.1, 
211,11/29/2014,0500,333,0, ,0, ,0, ,9.1, ,48.3, ,79, ,42.2, ,4, ,158, ,56.1, 
211,11/29/2014,0600,333,0, ,0, ,0, ,9.1, ,48.3, ,79, ,42.1, ,3.4, ,162, ,56.1, 
211,11/29/2014,0700,333,0, ,0.01, ,1, ,9.1, ,48.4, ,79, ,42.1, ,3.3, ,351, ,56.1, 
211,11/29/2014,0800,333,0, ,0.11, ,18, ,9.8, ,47.5, ,87, ,43.9, ,2.3, ,265, ,56.2, 
211,11/29/2014,0900,333,0, ,0.03, ,144, ,10.4, ,47.8, ,92, ,45.5, ,5, ,169, ,56.2, 
211,11/29/2014,1000,333,0, ,0.01, ,190, ,10.6, ,49.6, ,87, ,46, ,2.3, ,128, ,56.2, 
211,11/29/2014,1100,333,0, ,0.01, ,246, ,11.2, ,51.4, ,87, ,47.6, ,2, ,299, ,56.2, 
211,11/29/2014,1200,333,0, ,0.03, ,248, ,11.7, ,52.6, ,86, ,48.6, ,2.1, ,328, ,56.3, 
211,11/29/2014,1300,333,0, ,0.06, ,262, ,12.2, ,53.2, ,89, ,49.9, ,5, ,139, ,56.5, 
211,11/29/2014,1400,333,0, ,0, ,312, ,12.6, ,54.5, ,87, ,50.7, ,4.2, ,169, ,56.7, 
211,11/29/2014,1500,333,0, ,0, ,212, ,13.1, ,55.1, ,88, ,51.7, ,2.1, ,239, ,56.9, 
211,11/29/2014,1600,333,0, ,0, ,115, ,13.6, ,56.3, ,88, ,52.7, ,2.2, ,351, ,57.1, 
211,11/29/2014,1700,333,0, ,0, ,19, ,13.7, ,56.2, ,89, ,52.9, ,2.2, ,10, ,57.3, 
211,11/29/2014,1800,333,0, ,0, ,0, ,13.7, ,55.8, ,90, ,52.9, ,2.3, ,90, ,57.4, 
211,11/29/2014,1900,333,0, ,0, ,0, ,13.5, ,55.1, ,92, ,52.6, ,4, ,184, ,57.5, 
211,11/29/2014,2000,333,0, ,0, ,0, ,13.4, ,54.6, ,92, ,52.4, ,5, ,241, ,57.6, 
211,11/29/2014,2100,333,0, ,0, ,0, ,13.2, ,53.9, ,93, ,51.8, ,3.2, ,351, ,57.6, 
211,11/29/2014,2200,333,0, ,0, ,0, ,13.2, ,53.9, ,93, ,51.9, ,2.6, ,236, ,57.6, 
211,11/29/2014,2300,333,0, ,0, ,0, ,12.8, ,52.8, ,94, ,51, ,2.8, ,106, ,57.6, 
211,11/29/2014,2400,333,0, ,0, ,0, ,12.4, ,51.8, ,94, ,50.2, ,1.8, ,275, ,57.6, 
211,11/30/2014,0100,334,0, ,0, ,0, ,11.2, ,49, ,94, ,47.4, ,1.6, ,341, ,57.5, 
211,11/30/2014,0200,334,0, ,0, ,0, ,10.5, ,47.3, ,95, ,45.8, ,2.2, ,57, ,57.5, 
211,11/30/2014,0300,334,0, ,0, ,0, ,10.2, ,46.5, ,95, ,45.2, ,2.4, ,158, ,57.3, 
211,11/30/2014,0400,334,0, ,0, ,0, ,10.3, ,46.5, ,95, ,45.3, ,3, ,169, ,57.2, 
211,11/30/2014,0500,334,0, ,0, ,0, ,9.8, ,45.1, ,96, ,43.9, ,2.1, ,79, ,57.1, 
211,11/30/2014,0600,334,0, ,0, ,0, ,9.9, ,45.3, ,96, ,44.2, ,2.3, ,348, ,57, 
211,11/30/2014,0700,334,0, ,0, ,0, ,10.1, ,45.9, ,96, ,44.8, ,3, ,305, ,56.9, 
211,11/30/2014,0800,334,0, ,0.01, ,6, ,10.5, ,46.8, ,96, ,45.7, ,2.7, ,333, ,56.9, 
211,11/30/2014,0900,334,0, ,0.07, ,73, ,11.8, ,50, ,96, ,48.9, ,6.7, ,141, ,56.8, 
211,11/30/2014,1000,334,0, ,0.01, ,131, ,12.2, ,55.8, ,80, ,49.9, ,6, ,127, ,56.8, 
211,11/30/2014,1100,334,0, ,0, ,224, ,13.2, ,58.8, ,78, ,51.9, ,14.8, ,135, ,56.8, 
211,11/30/2014,1200,334,0, ,0.07, ,109, ,13.8, ,58.4, ,83, ,53.2, ,9.8, ,149, ,56.8, 
211,11/30/2014,1300,334,0, ,0.03, ,159, ,14.6, ,57.3, ,91, ,54.7, ,2.3, ,39, ,56.9, 
211,11/30/2014,1400,334,0, ,0.05, ,243, ,15.1, ,58.3, ,91, ,55.6, ,2.7, ,344, ,57, 
211,11/30/2014,1500,334,0, ,0.01, ,382, ,15.5, ,59.8, ,88, ,56.3, ,3.9, ,307, ,57.2, 
211,11/30/2014,1600,334,0, ,0, ,237, ,15.3, ,61.9, ,81, ,56, ,4.2, ,6, ,57.4, 
211,11/30/2014,1700,334,0, ,0, ,63, ,14.8, ,61.7, ,79, ,55, ,3.9, ,46, ,57.7, 
211,11/30/2014,1800,334,0, ,0, ,0, ,14.9, ,60.2, ,84, ,55.2, ,3.1, ,208, ,57.9, 
211,11/30/2014,1900,334,0, ,0, ,0, ,14.8, ,58.4, ,89, ,55.1, ,2.1, ,327, ,58, 
211,11/30/2014,2000,334,0, ,0, ,0, ,14.5, ,56.9, ,92, ,54.5, ,1.9, ,167, ,58.1, 
211,11/30/2014,2100,334,0, ,0, ,0, ,14.1, ,55.8, ,93, ,53.8, ,1.3, ,328, ,58.1, 
211,11/30/2014,2200,334,0, ,0, ,0, ,13.4, ,54.2, ,94, ,52.4, ,2.3, ,329, ,58.1, 
211,11/30/2014,2300,334,0, ,0, ,0, ,13.1, ,53.2, ,94, ,51.7, ,3.2, ,284, ,58.1, 
211,11/30/2014,2400,334,0, ,0, ,0, ,12.2, ,51.3, ,95, ,49.9, ,3.5, ,318, ,58,Y
211,12/1/2014,0100,335,0, ,0, ,0, ,11.6, ,49.8, ,95, ,48.5, ,2.5, ,322, ,57.9,Y
211,12/1/2014,0200,335,0, ,0, ,0, ,11.1, ,48.6, ,95, ,47.3, ,2.8, ,299, ,57.8,Y
211,12/1/2014,0300,335,0, ,0, ,0, ,10.3, ,46.6, ,95, ,45.3, ,2.2, ,337, ,57.7,Y
211,12/1/2014,0400,335,0, ,0, ,0, ,10.1, ,46.1, ,95, ,44.8, ,1.6, ,337, ,57.6,Y
211,12/1/2014,0500,335,0, ,0, ,0, ,9.6, ,44.8, ,96, ,43.6, ,1.8, ,179, ,57.4,Y
211,12/1/2014,0600,335,0, ,0, ,0, ,9.4, ,44.2, ,96, ,43, ,1.8, ,53, ,57.3,Y
211,12/1/2014,0700,335,0, ,0, ,1, ,9.3, ,43.8, ,96, ,42.6, ,2.3, ,322, ,57.1,Y
211,12/1/2014,0800,335,0, ,0, ,80, ,9.6, ,44.5, ,96, ,43.4, ,2, ,155, ,57,Y
211,12/1/2014,0900,335,0, ,0, ,259, ,10.6, ,47.1, ,96, ,46.1, ,1.5, ,155, ,56.9,Y
211,12/1/2014,1000,335,0, ,0, ,237, ,12, ,50.5, ,96, ,49.4, ,3, ,142, ,56.8,Y
211,12/1/2014,1100,335,0.01, ,0, ,563, ,13.5, ,53.6, ,96, ,52.5, ,3, ,259, ,56.8, 
211,12/1/2014,1200,335,0.01, ,0, ,644, ,15.7, ,61.7, ,84, ,56.7, ,3.6, ,268, ,56.9, 
211,12/1/2014,1300,335,0, ,0, ,315, ,15.8, ,64.5, ,76, ,56.9, ,2.7, ,240, ,57.1, 
211,12/1/2014,1400,335,0, ,0.05, ,229, ,16.2, ,63.6, ,81, ,57.6, ,3.6, ,167, ,57.4, 
211,12/1/2014,1500,335,0.01, ,0, ,492, ,16.7, ,64.9, ,80, ,58.5, ,2.8, ,161, ,57.7, 
211,12/1/2014,1600,335,0, ,0, ,338, ,16.2, ,65.2, ,76, ,57.5, ,8.8, ,135, ,58, 
211,12/1/2014,1700,335,0, ,0, ,62, ,15.8, ,63.4, ,79, ,56.9, ,4.1, ,144, ,58.4, 
211,12/1/2014,1800,335,0, ,0, ,0, ,15.3, ,60.2, ,86, ,56, ,2.1, ,182, ,58.6, 
211,12/1/2014,1900,335,0, ,0, ,0, ,14.9, ,58.3, ,90, ,55.2, ,2.9, ,282, ,58.7,Y
211,12/1/2014,2000,335,0, ,0, ,0, ,13.9, ,55.5, ,92, ,53.3, ,3.3, ,308, ,58.7,Y
211,12/1/2014,2100,335,0, ,0, ,0, ,12.8, ,52.7, ,94, ,51, ,2.7, ,324, ,58.6,Y
211,12/1/2014,2200,335,0, ,0, ,0, ,12.5, ,51.9, ,95, ,50.5, ,2.6, ,289, ,58.5,Y
211,12/1/2014,2300,335,0, ,0, ,0, ,12, ,50.6, ,95, ,49.3, ,3, ,311, ,58.4,Y
211,12/1/2014,2400,335,0, ,0, ,0, ,11.3, ,49, ,95, ,47.7, ,2.7, ,310, ,58.3,Y
211,12/2/2014,0100,336,0, ,0, ,0, ,11.3, ,49, ,95, ,47.8, ,3, ,314, ,58.1,Y
211,12/2/2014,0200,336,0, ,0.01, ,0, ,12.4, ,51.5, ,96, ,50.3, ,4.3, ,293, ,58,Y
211,12/2/2014,0300,336,0, ,0.02, ,0, ,12.8, ,52.7, ,94, ,51.2, ,5.1, ,276, ,57.9,Y
211,12/2/2014,0400,336,0, ,0.02, ,0, ,12.9, ,53.2, ,94, ,51.4, ,4.4, ,330, ,57.8,Y
211,12/2/2014,0500,336,0, ,0.07, ,0, ,13.1, ,53.7, ,94, ,51.8, ,4.8, ,295, ,57.8,Y
211,12/2/2014,0600,336,0, ,0.11, ,0, ,13.4, ,53.9, ,94, ,52.3, ,8, ,326, ,57.8,Y
211,12/2/2014,0700,336,0, ,0.07, ,0, ,13.4, ,53.9, ,95, ,52.4, ,7.3, ,318, ,57.8,Y
211,12/2/2014,0800,336,0, ,0.19, ,9, ,13.3, ,53.7, ,95, ,52.2, ,5.3, ,334, ,57.7,Y
211,12/2/2014,0900,336,0, ,0.11, ,51, ,13.4, ,53.9, ,94, ,52.4, ,2.7, ,141, ,57.7,Y
211,12/2/2014,1000,336,0, ,0.06, ,57, ,13.3, ,55.3, ,89, ,52.2, ,5.3, ,159, ,57.6,Y
211,12/2/2014,1100,336,0, ,0.1, ,151, ,13, ,55.3, ,87, ,51.5, ,4.5, ,88, ,57.6,Y
211,12/2/2014,1200,336,0, ,0.04, ,205, ,13, ,55.8, ,86, ,51.6, ,5.8, ,89, ,57.7,Y
211,12/2/2014,1300,336,0, ,0.06, ,122, ,12.9, ,56.2, ,83, ,51.2, ,8.3, ,81, ,57.7,Y
211,12/2/2014,1400,336,0, ,0.05, ,98, ,13.3, ,55.4, ,89, ,52.2, ,6.3, ,311, ,57.8,Y
211,12/2/2014,1500,336,0, ,0, ,100, ,13.8, ,55.3, ,92, ,53.1, ,6.2, ,291, ,57.9, 
211,12/2/2014,1600,336,0, ,0, ,86, ,14, ,56.9, ,89, ,53.6, ,3.5, ,197, ,58, 
211,12/2/2014,1700,336,0, ,0, ,12, ,14.2, ,57.2, ,88, ,53.8, ,2.9, ,250, ,58, 
211,12/2/2014,1800,336,0, ,0, ,0, ,14.1, ,56.4, ,91, ,53.8, ,3, ,305, ,58.1, 
211,12/2/2014,1900,336,0, ,0, ,0, ,13.5, ,54.5, ,93, ,52.5, ,2.1, ,22, ,58.2, 
211,12/2/2014,2000,336,0, ,0, ,0, ,12.7, ,52.7, ,94, ,50.9, ,2.1, ,140, ,58.2, 
211,12/2/2014,2100,336,0, ,0, ,0, ,12.2, ,51.4, ,94, ,49.8, ,2, ,323, ,58.1, 
211,12/2/2014,2200,336,0, ,0, ,0, ,12.5, ,51.8, ,95, ,50.4, ,3.3, ,309, ,58.1, 
211,12/2/2014,2300,336,0, ,0, ,0, ,12.2, ,51.3, ,95, ,49.9, ,1.5, ,305, ,58,Y
211,12/2/2014,2400,336,0, ,0, ,0, ,13.8, ,55, ,94, ,53.2, ,4.7, ,181, ,57.9,Y
211,12/3/2014,0100,337,0,Y,0, ,0, ,13.9, ,57.6,Y,86,Y,53.4,Y,6.5, ,149, ,57.8,Y
211,12/3/2014,0200,337,0,Y,0, ,0, ,14.1, ,59.6,Y,81,Y,53.7,Y,8.4, ,129, ,57.8,Y
211,12/3/2014,0300,337,0,Y,0.03, ,0, ,14.2, ,58.7,Y,84,Y,54,Y,6.1, ,138, ,57.8,Y
211,12/3/2014,0400,337,0,Y,0.02, ,0, ,14.2, ,58.9,Y,83,Y,53.9,Y,7.6, ,143, ,57.8,Y
211,12/3/2014,0500,337,0,Y,0.02, ,0, ,14.4, ,58.2,Y,87,Y,54.2,Y,6.4, ,129, ,57.9,Y
211,12/3/2014,0600,337,0,Y,0.02, ,0, ,14.4, ,58.1,Y,87,Y,54.4,Y,6.2, ,134, ,57.9,Y
211,12/3/2014,0700,337,0,Y,0, ,0, ,14.2, ,58.9,Y,84,Y,54,Y,7, ,138, ,58,Y
211,12/3/2014,0800,337,0,Y,0.07, ,16, ,14.5, ,57.8,Y,89,Y,54.5,Y,6.4, ,127, ,58,Y
211,12/3/2014,0900,337,0, ,0.02, ,84, ,14.9, ,58.7, ,89, ,55.3, ,6, ,151, ,58.1,Y
211,12/3/2014,1000,337,0, ,0.02, ,291, ,15.6, ,59.5, ,90, ,56.6, ,5.6, ,154, ,58.1,Y
211,12/3/2014,1100,337,0.01,Y,0, ,419, ,16.2, ,63.6,Y,81,Y,57.6,Y,9.6, ,144, ,58.2,Y
211,12/3/2014,1200,337,0, ,0, ,296, ,16.2, ,64.8, ,77, ,57.6, ,5.7, ,176, ,58.4,Y
211,12/3/2014,1300,337,0, ,0, ,304, ,15.8, ,65.4, ,74, ,56.9, ,7, ,185, ,58.5,Y
211,12/3/2014,1400,337,0, ,0, ,290, ,16.1, ,63.9, ,79, ,57.3, ,5.7, ,205, ,58.7,Y
211,12/3/2014,1500,337,0, ,0.07, ,103, ,16.5, ,62.4, ,86, ,58, ,3.3, ,186, ,58.9,Y
211,12/3/2014,1600,337,0, ,0.06, ,86, ,16.6, ,60.9, ,91, ,58.3, ,3.1, ,159, ,59.1,Y
211,12/3/2014,1700,337,0, ,0.04, ,21, ,16.4, ,59.9, ,93, ,57.9, ,3.6, ,135, ,59.3,Y
211,12/3/2014,1800,337,0, ,0.16, ,0, ,15.9, ,58.9, ,94, ,57.1, ,2, ,72, ,59.4,Y
211,12/3/2014,1900,337,0, ,0, ,0, ,15.7, ,58.4, ,94, ,56.6, ,1.5, ,104, ,59.5,Y
211,12/3/2014,2000,337,0, ,0, ,0, ,15, ,57.3, ,94, ,55.4, ,3.2, ,153, ,59.6,Y
211,12/3/2014,2100,337,0, ,0, ,0, ,14.8, ,56.9, ,94, ,55.1, ,2.4, ,160, ,59.6,Y
211,12/3/2014,2200,337,0, ,0, ,0, ,14.2, ,55.6, ,94, ,54, ,2.3, ,131, ,59.5,Y
211,12/3/2014,2300,337,0, ,0, ,0, ,14.5, ,56, ,95, ,54.6, ,2.6, ,127, ,59.4,Y
211,12/3/2014,2400,337,0, ,0, ,0, ,15, ,56.9, ,95, ,55.4, ,2.4, ,152, ,59.3,Y
211,12/4/2014,0100,338,0, ,0.01, ,0, ,14.7, ,56.4, ,94, ,54.8, ,1.8, ,205, ,59.3,Y
211,12/4/2014,0200,338,0, ,0, ,0, ,14.4, ,55.8, ,95, ,54.2, ,1.8, ,252, ,59.2,Y
211,12/4/2014,0300,338,0, ,0, ,0, ,13.4, ,53.8, ,95, ,52.4, ,1.8, ,326, ,59.2,Y
211,12/4/2014,0400,338,0, ,0, ,0, ,13.6, ,54.1, ,95, ,52.8, ,2.7, ,146, ,59.1,Y
211,12/4/2014,0500,338,0, ,0, ,0, ,13.7, ,54.3, ,96, ,53, ,1.6, ,316, ,59.1,Y
211,12/4/2014,0600,338,0, ,0, ,0, ,13.3, ,53.4, ,96, ,52.2, ,3.3, ,137, ,59,Y
211,12/4/2014,0700,338,0, ,0, ,0, ,12.9, ,52.4, ,96, ,51.3, ,3.7, ,141, ,59,Y
211,12/4/2014,0800,338,0, ,0, ,37, ,13.2, ,53.1, ,96, ,52, ,2.7, ,134, ,59,Y
211,12/4/2014,0900,338,0, ,0, ,181, ,13.7, ,54, ,96, ,52.9, ,3.9, ,147, ,58.9,Y
211,12/4/2014,1000,338,0, ,0, ,389, ,14.1, ,54.8, ,96, ,53.7, ,2.1, ,129, ,58.9,Y
211,12/4/2014,1100,338,0.01, ,0, ,607, ,15.3, ,57, ,96, ,55.9, ,2.2, ,7, ,59,Y
211,12/4/2014,1200,338,0.01, ,0, ,965, ,17.3, ,60.7, ,95, ,59.3, ,2.1, ,183, ,59.1,Y
211,12/4/2014,1300,338,0.01, ,0, ,759, ,16.3, ,64.9, ,78, ,57.8, ,3.6, ,302, ,59.4,Y
211,12/4/2014,1400,338,0.01, ,0, ,612, ,15.2, ,66.5, ,68, ,55.8, ,3.3, ,344, ,59.7,Y
211,12/4/2014,1500,338,0, ,0, ,355, ,14.5, ,66.4, ,66, ,54.5, ,3.6, ,339, ,60.1,Y
211,12/4/2014,1600,338,0, ,0, ,287, ,15.2, ,64.8, ,73, ,55.8, ,5.1, ,297, ,60.4,Y
211,12/4/2014,1700,338,0, ,0, ,44, ,15, ,62.5, ,78, ,55.5, ,5.1, ,282, ,60.6,Y
211,12/4/2014,1800,338,0, ,0, ,0, ,14.7, ,59.1, ,86, ,54.9, ,4, ,344, ,60.7,Y
211,12/4/2014,1900,338,0, ,0, ,0, ,14.2, ,57.4, ,88, ,54, ,1.9, ,300, ,60.7,Y
211,12/4/2014,2000,338,0, ,0, ,0, ,13.7, ,55.3, ,92, ,53, ,1.9, ,137, ,60.6,Y
211,12/4/2014,2100,338,0, ,0, ,0, ,13.6, ,54.5, ,94, ,52.7, ,2.5, ,178, ,60.5,Y
211,12/4/2014,2200,338,0, ,0, ,0, ,13.3, ,53.6, ,94, ,52.1, ,1.9, ,182, ,60.3,Y
211,12/4/2014,2300,338,0, ,0, ,0, ,12.9, ,52.8, ,95, ,51.3, ,2.3, ,321, ,60.2,Y
211,12/4/2014,2400,338,0, ,0, ,0, ,12.3, ,51.4, ,95, ,50, ,1.9, ,315, ,60,Y
211,12/5/2014,0100,339,0, ,0, ,0, ,12.5, ,51.7, ,96, ,50.5, ,2.4, ,326, ,59.8,Y
211,12/5/2014,0200,339,0, ,0, ,0, ,13.2, ,53.1, ,96, ,51.9, ,2.1, ,136, ,59.7,Y
211,12/5/2014,0300,339,0, ,0, ,0, ,13.3, ,53.3, ,96, ,52.1, ,2.2, ,151, ,59.6,Y
211,12/5/2014,0400,339,0, ,0, ,0, ,13.3, ,53.4, ,96, ,52.2, ,1.6, ,198, ,59.5,Y
211,12/5/2014,0500,339,0, ,0, ,0, ,13.3, ,53.3, ,96, ,52.1, ,1.8, ,85, ,59.5,Y
211,12/5/2014,0600,339,0, ,0, ,0, ,13, ,52.7, ,96, ,51.6, ,1.6, ,125, ,59.5,Y
211,12/5/2014,0700,339,0, ,0, ,0, ,13.2, ,53, ,96, ,51.9, ,1.5, ,171, ,59.4,Y
211,12/5/2014,0800,339,0, ,0, ,27, ,13.1, ,52.8, ,96, ,51.7, ,1.6, ,165, ,59.4,Y
211,12/5/2014,0900,339,0, ,0, ,113, ,13.5, ,53.5, ,96, ,52.5, ,1.6, ,259, ,59.4,Y
211,12/5/2014,1000,339,0, ,0, ,204, ,13.8, ,54.1, ,96, ,53.1, ,1.2, ,58, ,59.4,Y
211,12/5/2014,1100,339,0, ,0, ,318, ,14.4, ,55.3, ,96, ,54.2, ,1.7, ,35, ,59.4,Y
211,12/5/2014,1200,339,0, ,0, ,424, ,15.4, ,57.6, ,95, ,56.2, ,2.7, ,231, ,59.5,Y
211,12/5/2014,1300,339,0, ,0, ,365, ,15.1, ,60.6, ,84, ,55.6, ,2.1, ,184, ,59.7,Y
211,12/5/2014,1400,339,0, ,0, ,364, ,15.5, ,62.7, ,79, ,56.3, ,3.9, ,168, ,59.9,Y
211,12/5/2014,1500,339,0, ,0, ,194, ,15.5, ,62.9, ,79, ,56.4, ,5.7, ,177, ,60.1,Y
211,12/5/2014,1600,339,0, ,0.02, ,166, ,15.6, ,61.4, ,84, ,56.5, ,2.4, ,191, ,60.3,Y
211,12/5/2014,1700,339,0, ,0.01, ,16, ,15.9, ,60.9, ,87, ,57, ,2.3, ,128, ,60.5,Y
211,12/5/2014,1800,339,0, ,0.19, ,0, ,15.4, ,58.8, ,91, ,56.1, ,5.6, ,155, ,60.6,Y
211,12/5/2014,1900,339,0, ,0.05, ,0, ,15.1, ,57.6, ,93, ,55.6, ,4.6, ,153, ,60.6,Y
211,12/5/2014,2000,339,0, ,0, ,0, ,14.8, ,57.4, ,92, ,55, ,4.1, ,167, ,60.7,Y
211,12/5/2014,2100,339,0, ,0, ,0, ,14.3, ,56.7, ,91, ,54.1, ,2.5, ,179, ,60.7,Y
211,12/5/2014,2200,339,0, ,0, ,0, ,13.7, ,56.1, ,89, ,52.9, ,3.9, ,149, ,60.6,Y
211,12/5/2014,2300,339,0, ,0, ,0, ,13.3, ,56.3, ,86, ,52.1, ,4.7, ,130, ,60.6,Y
211,12/5/2014,2400,339,0, ,0, ,0, ,13.3, ,56.2, ,86, ,52.2, ,3.4, ,138, ,60.5,Y
211,12/6/2014,0100,340,0, ,0, ,0, ,12.8, ,54.2, ,89, ,51.1, ,2.1, ,237, ,60.4,Y
211,12/6/2014,0200,340,0, ,0, ,0, ,12.5, ,52.4, ,93, ,50.6, ,2, ,315, ,60.4,Y
211,12/6/2014,0300,340,0, ,0, ,0, ,13, ,53.2, ,94, ,51.5, ,2.4, ,277, ,60.3,Y
211,12/6/2014,0400,340,0, ,0, ,0, ,12.7, ,52.6, ,94, ,51, ,1.4, ,179, ,60.2,Y
211,12/6/2014,0500,340,0, ,0, ,0, ,12.6, ,52.2, ,95, ,50.7, ,2.5, ,171, ,60.1,Y
211,12/6/2014,0600,340,0, ,0, ,0, ,12.7, ,52.3, ,95, ,50.8, ,2, ,68, ,60,Y
211,12/6/2014,0700,340,0, ,0, ,0, ,12.8, ,52.5, ,95, ,51.1, ,2.1, ,328, ,59.9,Y
211,12/6/2014,0800,340,0, ,0, ,31, ,13, ,53, ,95, ,51.6, ,2.7, ,299, ,59.9,Y
211,12/6/2014,0900,340,0, ,0, ,272, ,14, ,55.5, ,93, ,53.6, ,2, ,315, ,59.8,Y
211,12/6/2014,1000,340,0.01, ,0, ,531, ,14.6, ,59.5, ,84, ,54.8, ,2.3, ,176, ,59.8,Y
211,12/6/2014,1100,340,0.01, ,0, ,772, ,14.5, ,62.6, ,75, ,54.6, ,3, ,132, ,59.9,Y
211,12/6/2014,1200,340,0.01, ,0, ,874, ,14.9, ,63.8, ,74, ,55.2, ,4.6, ,148, ,60,Y
211,12/6/2014,1300,340,0.01, ,0, ,856, ,14.7, ,65.5, ,69, ,55, ,4.9, ,152, ,60.2,Y
211,12/6/2014,1400,340,0.01, ,0, ,660, ,14.4, ,66.7, ,64, ,54.3, ,3.3, ,173, ,60.4,Y
211,12/6/2014,1500,340,0.01, ,0, ,533, ,14.7, ,66.9, ,65, ,54.9, ,3.7, ,169, ,60.7,Y
211,12/6/2014,1600,340,0, ,0, ,273, ,15.2, ,65.5, ,71, ,55.9, ,4.8, ,227, ,61,Y
211,12/6/2014,1700,340,0, ,0, ,41, ,14.7, ,62.3, ,77, ,54.8, ,5, ,289, ,61.2,Y
211,12/6/2014,1800,340,0, ,0, ,0, ,14.6, ,59.1, ,85, ,54.6, ,2.2, ,64, ,61.4,Y
211,12/6/2014,1900,340,0, ,0, ,0, ,14.1, ,56.4, ,91, ,53.7, ,2.3, ,155, ,61.4,Y
211,12/6/2014,2000,340,0, ,0, ,0, ,13.5, ,54.7, ,93, ,52.6, ,2, ,122, ,61.3,Y
211,12/6/2014,2100,340,0, ,0, ,0, ,12.8, ,52.9, ,94, ,51.1, ,1.1, ,325, ,61.2,Y
211,12/6/2014,2200,340,0, ,0, ,0, ,12.2, ,51.4, ,94, ,49.8, ,2.4, ,316, ,61,Y
211,12/6/2014,2300,340,0, ,0, ,0, ,11.8, ,50.3, ,95, ,49, ,2.7, ,306, ,60.8,Y
211,12/6/2014,2400,340,0, ,0, ,0, ,11.5, ,49.6, ,95, ,48.3, ,1.9, ,339, ,60.6,Y
211,12/7/2014,0100,341,0, ,0, ,0, ,11.3, ,49, ,95, ,47.7, ,2, ,301, ,60.4,Y
211,12/7/2014,0200,341,0, ,0, ,0, ,10.7, ,47.5, ,95, ,46.3, ,1.4, ,116, ,60.2,Y
211,12/7/2014,0300,341,0, ,0, ,0, ,10.6, ,47.3, ,96, ,46.1, ,1.6, ,189, ,60.1,Y
211,12/7/2014,0400,341,0, ,0, ,0, ,10.2, ,46.1, ,96, ,44.9, ,1.6, ,359, ,59.9,Y
211,12/7/2014,0500,341,0, ,0, ,0, ,10.2, ,46.1, ,96, ,45, ,1.6, ,262, ,59.7,Y
211,12/7/2014,0600,341,0, ,0, ,0, ,10, ,45.5, ,96, ,44.4, ,1.8, ,105, ,59.6,Y
211,12/7/2014,0700,341,0, ,0, ,0, ,10.3, ,46.4, ,96, ,45.4, ,3.2, ,188, ,59.4,Y
211,12/7/2014,0800,341,0, ,0, ,33, ,10.6, ,47.1, ,96, ,46.1, ,1.8, ,128, ,59.3,Y
211,12/7/2014,0900,341,0, ,0, ,142, ,11, ,48.1, ,96, ,47.1, ,2, ,96, ,59.2,Y
211,12/7/2014,1000,341,0, ,0, ,294, ,11.6, ,49.6, ,96, ,48.6, ,2.9, ,342, ,59.1,Y
211,12/7/2014,1100,341,0, ,0, ,468, ,12.8, ,52.1, ,96, ,51.1, ,2.7, ,60, ,59.2,Y
211,12/7/2014,1200,341,0, ,0, ,417, ,14.2, ,55, ,96, ,53.8, ,2.9, ,149, ,59.3,Y
211,12/7/2014,1300,341,0.01, ,0, ,511, ,14.3, ,58.1, ,86, ,54, ,4.1, ,165, ,59.4,Y
211,12/7/2014,1400,341,0, ,0, ,306, ,13.9, ,59.5, ,80, ,53.4, ,4.4, ,134, ,59.6,Y
211,12/7/2014,1500,341,0, ,0, ,195, ,13.7, ,59.2, ,80, ,52.9, ,5.9, ,237, ,59.8,Y
211,12/7/2014,1600,341,0, ,0, ,179, ,13.4, ,58.6, ,80, ,52.3, ,5.8, ,322, ,60,Y
211,12/7/2014,1700,341,0, ,0, ,58, ,13.5, ,57.4, ,84, ,52.6, ,6.1, ,139, ,60.1,Y
211,12/7/2014,1800,341,0, ,0, ,0, ,13, ,54.2, ,90, ,51.4, ,5.1, ,164, ,60.2,Y
211,12/7/2014,1900,341,0, ,0, ,0, ,12.4, ,52.3, ,93, ,50.3, ,3.2, ,181, ,60.2,Y
211,12/7/2014,2000,341,0, ,0, ,0, ,11.5, ,50.1, ,93, ,48.3, ,2.6, ,319, ,60.2,Y
211,12/7/2014,2100,341,0, ,0, ,0, ,10.8, ,48.1, ,94, ,46.6, ,2.4, ,333, ,60,Y
211,12/7/2014,2200,341,0, ,0, ,0, ,10.7, ,47.7, ,95, ,46.3, ,2.5, ,304, ,59.9,Y
211,12/7/2014,2300,341,0, ,0, ,0, ,10.1, ,46.1, ,95, ,44.7, ,1.9, ,60, ,59.7,Y
211,12/7/2014,2400,341,0, ,0, ,0, ,9.8, ,45.2, ,95, ,43.9, ,2, ,172, ,59.6,Y
211,12/8/2014,0100,342,0, ,0, ,0, ,9.5, ,44.5, ,95, ,43.2, ,1.8, ,0, ,59.4,Y
211,12/8/2014,0200,342,0, ,0, ,0, ,9.6, ,44.7, ,96, ,43.6, ,2.9, ,318, ,59.2,Y
211,12/8/2014,0300,342,0, ,0, ,0, ,9.7, ,44.7, ,96, ,43.6, ,2.1, ,247, ,59.1,Y
211,12/8/2014,0400,342,0, ,0, ,0, ,9.6, ,44.6, ,96, ,43.5, ,2.2, ,80, ,58.9,Y
211,12/8/2014,0500,342,0, ,0, ,0, ,9.7, ,44.9, ,96, ,43.8, ,2.7, ,57, ,58.8,Y
211,12/8/2014,0600,342,0, ,0, ,0, ,9.7, ,44.8, ,96, ,43.8, ,2.6, ,329, ,58.7,Y
211,12/8/2014,0700,342,0, ,0, ,0, ,9.6, ,44.5, ,96, ,43.5, ,1.6, ,3, ,58.7,Y
211,12/8/2014,0800,342,0, ,0, ,40, ,9.5, ,44.1, ,96, ,43.1, ,2, ,48, ,58.6,Y
211,12/8/2014,0900,342,0, ,0, ,204, ,9.7, ,44.7, ,96, ,43.8, ,3.6, ,318, ,58.6,Y
211,12/8/2014,1000,342,0, ,0, ,423, ,10.9, ,47.7, ,97, ,46.8, ,3.1, ,142, ,58.5,Y
211,12/8/2014,1100,342,0, ,0, ,591, ,11.3, ,48.8, ,97, ,47.9, ,3.2, ,104, ,58.5,Y
211,12/8/2014,1200,342,0.01, ,0, ,847, ,13.5, ,53.7, ,95, ,52.5, ,2.3, ,104, ,58.6,Y
211,12/8/2014,1300,342,0.01, ,0, ,880, ,13.4, ,61.7, ,71, ,52.3, ,2.5, ,339, ,58.8,Y
211,12/8/2014,1400,342,0.01, ,0, ,713, ,13.5, ,64.6, ,65, ,52.5, ,3.1, ,148, ,59.1,Y
211,12/8/2014,1500,342,0.01, ,0, ,537, ,13.6, ,65.7, ,63, ,52.8, ,4.8, ,143, ,59.4,Y
211,12/8/2014,1600,342,0, ,0, ,317, ,13.7, ,65.7, ,63, ,52.9, ,4, ,133, ,59.8,Y
211,12/8/2014,1700,342,0, ,0, ,64, ,13.9, ,62.9, ,71, ,53.4, ,3.7, ,130, ,60,Y
211,12/8/2014,1800,342,0, ,0, ,0, ,13.6, ,58.2, ,82, ,52.7, ,3.7, ,119, ,60.2,Y
211,12/8/2014,1900,342,0, ,0, ,0, ,12.8, ,56.5, ,82, ,51.1, ,3.1, ,157, ,60.2,Y
211,12/8/2014,2000,342,0, ,0, ,0, ,12.5, ,54.5, ,86, ,50.4, ,2.6, ,277, ,60.2,Y
211,12/8/2014,2100,342,0, ,0, ,0, ,11.8, ,52, ,90, ,49, ,1.8, ,343, ,60.1,Y
211,12/8/2014,2200,342,0, ,0, ,0, ,11.4, ,50, ,93, ,48, ,1.5, ,159, ,60,Y
211,12/8/2014,2300,342,0, ,0, ,0, ,10.9, ,48.6, ,94, ,46.9, ,2, ,291, ,59.8,Y
211,12/8/2014,2400,342,0, ,0, ,0, ,10.6, ,47.7, ,94, ,46.2, ,1.9, ,343, ,59.6,Y
211,12/9/2014,0100,343,0, ,0, ,0, ,10.3, ,46.7, ,95, ,45.4, ,2.6, ,309, ,59.5,Y
211,12/9/2014,0200,343,0, ,0, ,0, ,10, ,45.8, ,95, ,44.5, ,2.2, ,301, ,59.3,Y
211,12/9/2014,0300,343,0, ,0, ,0, ,9.5, ,44.5, ,95, ,43.2, ,1.9, ,139, ,59.1,Y
211,12/9/2014,0400,343,0, ,0, ,0, ,9.5, ,44.4, ,96, ,43.2, ,2.2, ,359, ,59,Y
211,12/9/2014,0500,343,0, ,0, ,0, ,9.8, ,45.2, ,96, ,44.1, ,3.4, ,317, ,58.8,Y
211,12/9/2014,0600,343,0, ,0, ,0, ,9.7, ,44.8, ,96, ,43.8, ,1.8, ,328, ,58.7,Y
211,12/9/2014,0700,343,0, ,0, ,1, ,9.5, ,44.3, ,96, ,43.2, ,4.4, ,160, ,58.6,Y
211,12/9/2014,0800,343,0, ,0, ,27, ,9.5, ,44.3, ,96, ,43.3, ,2.3, ,73, ,58.5,Y
211,12/9/2014,0900,343,0, ,0, ,148, ,10.1, ,45.8, ,96, ,44.8, ,1.7, ,93, ,58.4,Y
211,12/9/2014,1000,343,0, ,0, ,456, ,11.3, ,48.8, ,96, ,47.8, ,2.2, ,110, ,58.3,Y
211,12/9/2014,1100,343,0.01, ,0, ,703, ,12.9, ,54, ,91, ,51.3, ,3.7, ,326, ,58.3,Y
211,12/9/2014,1200,343,0.01, ,0, ,594, ,13.2, ,56.9, ,83, ,51.8, ,4.6, ,336, ,58.4,Y
211,12/9/2014,1300,343,0.01, ,0, ,578, ,13.9, ,59.7, ,79, ,53.3, ,3, ,307, ,58.6,Y
211,12/9/2014,1400,343,0.01, ,0, ,544, ,14, ,62.4, ,73, ,53.6, ,2.1, ,68, ,58.8,Y
211,12/9/2014,1500,343,0, ,0, ,257, ,13.9, ,61.6, ,74, ,53.4, ,3.7, ,140, ,59.1,Y
211,12/9/2014,1600,343,0, ,0, ,89, ,13.6, ,60.5, ,75, ,52.7, ,3, ,151, ,59.4,Y
211,12/9/2014,1700,343,0, ,0, ,34, ,14.1, ,59.1, ,82, ,53.7, ,3.3, ,354, ,59.6,Y
211,12/9/2014,1800,343,0, ,0, ,0, ,13.9, ,58.2, ,84, ,53.3, ,6.1, ,318, ,59.7,Y
211,12/9/2014,1900,343,0, ,0, ,0, ,13.7, ,57.4, ,85, ,53, ,7.7, ,329, ,59.8,Y
211,12/9/2014,2000,343,0, ,0, ,0, ,13.4, ,55.5, ,89, ,52.3, ,4.5, ,325, ,59.8,Y
211,12/9/2014,2100,343,0, ,0, ,0, ,12.6, ,53.1, ,91, ,50.7, ,2.9, ,147, ,59.8,Y
211,12/9/2014,2200,343,0, ,0, ,0, ,11.6, ,52.3, ,87, ,48.5, ,3.4, ,184, ,59.7,Y
211,12/9/2014,2300,343,0, ,0, ,0, ,10.8, ,48.9, ,91, ,46.5, ,2.2, ,336, ,59.6,Y
211,12/9/2014,2400,343,0, ,0, ,0, ,10.1, ,46.6, ,94, ,44.9, ,2.4, ,317, ,59.5,Y
211,12/10/2014,0100,344,0, ,0, ,0, ,10, ,46.1, ,95, ,44.7, ,2.4, ,299, ,59.3,Y
211,12/10/2014,0200,344,0, ,0, ,0, ,9.8, ,45.4, ,95, ,44, ,2.5, ,198, ,59.2,Y
211,12/10/2014,0300,344,0, ,0, ,0, ,9.7, ,44.9, ,95, ,43.7, ,3, ,162, ,59,Y
211,12/10/2014,0400,344,0, ,0, ,0, ,9.7, ,45, ,95, ,43.8, ,2.3, ,342, ,58.8,Y
211,12/10/2014,0500,344,0, ,0, ,0, ,9.6, ,44.7, ,96, ,43.5, ,2.3, ,310, ,58.7,Y
211,12/10/2014,0600,344,0, ,0, ,0, ,9.7, ,44.8, ,96, ,43.7, ,2.6, ,308, ,58.6,Y
211,12/10/2014,0700,344,0, ,0, ,0, ,9.6, ,44.7, ,96, ,43.6, ,2.3, ,130, ,58.4,Y
211,12/10/2014,0800,344,0, ,0, ,26, ,9.7, ,44.7, ,96, ,43.6, ,3.8, ,160, ,58.3,Y
211,12/10/2014,0900,344,0, ,0, ,134, ,10.1, ,45.7, ,96, ,44.7, ,3.8, ,12, ,58.2,Y
211,12/10/2014,1000,344,0, ,0, ,256, ,11, ,48.1, ,96, ,47.1, ,2.9, ,318, ,58.2,Y
211,12/10/2014,1100,344,0, ,0, ,222, ,11.8, ,50.1, ,96, ,48.9, ,4.2, ,152, ,58.2,Y
211,12/10/2014,1200,344,0.01, ,0, ,585, ,12.1, ,53.1, ,87, ,49.5, ,4.6, ,151, ,58.2,Y
211,12/10/2014,1300,344,0, ,0, ,456, ,12.7, ,55.8, ,83, ,50.8, ,3.8, ,127, ,58.3,Y
211,12/10/2014,1400,344,0, ,0, ,352, ,13, ,57.8, ,80, ,51.6, ,4.3, ,37, ,58.5,Y
211,12/10/2014,1500,344,0, ,0, ,290, ,12.9, ,59.3, ,75, ,51.3, ,3.9, ,266, ,58.7,Y
211,12/10/2014,1600,344,0, ,0, ,84, ,13.4, ,58.8, ,79, ,52.3, ,3.2, ,200, ,58.9,Y
211,12/10/2014,1700,344,0, ,0, ,23, ,13.6, ,57.8, ,83, ,52.8, ,3.5, ,164, ,59.1,Y
211,12/10/2014,1800,344,0, ,0, ,0, ,13.2, ,55.4, ,89, ,52, ,4.3, ,157, ,59.2,Y
211,12/10/2014,1900,344,0, ,0, ,0, ,13, ,54.3, ,91, ,51.6, ,4.3, ,159, ,59.3,Y
211,12/10/2014,2000,344,0, ,0, ,0, ,12.7, ,53.4, ,91, ,50.8, ,3.4, ,191, ,59.3,Y
211,12/10/2014,2100,344,0, ,0, ,0, ,12.2, ,52, ,92, ,49.8, ,2.8, ,357, ,59.3,Y
211,12/10/2014,2200,344,0, ,0, ,0, ,12.2, ,51.5, ,93, ,49.7, ,1.9, ,335, ,59.2,Y
211,12/10/2014,2300,344,0, ,0, ,0, ,12.2, ,51.7, ,94, ,49.9, ,2.8, ,239, ,59.2,Y
211,12/10/2014,2400,344,0, ,0, ,0, ,11.9, ,51.3, ,93, ,49.2, ,2.6, ,183, ,59.1,Y
211,12/11/2014,0100,345,0, ,0, ,0, ,11.3, ,49.5, ,94, ,47.8, ,1.7, ,354, ,59.1,Y
211,12/11/2014,0200,345,0, ,0, ,0, ,11.6, ,51.5, ,89, ,48.5, ,4.6, ,147, ,59,Y
211,12/11/2014,0300,345,0, ,0, ,0, ,11.6, ,52.3, ,87, ,48.5, ,5.5, ,174, ,59,Y
211,12/11/2014,0400,345,0, ,0, ,0, ,12.3, ,56.2, ,80, ,50, ,10.5, ,136, ,58.9,Y
211,12/11/2014,0500,345,0,Y,0, ,0, ,12.6, ,57.5,Y,78,Y,50.6,Y,10.7, ,138, ,58.9,Y
211,12/11/2014,0600,345,0,Y,0, ,0, ,12.7, ,57.5,Y,79,Y,50.9,Y,13.4, ,136, ,58.8,Y
211,12/11/2014,0700,345,0,Y,0, ,0, ,12.8, ,58,Y,78,Y,51,Y,16.5, ,138, ,58.8,Y
211,12/11/2014,0800,345,0,Y,0, ,23, ,12.7, ,58.9,Y,75,Y,50.9,Y,18.6, ,142, ,58.8,Y
211,12/11/2014,0900,345,0,Y,0, ,114, ,12.7, ,60.2,Y,71,Y,50.9,Y,19.9, ,144, ,58.9,Y
211,12/11/2014,1000,345,0,Y,0, ,103, ,12.9, ,61,Y,70,Y,51.3,Y,19.8, ,145, ,58.9,Y
211,12/11/2014,1100,345,0, ,0.02, ,78, ,13.3, ,60.7, ,73, ,52.1, ,18.7, ,145, ,58.9,Y
211,12/11/2014,1200,345,0, ,0.19, ,50, ,13.7, ,58.6, ,81, ,52.9, ,12, ,198, ,59,Y
211,12/11/2014,1300,345,0, ,0.39, ,39, ,13.2, ,54, ,93, ,52, ,5.4, ,322, ,59,Y
211,12/11/2014,1400,345,0, ,0.26, ,47, ,13.3, ,53.7, ,94, ,52.1, ,3.3, ,151, ,59,Y
211,12/11/2014,1500,345,0, ,0.26, ,32, ,13, ,52.9, ,95, ,51.4, ,5.3, ,141, ,59,Y
211,12/11/2014,1600,345,0, ,0.29, ,16, ,12.6, ,52, ,95, ,50.7, ,5.6, ,3, ,59,Y
211,12/11/2014,1700,345,0, ,0.18, ,3, ,11.8, ,50.6, ,94, ,49, ,5.4, ,330, ,58.9,Y
211,12/11/2014,1800,345,0, ,0.14, ,0, ,11.1, ,49.4, ,92, ,47.2, ,5.1, ,330, ,58.8,Y
211,12/11/2014,1900,345,0, ,0.14, ,0, ,11.1, ,49.1, ,93, ,47.2, ,3.4, ,88, ,58.6,Y
211,12/11/2014,2000,345,0, ,0.12, ,0, ,10.9, ,48.2, ,94, ,46.7, ,6.2, ,152, ,58.5,Y
211,12/11/2014,2100,345,0, ,0.2, ,0, ,10.8, ,48, ,95, ,46.7, ,5.4, ,159, ,58.3,Y
211,12/11/2014,2200,345,0, ,0.18, ,0, ,10.6, ,47.3, ,95, ,46, ,3.9, ,153, ,58.1,Y
211,12/11/2014,2300,345,0, ,0.17, ,0, ,10.4, ,47, ,95, ,45.7, ,4.1, ,168, ,57.8,Y
211,12/11/2014,2400,345,0, ,0.16, ,0, ,10.4, ,46.9, ,95, ,45.6, ,2.4, ,314, ,57.6,Y
211,12/12/2014,0100,346,0, ,0.1, ,0, ,10.4, ,46.9, ,95, ,45.6, ,5, ,313, ,57.4,Y
211,12/12/2014,0200,346,0, ,0.09, ,0, ,10.3, ,46.6, ,95, ,45.2, ,3.3, ,288, ,57.1,Y
211,12/12/2014,0300,346,0, ,0.03, ,0, ,10.1, ,46.4, ,94, ,44.9, ,2.5, ,248, ,57,Y
211,12/12/2014,0400,346,0, ,0, ,0, ,10, ,46.2, ,94, ,44.6, ,2.7, ,264, ,56.9,Y
211,12/12/2014,0500,346,0, ,0, ,0, ,10, ,46.3, ,93, ,44.5, ,2.4, ,9, ,56.8,Y
211,12/12/2014,0600,346,0, ,0, ,0, ,10, ,46.2, ,94, ,44.5, ,2.1, ,178, ,56.8,Y
211,12/12/2014,0700,346,0, ,0, ,0, ,10, ,46.1, ,94, ,44.5, ,1.8, ,282, ,56.8,Y
211,12/12/2014,0800,346,0, ,0, ,10, ,10.1, ,46.3, ,94, ,44.8, ,1.6, ,141, ,56.7,Y
211,12/12/2014,0900,346,0, ,0, ,58, ,10.3, ,46.7, ,95, ,45.2, ,1.5, ,161, ,56.7,Y
211,12/12/2014,1000,346,0, ,0, ,147, ,10.5, ,47.3, ,94, ,45.8, ,2, ,108, ,56.7,Y
211,12/12/2014,1100,346,0, ,0, ,272, ,10.6, ,48.4, ,91, ,46.1, ,3.6, ,163, ,56.7,Y
211,12/12/2014,1200,346,0, ,0, ,386, ,10.6, ,50.1, ,86, ,46.1, ,2.8, ,166, ,56.8,Y
211,12/12/2014,1300,346,0, ,0, ,212, ,10.8, ,50.5, ,86, ,46.6, ,2, ,139, ,56.9,Y
211,12/12/2014,1400,346,0, ,0, ,386, ,10.9, ,52, ,83, ,46.9, ,3.1, ,152, ,57.1,Y
211,12/12/2014,1500,346,0, ,0, ,227, ,10.7, ,52.8, ,79, ,46.3, ,1.8, ,162, ,57.2,Y
211,12/12/2014,1600,346,0, ,0, ,161, ,10.7, ,52.5, ,79, ,46.3, ,3.9, ,198, ,57.4,Y
211,12/12/2014,1700,346,0, ,0, ,53, ,10.4, ,52.4, ,78, ,45.6, ,2, ,184, ,57.6, 
211,12/12/2014,1800,346,0, ,0.02, ,0, ,10.8, ,50.3, ,87, ,46.7, ,3, ,55, ,57.7, 
211,12/12/2014,1900,346,0, ,0, ,0, ,10.4, ,48, ,91, ,45.6, ,1.7, ,69, ,57.7,Y
211,12/12/2014,2000,346,0, ,0, ,0, ,10, ,46.5, ,93, ,44.6, ,1.9, ,306, ,57.7,Y
211,12/12/2014,2100,346,0, ,0, ,0, ,9.8, ,45.6, ,94, ,44, ,2.1, ,311, ,57.6,Y
211,12/12/2014,2200,346,0, ,0, ,0, ,9.4, ,44.4, ,95, ,43, ,1.7, ,191, ,57.5,Y
211,12/12/2014,2300,346,0, ,0, ,0, ,9, ,43, ,95, ,41.7, ,2.7, ,303, ,57.4,Y
211,12/12/2014,2400,346,0, ,0, ,0, ,8.5, ,41.7, ,95, ,40.4, ,2.9, ,339, ,57.2,Y
211,12/13/2014,0100,347,0, ,0, ,0, ,8.4, ,41.2, ,95, ,40, ,2.7, ,294, ,57,Y
211,12/13/2014,0200,347,0, ,0, ,0, ,7.8, ,39.3, ,95, ,38, ,2.2, ,328, ,56.9,Y
211,12/13/2014,0300,347,0, ,0, ,0, ,7.9, ,39.7, ,95, ,38.5, ,1.7, ,331, ,56.7,Y
211,12/13/2014,0400,347,0, ,0, ,0, ,8.1, ,40.1, ,96, ,39, ,1.5, ,8, ,56.6,Y
211,12/13/2014,0500,347,0, ,0, ,0, ,8.4, ,41, ,96, ,39.9, ,2.6, ,18, ,56.4,Y
211,12/13/2014,0600,347,0, ,0, ,0, ,8.7, ,41.8, ,96, ,40.8, ,2.1, ,314, ,56.3,Y
211,12/13/2014,0700,347,0, ,0, ,0, ,8.5, ,41.5, ,96, ,40.5, ,2.1, ,312, ,56.2,Y
211,12/13/2014,0800,347,0, ,0, ,22, ,8.5, ,41.2, ,96, ,40.2, ,2.2, ,319, ,56.2,Y
211,12/13/2014,0900,347,0, ,0, ,109, ,8.4, ,41.1, ,96, ,40.1, ,1.9, ,31, ,56.2,Y
211,12/13/2014,1000,347,0, ,0, ,243, ,8.8, ,42.1, ,96, ,41.1, ,2.1, ,141, ,56.2,Y
211,12/13/2014,1100,347,0, ,0, ,366, ,9.1, ,43.2, ,96, ,42.2, ,2.5, ,350, ,56.2,Y
211,12/13/2014,1200,347,0.01, ,0, ,837, ,10.4, ,46.7, ,96, ,45.7, ,3, ,268, ,56.3,Y
211,12/13/2014,1300,347,0.01, ,0, ,893, ,11.3, ,51.2, ,88, ,47.8, ,2.7, ,171, ,56.4,Y
211,12/13/2014,1400,347,0.01, ,0, ,741, ,11, ,54.1, ,77, ,47.1, ,2.5, ,108, ,56.7,Y
211,12/13/2014,1500,347,0.01, ,0, ,615, ,10.9, ,56.2, ,71, ,46.8, ,3.2, ,169, ,57,Y
211,12/13/2014,1600,347,0, ,0, ,191, ,10.7, ,54.5, ,74, ,46.3, ,5.1, ,139, ,57.3,Y
211,12/13/2014,1700,347,0, ,0, ,18, ,10.2, ,50.9, ,80, ,45, ,7.4, ,58, ,57.5, 
211,12/13/2014,1800,347,0, ,0, ,0, ,9.7, ,49.5, ,80, ,43.6, ,5.9, ,46, ,57.6,Y
211,12/13/2014,1900,347,0, ,0, ,0, ,9.6, ,48.3, ,83, ,43.5, ,4, ,210, ,57.6,Y
211,12/13/2014,2000,347,0, ,0, ,0, ,9.4, ,47.2, ,85, ,43, ,3, ,219, ,57.6,Y
211,12/13/2014,2100,347,0, ,0, ,0, ,9.1, ,44.8, ,90, ,42, ,2.4, ,307, ,57.5,Y
211,12/13/2014,2200,347,0, ,0, ,0, ,8.6, ,42.5, ,93, ,40.5, ,2.2, ,347, ,57.4,Y
211,12/13/2014,2300,347,0, ,0, ,0, ,8.5, ,42, ,94, ,40.3, ,2.2, ,211, ,57.3,Y
211,12/13/2014,2400,347,0, ,0, ,0, ,8.1, ,40.6, ,94, ,39.1, ,1.8, ,318, ,57.1,Y
211,12/14/2014,0100,348,0, ,0, ,0, ,8.1, ,40.4, ,95, ,38.9, ,1.9, ,25, ,56.9,Y
211,12/14/2014,0200,348,0, ,0, ,0, ,8, ,40.2, ,95, ,38.8, ,2.1, ,217, ,56.7,Y
211,12/14/2014,0300,348,0, ,0, ,0, ,7.8, ,39.4, ,95, ,38.1, ,2, ,359, ,56.6,Y
211,12/14/2014,0400,348,0, ,0, ,0, ,7.9, ,39.6, ,95, ,38.3, ,2.3, ,317, ,56.4,Y
211,12/14/2014,0500,348,0, ,0, ,0, ,7.9, ,39.8, ,95, ,38.5, ,1.6, ,331, ,56.2,Y
211,12/14/2014,0600,348,0, ,0, ,0, ,8, ,40, ,95, ,38.7, ,2.3, ,294, ,56.1,Y
211,12/14/2014,0700,348,0, ,0, ,0, ,8.1, ,40.3, ,95, ,39.1, ,2.3, ,338, ,56,Y
211,12/14/2014,0800,348,0, ,0, ,22, ,8.3, ,40.8, ,95, ,39.6, ,1.9, ,225, ,55.9,Y
211,12/14/2014,0900,348,0, ,0, ,112, ,8.6, ,41.9, ,95, ,40.7, ,2.3, ,131, ,55.9,Y
211,12/14/2014,1000,348,0, ,0, ,227, ,9.1, ,43.7, ,94, ,42.1, ,2.2, ,139, ,55.8,Y
211,12/14/2014,1100,348,0.01, ,0, ,641, ,9.7, ,47.7, ,86, ,43.7, ,2.2, ,58, ,55.8,Y
211,12/14/2014,1200,348,0.01, ,0, ,883, ,9.9, ,52.9, ,72, ,44.3, ,3.4, ,169, ,55.9,Y
211,12/14/2014,1300,348,0.01, ,0, ,561, ,10, ,53.3, ,72, ,44.6, ,4.5, ,139, ,56,Y
211,12/14/2014,1400,348,0.01, ,0, ,573, ,10, ,55.4, ,67, ,44.6, ,3.1, ,161, ,56.3,Y
211,12/14/2014,1500,348,0.01, ,0, ,576, ,9.8, ,56.7, ,62, ,44, ,3.9, ,146, ,56.5, 
211,12/14/2014,1600,348,0, ,0, ,407, ,9.8, ,57.1, ,61, ,44, ,4.9, ,172, ,56.8, 
211,12/14/2014,1700,348,0, ,0, ,68, ,9.6, ,54.9, ,66, ,43.6, ,3.4, ,167, ,56.9, 
211,12/14/2014,1800,348,0, ,0, ,0, ,9.5, ,49.5, ,79, ,43.2, ,3.8, ,121, ,57.1, 
211,12/14/2014,1900,348,0, ,0, ,0, ,9.2, ,48.8, ,78, ,42.4, ,3.5, ,115, ,57.1, 
211,12/14/2014,2000,348,0, ,0, ,0, ,9.3, ,48, ,81, ,42.6, ,2.1, ,152, ,57, 
211,12/14/2014,2100,348,0, ,0, ,0, ,9.5, ,46.8, ,87, ,43.2, ,1.5, ,76, ,57, 
211,12/14/2014,2200,348,0, ,0, ,0, ,9.5, ,46.4, ,88, ,43.1, ,2.3, ,281, ,56.9,Y
211,12/14/2014,2300,348,0, ,0, ,0, ,9.3, ,46.5, ,86, ,42.7, ,3.1, ,274, ,56.8,Y
211,12/14/2014,2400,348,0, ,0, ,0, ,9.1, ,45.2, ,89, ,42, ,2.5, ,330, ,56.7,Y
211,12/15/2014,0100,349,0, ,0, ,0, ,9.4, ,46, ,89, ,42.9, ,3.6, ,332, ,56.7,Y
211,12/15/2014,0200,349,0, ,0, ,0, ,9.4, ,47.2, ,85, ,42.9, ,2.8, ,291, ,56.6,Y
211,12/15/2014,0300,349,0, ,0, ,0, ,9.5, ,47.2, ,86, ,43.2, ,2.3, ,282, ,56.5,Y
211,12/15/2014,0400,349,0, ,0, ,0, ,9.6, ,47.2, ,87, ,43.4, ,2.8, ,308, ,56.5,Y
211,12/15/2014,0500,349,0, ,0.07, ,0, ,9.7, ,46.6, ,90, ,43.8, ,2.3, ,331, ,56.4,Y
211,12/15/2014,0600,349,0, ,0.13, ,0, ,10, ,46.4, ,93, ,44.4, ,2.3, ,277, ,56.4,Y
211,12/15/2014,0700,349,0, ,0.22, ,0, ,10.4, ,47.6, ,93, ,45.6, ,3.9, ,149, ,56.4,Y
211,12/15/2014,0800,349,0, ,0.11, ,4, ,10.5, ,48.9, ,89, ,45.8, ,5.8, ,124, ,56.2,Y
211,12/15/2014,0900,349,0, ,0.07, ,27, ,10.3, ,49.5, ,85, ,45.3, ,9.9, ,121, ,56.1,Y
211,12/15/2014,1000,349,0, ,0.02, ,69, ,9.8, ,50.5, ,78, ,44.1, ,11.3, ,122, ,56,Y
211,12/15/2014,1100,349,0, ,0.02, ,157, ,10.2, ,51.1, ,80, ,45.1, ,10.4, ,125, ,55.9,Y
211,12/15/2014,1200,349,0, ,0.09, ,74, ,10.5, ,51.2, ,82, ,45.8, ,8.2, ,130, ,55.8,Y
211,12/15/2014,1300,349,0, ,0.18, ,45, ,10.5, ,49.8, ,86, ,45.7, ,6.5, ,129, ,55.8,Y
211,12/15/2014,1400,349,0, ,0.08, ,89, ,10.1, ,49.1, ,85, ,44.8, ,5.3, ,72, ,55.8, 
211,12/15/2014,1500,349,0, ,0.13, ,55, ,10.4, ,48, ,91, ,45.5, ,6, ,315, ,55.7, 
211,12/15/2014,1600,349,0, ,0.06, ,63, ,10.5, ,47.8, ,93, ,45.8, ,3, ,278, ,55.7, 
211,12/15/2014,1700,349,0, ,0.06, ,10, ,10.5, ,48.1, ,92, ,45.9, ,2.9, ,217, ,55.6, 
211,12/15/2014,1800,349,0, ,0, ,0, ,10.5, ,47.8, ,93, ,45.8, ,2, ,98, ,55.6, 
211,12/15/2014,1900,349,0, ,0, ,0, ,10.4, ,47.5, ,93, ,45.7, ,1.8, ,200, ,55.6, 
211,12/15/2014,2000,349,0, ,0, ,0, ,10.5, ,48, ,92, ,45.8, ,2.7, ,177, ,55.6, 
211,12/15/2014,2100,349,0, ,0.02, ,0, ,10.3, ,47.3, ,93, ,45.4, ,1.4, ,327, ,55.6, 
211,12/15/2014,2200,349,0, ,0.01, ,0, ,10.4, ,47.2, ,94, ,45.6, ,2.8, ,343, ,55.6, 
211,12/15/2014,2300,349,0, ,0, ,0, ,10.5, ,47.4, ,95, ,45.9, ,4.6, ,323, ,55.6, 
211,12/15/2014,2400,349,0, ,0.01, ,0, ,10.7, ,47.9, ,94, ,46.2, ,4.3, ,1, ,55.6, 
211,12/16/2014,0100,350,0, ,0.04, ,0, ,10.5, ,47.9, ,93, ,45.9, ,3.2, ,144, ,55.6, 
211,12/16/2014,0200,350,0, ,0.01, ,0, ,10.3, ,47.4, ,93, ,45.4, ,3.3, ,189, ,55.6, 
211,12/16/2014,0300,350,0, ,0, ,0, ,9.9, ,45.8, ,94, ,44.2, ,1.3, ,95, ,55.6, 
211,12/16/2014,0400,350,0, ,0, ,0, ,9.5, ,44.7, ,94, ,43.2, ,2, ,283, ,55.6, 
211,12/16/2014,0500,350,0, ,0, ,0, ,9.5, ,44.6, ,95, ,43.3, ,2, ,336, ,55.5, 
211,12/16/2014,0600,350,0, ,0.04, ,0, ,9.7, ,44.9, ,95, ,43.6, ,1.9, ,336, ,55.5, 
211,12/16/2014,0700,350,0, ,0.07, ,0, ,9.8, ,45.1, ,95, ,43.9, ,2, ,145, ,55.4, 
211,12/16/2014,0800,350,0, ,0, ,30, ,9.6, ,44.7, ,96, ,43.5, ,2.5, ,182, ,55.3, 
211,12/16/2014,0900,350,0, ,0, ,228, ,9.6, ,44.7, ,96, ,43.5, ,2.4, ,61, ,55.3,Y
211,12/16/2014,1000,350,0, ,0, ,506, ,11, ,48.3, ,96, ,47.1, ,2.3, ,202, ,55.2,Y
211,12/16/2014,1100,350,0.01, ,0, ,766, ,11.5, ,52.8, ,85, ,48.3, ,4.7, ,167, ,55.3,Y
211,12/16/2014,1200,350,0.01, ,0, ,871, ,11.9, ,56.1, ,77, ,49.1, ,5, ,170, ,55.3, 
211,12/16/2014,1300,350,0.01, ,0, ,886, ,12, ,58.4, ,72, ,49.4, ,5.3, ,154, ,55.5, 
211,12/16/2014,1400,350,0.01, ,0, ,640, ,11.4, ,59.2, ,66, ,48, ,5, ,155, ,55.7, 
211,12/16/2014,1500,350,0, ,0, ,379, ,10.9, ,59.1, ,64, ,46.9, ,5.1, ,158, ,56.1, 
211,12/16/2014,1600,350,0, ,0, ,135, ,10.6, ,58.1, ,64, ,46.1, ,5.8, ,171, ,56.3, 
211,12/16/2014,1700,350,0, ,0.01, ,22, ,11.5, ,56.3, ,74, ,48.2, ,6.1, ,162, ,56.5, 
211,12/16/2014,1800,350,0, ,0.13, ,0, ,11.5, ,53, ,84, ,48.2, ,4.2, ,194, ,56.7, 
211,12/16/2014,1900,350,0, ,0.03, ,0, ,11.5, ,51.4, ,89, ,48.2, ,2.8, ,143, ,56.7, 
211,12/16/2014,2000,350,0, ,0.04, ,0, ,11.3, ,50.7, ,90, ,47.8, ,5.3, ,162, ,56.7, 
211,12/16/2014,2100,350,0, ,0.05, ,0, ,11, ,49.8, ,90, ,47, ,6.3, ,158, ,56.7, 
211,12/16/2014,2200,350,0, ,0.02, ,0, ,10.8, ,49.8, ,89, ,46.6, ,4.2, ,151, ,56.6,Y
211,12/16/2014,2300,350,0, ,0, ,0, ,10.9, ,49.7, ,90, ,46.9, ,2.8, ,174, ,56.6,Y
211,12/16/2014,2400,350,0, ,0, ,0, ,10.6, ,48.6, ,91, ,46.2, ,2.9, ,291, ,56.6,Y
211,12/17/2014,0100,351,0, ,0, ,0, ,10.1, ,46.6, ,93, ,44.7, ,4, ,300, ,56.5,Y
211,12/17/2014,0200,351,0, ,0, ,0, ,9.5, ,44.9, ,94, ,43.3, ,3.7, ,326, ,56.5,Y
211,12/17/2014,0300,351,0, ,0, ,0, ,9.1, ,43.7, ,94, ,42, ,2.3, ,312, ,56.4,Y
211,12/17/2014,0400,351,0, ,0, ,0, ,8.9, ,43, ,95, ,41.6, ,1.7, ,265, ,56.2,Y
211,12/17/2014,0500,351,0, ,0, ,0, ,8.8, ,42.5, ,95, ,41.1, ,1.7, ,356, ,56.1,Y
211,12/17/2014,0600,351,0, ,0, ,0, ,8.8, ,42.5, ,95, ,41.1, ,2.3, ,360, ,56,Y
211,12/17/2014,0700,351,0, ,0, ,0, ,9, ,43.1, ,95, ,41.9, ,2.7, ,310, ,55.9,Y
211,12/17/2014,0800,351,0, ,0, ,21, ,9.2, ,43.6, ,96, ,42.4, ,2.8, ,333, ,55.8,Y
211,12/17/2014,0900,351,0, ,0, ,136, ,9.6, ,44.6, ,96, ,43.5, ,1.8, ,299, ,55.7,Y
211,12/17/2014,1000,351,0, ,0, ,148, ,9.9, ,45.4, ,96, ,44.3, ,2.6, ,285, ,55.7,Y
211,12/17/2014,1100,351,0, ,0, ,241, ,10.1, ,46, ,96, ,44.9, ,2.2, ,243, ,55.7,Y
211,12/17/2014,1200,351,0, ,0, ,393, ,10.9, ,47.9, ,96, ,46.7, ,2.2, ,181, ,55.8,Y
211,12/17/2014,1300,351,0, ,0, ,397, ,10.9, ,48.9, ,93, ,46.8, ,4.8, ,164, ,55.9,Y
211,12/17/2014,1400,351,0, ,0, ,459, ,11, ,50.8, ,87, ,47, ,2.7, ,140, ,56, 
211,12/17/2014,1500,351,0, ,0, ,484, ,11.2, ,52.4, ,84, ,47.6, ,5, ,135, ,56.2, 
211,12/17/2014,1600,351,0, ,0, ,176, ,11.1, ,52.8, ,81, ,47.3, ,4.8, ,136, ,56.3, 
211,12/17/2014,1700,351,0, ,0, ,22, ,11.1, ,52, ,84, ,47.4, ,3.2, ,146, ,56.5, 
211,12/17/2014,1800,351,0, ,0.04, ,0, ,10.8, ,50.5, ,86, ,46.6, ,2.1, ,359, ,56.6, 
211,12/17/2014,1900,351,0, ,0.04, ,0, ,10.9, ,49.5, ,91, ,46.8, ,1.9, ,66, ,56.6, 
211,12/17/2014,2000,351,0, ,0.05, ,0, ,10.7, ,48.8, ,91, ,46.2, ,3.2, ,72, ,56.6, 
211,12/17/2014,2100,351,0, ,0.01, ,0, ,10.5, ,48.5, ,90, ,45.8, ,3.1, ,166, ,56.6, 
211,12/17/2014,2200,351,0, ,0.01, ,0, ,10.4, ,47.7, ,92, ,45.5, ,2.3, ,159, ,56.6,Y
211,12/17/2014,2300,351,0, ,0.01, ,0, ,10.4, ,47.5, ,93, ,45.6, ,3, ,157, ,56.5,Y
211,12/17/2014,2400,351,0, ,0, ,0, ,10.2, ,48.2, ,89, ,45, ,4.4, ,137, ,56.4,Y
211,12/18/2014,0100,352,0, ,0.02, ,0, ,10, ,48.3, ,87, ,44.6, ,3.3, ,104, ,56.4,Y
211,12/18/2014,0200,352,0, ,0, ,0, ,10, ,48.2, ,87, ,44.5, ,3.2, ,54, ,56.3,Y
211,12/18/2014,0300,352,0, ,0, ,0, ,10, ,48.8, ,85, ,44.4, ,3.9, ,104, ,56.3,Y
211,12/18/2014,0400,352,0, ,0, ,0, ,10.1, ,48.3, ,88, ,44.8, ,2.7, ,98, ,56.3,Y
211,12/18/2014,0500,352,0, ,0, ,0, ,10.2, ,48.4, ,88, ,45, ,2.7, ,217, ,56.2,Y
211,12/18/2014,0600,352,0, ,0, ,0, ,10.3, ,47.5, ,92, ,45.2, ,3.1, ,277, ,56.2,Y
211,12/18/2014,0700,352,0, ,0, ,0, ,10.3, ,47.2, ,93, ,45.4, ,3, ,311, ,56.2,Y
211,12/18/2014,0800,352,0, ,0, ,72, ,10.4, ,47.4, ,94, ,45.7, ,2.5, ,293, ,56.2,Y
211,12/18/2014,0900,352,0, ,0, ,162, ,10.7, ,48.7, ,91, ,46.3, ,2.8, ,289, ,56.2,Y
211,12/18/2014,1000,352,0, ,0, ,475, ,10.7, ,52.4, ,80, ,46.3, ,2.3, ,275, ,56.2,Y
211,12/18/2014,1100,352,0.01, ,0, ,744, ,10.8, ,55.1, ,73, ,46.7, ,3.2, ,160, ,56.2,Y
211,12/18/2014,1200,352,0.01, ,0, ,781, ,11.2, ,56.6, ,72, ,47.6, ,3, ,173, ,56.3,Y
211,12/18/2014,1300,352,0.01, ,0, ,657, ,11.1, ,57.1, ,70, ,47.2, ,2.6, ,119, ,56.4,Y
211,12/18/2014,1400,352,0.01, ,0, ,679, ,11.5, ,57.9, ,70, ,48.2, ,4.3, ,177, ,56.7,Y
211,12/18/2014,1500,352,0.01, ,0, ,476, ,11.6, ,57.5, ,72, ,48.4, ,4.7, ,180, ,56.9,Y
211,12/18/2014,1600,352,0, ,0, ,176, ,11.8, ,56.7, ,75, ,49, ,3.2, ,128, ,57.2,Y
211,12/18/2014,1700,352,0, ,0, ,59, ,12.1, ,55.2, ,81, ,49.5, ,3.1, ,130, ,57.4,Y
211,12/18/2014,1800,352,0, ,0, ,0, ,11.5, ,52.4, ,85, ,48.2, ,2.3, ,199, ,57.5,Y
211,12/18/2014,1900,352,0, ,0, ,0, ,10.9, ,49.6, ,90, ,46.8, ,2.6, ,2, ,57.5,Y
211,12/18/2014,2000,352,0, ,0, ,0, ,10.5, ,48.1, ,91, ,45.8, ,2.6, ,169, ,57.4,Y
211,12/18/2014,2100,352,0, ,0, ,0, ,10.4, ,47.6, ,93, ,45.7, ,3.4, ,190, ,57.3,Y
211,12/18/2014,2200,352,0, ,0, ,0, ,10.3, ,47.2, ,93, ,45.4, ,3.8, ,107, ,57.1,Y
211,12/18/2014,2300,352,0, ,0, ,0, ,10.5, ,47.8, ,92, ,45.7, ,3.2, ,221, ,57,Y
211,12/18/2014,2400,352,0, ,0, ,0, ,10.5, ,47.7, ,93, ,45.8, ,2.7, ,287, ,56.9,Y
211,12/19/2014,0100,353,0, ,0, ,0, ,10.5, ,47.6, ,94, ,45.9, ,2.5, ,23, ,56.8,Y
211,12/19/2014,0200,353,0, ,0, ,0, ,10.2, ,46.7, ,94, ,45, ,2.8, ,170, ,56.8,Y
211,12/19/2014,0300,353,0, ,0, ,0, ,9.7, ,45.2, ,95, ,43.8, ,4.8, ,152, ,56.7,Y
211,12/19/2014,0400,353,0, ,0, ,0, ,9.8, ,45.4, ,95, ,44, ,3.5, ,143, ,56.6,Y
211,12/19/2014,0500,353,0, ,0, ,0, ,9.9, ,45.5, ,95, ,44.2, ,2.5, ,12, ,56.5,Y
211,12/19/2014,0600,353,0, ,0, ,0, ,9.9, ,45.6, ,95, ,44.2, ,1.9, ,146, ,56.5,Y
211,12/19/2014,0700,353,0, ,0, ,0, ,9.8, ,45.3, ,95, ,43.9, ,1.9, ,348, ,56.4,Y
211,12/19/2014,0800,353,0, ,0, ,23, ,10, ,45.7, ,95, ,44.4, ,2.2, ,345, ,56.4,Y
211,12/19/2014,0900,353,0, ,0, ,71, ,10.5, ,47.5, ,94, ,45.9, ,2.6, ,280, ,56.3,Y
211,12/19/2014,1000,353,0, ,0, ,62, ,10.8, ,48.5, ,92, ,46.5, ,2.9, ,355, ,56.3,Y
211,12/19/2014,1100,353,0, ,0, ,146, ,11, ,50, ,89, ,47, ,2, ,153, ,56.3,Y
211,12/19/2014,1200,353,0, ,0, ,259, ,11.1, ,51.8, ,85, ,47.4, ,3.3, ,229, ,56.3,Y
211,12/19/2014,1300,353,0, ,0, ,303, ,11.4, ,53.8, ,81, ,48, ,3.5, ,318, ,56.4,Y
211,12/19/2014,1400,353,0, ,0, ,153, ,11.2, ,54, ,79, ,47.6, ,3.1, ,290, ,56.5,Y
211,12/19/2014,1500,353,0, ,0.01, ,73, ,11.5, ,53.3, ,83, ,48.2, ,3.3, ,311, ,56.7,Y
211,12/19/2014,1600,353,0, ,0, ,43, ,11.7, ,52.6, ,86, ,48.6, ,2.1, ,344, ,56.8,Y
211,12/19/2014,1700,353,0, ,0.03, ,6, ,11.8, ,51.9, ,90, ,49, ,2.8, ,186, ,56.9,Y
211,12/19/2014,1800,353,0, ,0.01, ,0, ,11.8, ,51.3, ,92, ,49, ,2.9, ,200, ,56.9,Y
211,12/19/2014,1900,353,0, ,0, ,0, ,11.9, ,51.1, ,93, ,49.1, ,1.7, ,9, ,57,Y
211,12/19/2014,2000,353,0, ,0.01, ,0, ,12, ,51, ,94, ,49.3, ,2.9, ,61, ,57,Y
211,12/19/2014,2100,353,0, ,0, ,0, ,12.1, ,51.2, ,94, ,49.5, ,2, ,47, ,57,Y
211,12/19/2014,2200,353,0, ,0, ,0, ,12.2, ,51.5, ,94, ,49.8, ,1.9, ,143, ,57,Y
211,12/19/2014,2300,353,0, ,0.01, ,0, ,12.1, ,51.6, ,93, ,49.5, ,2.7, ,140, ,57,Y
211,12/19/2014,2400,353,0, ,0.01, ,0, ,12, ,51.2, ,94, ,49.5, ,2.4, ,147, ,57,Y
211,12/20/2014,0100,354,0, ,0.01, ,0, ,12.1, ,51, ,95, ,49.5, ,1.9, ,152, ,57.1,Y
211,12/20/2014,0200,354,0, ,0.02, ,0, ,12.2, ,51.1, ,95, ,49.7, ,2.9, ,234, ,57.1,Y
211,12/20/2014,0300,354,0, ,0.03, ,0, ,12.2, ,51.1, ,95, ,49.8, ,3.4, ,317, ,57.1,Y
211,12/20/2014,0400,354,0, ,0.02, ,0, ,12.2, ,51.1, ,95, ,49.8, ,2.3, ,11, ,57.1,Y
211,12/20/2014,0500,354,0, ,0.03, ,0, ,12.2, ,51.1, ,96, ,49.9, ,1.9, ,142, ,57.1,Y
211,12/20/2014,0600,354,0, ,0.04, ,0, ,12.3, ,51.2, ,96, ,50, ,1.4, ,239, ,57.1,Y
211,12/20/2014,0700,354,0, ,0, ,0, ,12.3, ,51.3, ,96, ,50.1, ,2, ,274, ,57.1,Y
211,12/20/2014,0800,354,0, ,0, ,7, ,12.4, ,51.4, ,96, ,50.3, ,1.8, ,312, ,57.1,Y
211,12/20/2014,0900,354,0, ,0, ,95, ,12.6, ,51.9, ,96, ,50.8, ,1.6, ,349, ,57.1,Y
211,12/20/2014,1000,354,0, ,0, ,228, ,13.1, ,53, ,95, ,51.8, ,2.2, ,351, ,57.1,Y
211,12/20/2014,1100,354,0, ,0, ,410, ,13.3, ,54.6, ,92, ,52.2, ,2, ,81, ,57.2,Y
211,12/20/2014,1200,354,0, ,0, ,403, ,13.1, ,56.4, ,84, ,51.6, ,2.2, ,53, ,57.3,Y
211,12/20/2014,1300,354,0.01, ,0, ,734, ,13, ,58.8, ,77, ,51.5, ,2.8, ,226, ,57.5,Y
211,12/20/2014,1400,354,0, ,0, ,377, ,12.4, ,59, ,73, ,50.3, ,2.3, ,312, ,57.7,Y
211,12/20/2014,1500,354,0, ,0, ,237, ,12.4, ,59.4, ,72, ,50.3, ,2.1, ,10, ,58,Y
211,12/20/2014,1600,354,0, ,0, ,95, ,12.6, ,58.5, ,75, ,50.6, ,3.2, ,172, ,58.2,Y
211,12/20/2014,1700,354,0, ,0, ,25, ,13, ,57.4, ,81, ,51.4, ,2.3, ,177, ,58.4,Y
211,12/20/2014,1800,354,0, ,0, ,0, ,13.2, ,56.4, ,85, ,51.9, ,1.5, ,252, ,58.5,Y
211,12/20/2014,1900,354,0, ,0, ,0, ,13.2, ,54.5, ,91, ,51.9, ,2.1, ,104, ,58.5,Y
211,12/20/2014,2000,354,0, ,0, ,0, ,12.9, ,53.9, ,91, ,51.3, ,3.4, ,142, ,58.5,Y
211,12/20/2014,2100,354,0, ,0, ,0, ,12.9, ,53.7, ,91, ,51.3, ,3.4, ,132, ,58.5,Y
211,12/20/2014,2200,354,0, ,0, ,0, ,12.7, ,53.5, ,91, ,51, ,4.2, ,133, ,58.4,Y
211,12/20/2014,2300,354,0, ,0, ,0, ,12.6, ,53.2, ,91, ,50.6, ,4, ,135, ,58.4,Y
211,12/20/2014,2400,354,0, ,0, ,0, ,12.4, ,52.8, ,91, ,50.2, ,4.1, ,148, ,58.4,Y
211,12/21/2014,0100,355,0, ,0, ,0, ,12.2, ,52.2, ,92, ,49.8, ,3.7, ,139, ,58.3,Y
211,12/21/2014,0200,355,0, ,0, ,0, ,12.3, ,52.6, ,91, ,50, ,4, ,147, ,58.3,Y
211,12/21/2014,0300,355,0, ,0, ,0, ,12.3, ,52.7, ,90, ,50, ,2.5, ,126, ,58.2,Y
211,12/21/2014,0400,355,0, ,0, ,0, ,12.3, ,52.6, ,91, ,50.1, ,2.3, ,140, ,58.2,Y
211,12/21/2014,0500,355,0, ,0, ,0, ,11.9, ,51.2, ,92, ,49.1, ,2.7, ,310, ,58.1,Y
211,12/21/2014,0600,355,0, ,0, ,0, ,11.6, ,50.2, ,93, ,48.4, ,3.3, ,278, ,58.1,Y
211,12/21/2014,0700,355,0, ,0, ,0, ,11.6, ,50.3, ,94, ,48.5, ,2.5, ,314, ,58.1,Y
211,12/21/2014,0800,355,0, ,0, ,20, ,11.8, ,50.8, ,93, ,48.9, ,1.9, ,300, ,58,Y
211,12/21/2014,0900,355,0, ,0, ,107, ,12.2, ,51.9, ,92, ,49.8, ,1.4, ,286, ,58,Y
211,12/21/2014,1000,355,0, ,0, ,235, ,12.7, ,53.3, ,92, ,50.9, ,1.6, ,172, ,58,Y
211,12/21/2014,1100,355,0, ,0, ,350, ,13.3, ,55.3, ,89, ,52.1, ,2, ,141, ,58,Y
211,12/21/2014,1200,355,0.01, ,0, ,607, ,13.7, ,57.4, ,85, ,52.9, ,2.8, ,202, ,58.1,Y
211,12/21/2014,1300,355,0.01, ,0, ,748, ,14.8, ,60.9, ,81, ,55, ,7.7, ,320, ,58.3,Y
211,12/21/2014,1400,355,0.01, ,0, ,443, ,14.6, ,60.2, ,82, ,54.6, ,12.2, ,315, ,58.5,Y
211,12/21/2014,1500,355,0, ,0, ,330, ,14.5, ,59.5, ,84, ,54.5, ,10.4, ,302, ,58.7,Y
211,12/21/2014,1600,355,0, ,0, ,293, ,14.4, ,59.8, ,82, ,54.3, ,10.4, ,306, ,58.9,Y
211,12/21/2014,1700,355,0, ,0, ,50, ,14.1, ,58.1, ,85, ,53.7, ,8.6, ,328, ,59,Y
211,12/21/2014,1800,355,0, ,0, ,0, ,14, ,57.1, ,88, ,53.5, ,7.1, ,335, ,59.1,Y
211,12/21/2014,1900,355,0, ,0, ,0, ,14.2, ,57, ,89, ,53.8, ,6.6, ,329, ,59.1,Y
211,12/21/2014,2000,355,0, ,0, ,0, ,14.1, ,56.4, ,91, ,53.7, ,8.9, ,323, ,59.1,Y
211,12/21/2014,2100,355,0, ,0, ,0, ,14, ,55.9, ,92, ,53.5, ,8.1, ,335, ,59.1,R
211,12/21/2014,2200,355,0, ,0, ,0, ,13.9, ,55.7, ,92, ,53.4, ,8.3, ,325, ,59.1,R
211,12/21/2014,2300,355,0, ,0, ,0, ,13.9, ,55.7, ,92, ,53.4, ,7.7, ,326, ,59.1,R
211,12/21/2014,2400,355,0, ,0, ,0, ,13.8, ,55.9, ,91, ,53.1, ,7.8, ,332, ,59,R
211,12/22/2014,0100,356,0, ,0, ,0, ,13.7, ,55.9, ,90, ,52.9, ,7.9, ,334, ,59,R
211,12/22/2014,0200,356,0, ,0, ,0, ,13.6, ,55.8, ,89, ,52.8, ,7.6, ,340, ,59,R
211,12/22/2014,0300,356,0,Y,0, ,0, ,13.5, ,55.6,Y,90,Y,52.6,Y,5.8, ,334, ,59,R
211,12/22/2014,0400,356,0,Y,0, ,0, ,13.5, ,55.4,Y,90,Y,52.5,Y,5.9, ,342, ,59,R
211,12/22/2014,0500,356,0,Y,0, ,0, ,13.3, ,55.3,Y,89,Y,52.2,Y,5.5, ,347, ,59,R
211,12/22/2014,0600,356,0,Y,0, ,0, ,13.2, ,55.1,Y,89,Y,51.9,Y,3.9, ,355, ,59,R
211,12/22/2014,0700,356,0, ,0, ,0, ,12.8, ,54.4, ,88, ,51.1, ,4.9, ,10, ,58.9,R
211,12/22/2014,0800,356,0, ,0, ,6, ,12.9, ,54.6, ,88, ,51.3, ,4.9, ,349, ,58.9,R
211,12/22/2014,0900,356,0, ,0, ,52, ,12.9, ,55.2, ,86, ,51.3, ,5.5, ,352, ,58.9,R
211,12/22/2014,1000,356,0, ,0, ,120, ,13.1, ,56.2, ,85, ,51.6, ,5.7, ,349, ,58.9,R
211,12/22/2014,1100,356,0, ,0, ,168, ,13.2, ,56.8, ,84, ,51.9, ,5.9, ,356, ,58.9,R
211,12/22/2014,1200,356,0, ,0, ,286, ,13.3, ,57.8, ,81, ,52.1, ,4.5, ,326, ,58.9,R
211,12/22/2014,1300,356,0, ,0, ,227, ,13.5, ,58.3, ,81, ,52.5, ,4.6, ,341, ,59,R
211,12/22/2014,1400,356,0, ,0, ,241, ,13.5, ,58.4, ,81, ,52.6, ,6.9, ,325, ,59.1,R
211,12/22/2014,1500,356,0, ,0, ,386, ,13.8, ,58.9, ,81, ,53.1, ,9.1, ,320, ,59.2,R
211,12/22/2014,1600,356,0, ,0, ,314, ,13.8, ,59.3, ,80, ,53.1, ,9.3, ,324, ,59.3,R
211,12/22/2014,1700,356,0, ,0, ,51, ,13.4, ,57.7, ,82, ,52.3, ,7.4, ,343, ,59.4,R
211,12/22/2014,1800,356,0, ,0, ,1, ,12.9, ,55.2, ,86, ,51.2, ,5.2, ,334, ,59.4,R
211,12/22/2014,1900,356,0, ,0, ,0, ,12.5, ,53.8, ,89, ,50.5, ,3.5, ,331, ,59.4,R
211,12/22/2014,2000,356,0, ,0, ,0, ,12.3, ,53.1, ,89, ,50, ,2.8, ,292, ,59.3,R
211,12/22/2014,2100,356,0, ,0, ,0, ,11.3, ,49.7, ,93, ,47.7, ,2.1, ,353, ,59.2,R
211,12/22/2014,2200,356,0, ,0, ,0, ,11.3, ,49.4, ,94, ,47.8, ,2, ,312, ,59.1,R
211,12/22/2014,2300,356,0, ,0, ,0, ,10.7, ,47.9, ,94, ,46.3, ,2.2, ,353, ,58.9,R
211,12/22/2014,2400,356,0, ,0, ,0, ,10.4, ,46.9, ,95, ,45.6, ,2.3, ,294, ,58.8,R
211,12/23/2014,0100,357,0, ,0, ,0, ,9.9, ,45.5, ,95, ,44.2, ,2.2, ,332, ,58.6,R
211,12/23/2014,0200,357,0, ,0, ,0, ,9.3, ,44, ,95, ,42.7, ,1.7, ,286, ,58.4,R
211,12/23/2014,0300,357,0, ,0, ,0, ,9.2, ,43.5, ,95, ,42.3, ,1.6, ,344, ,58.2,R
211,12/23/2014,0400,357,0, ,0, ,0, ,9.6, ,44.6, ,96, ,43.5, ,2.6, ,333, ,58.1,R
211,12/23/2014,0500,357,0, ,0, ,0, ,10.4, ,46.7, ,96, ,45.6, ,2.4, ,311, ,58,R
211,12/23/2014,0600,357,0, ,0, ,0, ,10.3, ,46.3, ,96, ,45.3, ,3.2, ,147, ,57.8,R
211,12/23/2014,0700,357,0, ,0, ,0, ,9.4, ,44, ,96, ,43, ,3.5, ,154, ,57.8,R
211,12/23/2014,0800,357,0, ,0, ,19, ,9.4, ,44, ,96, ,43, ,2.1, ,90, ,57.7,R
211,12/23/2014,0900,357,0, ,0, ,139, ,10.2, ,45.9, ,96, ,44.9, ,1.8, ,299, ,57.7,Y
211,12/23/2014,1000,357,0, ,0, ,295, ,10.9, ,47.7, ,96, ,46.7, ,2.3, ,306, ,57.6,Y
211,12/23/2014,1100,357,0, ,0, ,455, ,11.8, ,49.9, ,97, ,49, ,3, ,348, ,57.6,Y
211,12/23/2014,1200,357,0.01, ,0, ,849, ,13.5, ,53.5, ,97, ,52.6, ,1.9, ,57, ,57.7,Y
211,12/23/2014,1300,357,0.01, ,0, ,892, ,14.5, ,58.5, ,87, ,54.5, ,2.7, ,104, ,57.8,Y
211,12/23/2014,1400,357,0.01, ,0, ,802, ,13.6, ,64.7, ,65, ,52.7, ,4.2, ,20, ,58.1,Y
211,12/23/2014,1500,357,0.01, ,0, ,614, ,12.9, ,66.6, ,58, ,51.3, ,7.1, ,341, ,58.4,Y
211,12/23/2014,1600,357,0, ,0, ,360, ,12.7, ,66.3, ,58, ,51, ,5.9, ,342, ,58.7,Y
211,12/23/2014,1700,357,0, ,0, ,80, ,12.9, ,62.7, ,67, ,51.4, ,4.1, ,336, ,58.9,R
211,12/23/2014,1800,357,0, ,0, ,1, ,12.3, ,58.3, ,74, ,50, ,2.8, ,303, ,59,R
211,12/23/2014,1900,357,0, ,0, ,0, ,11.8, ,54.3, ,82, ,48.9, ,2.3, ,311, ,59.1,R
211,12/23/2014,2000,357,0, ,0, ,0, ,11.4, ,51.4, ,88, ,47.9, ,2.9, ,314, ,59,R
211,12/23/2014,2100,357,0, ,0, ,0, ,11, ,49.9, ,90, ,47.2, ,2.1, ,202, ,58.8,R
211,12/23/2014,2200,357,0, ,0, ,0, ,10.3, ,47.5, ,92, ,45.2, ,1.9, ,330, ,58.7,R
211,12/23/2014,2300,357,0, ,0, ,0, ,10, ,46.4, ,94, ,44.7, ,3.3, ,308, ,58.5,R
211,12/23/2014,2400,357,0, ,0, ,0, ,9.5, ,45.3, ,93, ,43.3, ,2.5, ,340, ,58.3,R
211,12/24/2014,0100,358,0, ,0, ,0, ,9.1, ,43.6, ,94, ,42, ,1.5, ,56, ,58.1,R
211,12/24/2014,0200,358,0, ,0, ,0, ,8.9, ,43, ,94, ,41.5, ,2.2, ,197, ,57.9,R
211,12/24/2014,0300,358,0, ,0, ,0, ,8.5, ,41.9, ,95, ,40.5, ,1.6, ,336, ,57.7,Y
211,12/24/2014,0400,358,0, ,0, ,0, ,8, ,40.1, ,95, ,38.7, ,2.1, ,335, ,57.5,Y
211,12/24/2014,0500,358,0, ,0, ,0, ,7.9, ,39.7, ,95, ,38.4, ,1.4, ,242, ,57.4,Y
211,12/24/2014,0600,358,0, ,0, ,0, ,7.6, ,38.8, ,95, ,37.6, ,1.4, ,42, ,57.2,Y
211,12/24/2014,0700,358,0, ,0, ,0, ,7.8, ,39.3, ,95, ,38.1, ,1.5, ,304, ,57,Y
211,12/24/2014,0800,358,0, ,0, ,40, ,7.8, ,39.3, ,95, ,38.1, ,1.4, ,125, ,56.8,Y
211,12/24/2014,0900,358,0, ,0, ,192, ,8.8, ,42.4, ,96, ,41.3, ,1.6, ,311, ,56.6,Y
211,12/24/2014,1000,358,0, ,0, ,317, ,9.7, ,44.8, ,96, ,43.6, ,3, ,297, ,56.5,Y
211,12/24/2014,1100,358,0, ,0, ,262, ,10.7, ,48.4, ,93, ,46.4, ,7.6, ,330, ,56.5,Y
211,12/24/2014,1200,358,0, ,0, ,136, ,11, ,50.5, ,88, ,47.1, ,3.4, ,256, ,56.5,Y
211,12/24/2014,1300,358,0, ,0, ,144, ,11.3, ,51, ,88, ,47.7, ,3.8, ,131, ,56.6,Y
211,12/24/2014,1400,358,0, ,0, ,212, ,11.8, ,52.8, ,87, ,48.9, ,3.8, ,82, ,56.7,Y
211,12/24/2014,1500,358,0, ,0, ,459, ,12.1, ,54.6, ,83, ,49.6, ,3, ,117, ,56.8,Y
211,12/24/2014,1600,358,0, ,0, ,116, ,12.2, ,55.1, ,82, ,49.8, ,6.6, ,217, ,56.9,Y
211,12/24/2014,1700,358,0, ,0.04, ,24, ,11, ,50.8, ,87, ,47.1, ,15.9, ,330, ,57.1,Y
211,12/24/2014,1800,358,0, ,0, ,0, ,10, ,50, ,81, ,44.4, ,12.4, ,310, ,57.2,Y
211,12/24/2014,1900,358,0, ,0, ,0, ,9.1, ,49.6, ,75, ,42, ,10, ,313, ,57.2,Y
211,12/24/2014,2000,358,0, ,0, ,0, ,8.8, ,49.1, ,74, ,41.3, ,7.9, ,303, ,57.1,Y
211,12/24/2014,2100,358,0, ,0, ,0, ,8.8, ,47.7, ,78, ,41.1, ,9.6, ,309, ,57.1,Y
211,12/24/2014,2200,358,0, ,0, ,0, ,8.6, ,46.3, ,80, ,40.7, ,7.9, ,329, ,57,Y
211,12/24/2014,2300,358,0, ,0, ,0, ,8.2, ,45.2, ,80, ,39.4, ,7.2, ,341, ,56.9,Y
211,12/24/2014,2400,358,0, ,0, ,0, ,7.8, ,43.5, ,81, ,38, ,4.7, ,324, ,56.7,Y
211,12/25/2014,0100,359,0, ,0, ,0, ,7.5, ,42.6, ,81, ,37.1, ,5.4, ,322, ,56.6,Y
211,12/25/2014,0200,359,0, ,0, ,0, ,7.4, ,42.2, ,81, ,36.7, ,7.7, ,340, ,56.4,Y
211,12/25/2014,0300,359,0, ,0, ,0, ,7.2, ,41.8, ,80, ,35.9, ,7, ,344, ,56.3,Y
211,12/25/2014,0400,359,0, ,0, ,0, ,7, ,41, ,80, ,35.3, ,8.2, ,345, ,56.1,Y
211,12/25/2014,0500,359,0, ,0, ,0, ,6.9, ,40.7, ,79, ,34.9, ,8, ,343, ,56,Y
211,12/25/2014,0600,359,0, ,0, ,0, ,6.8, ,41.1, ,78, ,34.8, ,10.5, ,334, ,55.9,Y
211,12/25/2014,0700,359,0, ,0, ,0, ,6.8, ,39.9, ,81, ,34.6, ,9.6, ,337, ,55.7,Y
211,12/25/2014,0800,359,0, ,0, ,52, ,6.7, ,40.2, ,80, ,34.4, ,7.1, ,324, ,55.5,Y
211,12/25/2014,0900,359,0, ,0, ,334, ,7.1, ,42.6, ,76, ,35.6, ,10, ,333, ,55.4,Y
211,12/25/2014,1000,359,0.01, ,0, ,602, ,7.5, ,45.7, ,72, ,37.3, ,11.6, ,337, ,55.2,Y
211,12/25/2014,1100,359,0.01, ,0, ,809, ,7.6, ,48.7, ,65, ,37.5, ,12.5, ,332, ,55.1,Y
211,12/25/2014,1200,359,0.01, ,0, ,925, ,7.1, ,50.9, ,56, ,35.8, ,12.1, ,323, ,55.1,Y
211,12/25/2014,1300,359,0.01, ,0, ,940, ,6.7, ,53.2, ,49, ,34.3, ,14, ,318, ,55.1,Y
211,12/25/2014,1400,359,0.01, ,0, ,850, ,6.2, ,54.2, ,43, ,32.3, ,16.2, ,303, ,55.2,Y
211,12/25/2014,1500,359,0.01, ,0, ,663, ,5.7, ,55.1, ,38, ,30.2, ,13.5, ,312, ,55.3,Y
211,12/25/2014,1600,359,0.01, ,0, ,406, ,5.6, ,54.4, ,39, ,29.7, ,10.5, ,310, ,55.3, 
211,12/25/2014,1700,359,0, ,0, ,96, ,5.5, ,51.6, ,42, ,29.4, ,10.3, ,319, ,55.4, 
211,12/25/2014,1800,359,0, ,0, ,0, ,5.5, ,48.6, ,47, ,29.2, ,9.9, ,319, ,55.4, 
211,12/25/2014,1900,359,0, ,0, ,0, ,5.5, ,46.9, ,51, ,29.6, ,9.9, ,322, ,55.3, 
211,12/25/2014,2000,359,0, ,0, ,0, ,5.6, ,46, ,53, ,29.8, ,8.7, ,329, ,55.2, 
211,12/25/2014,2100,359,0, ,0, ,0, ,5.6, ,43.3, ,59, ,30, ,2.6, ,347, ,55, 
211,12/25/2014,2200,359,0, ,0, ,0, ,5.7, ,44.7, ,57, ,30.4, ,6.5, ,324, ,54.9, 
211,12/25/2014,2300,359,0, ,0, ,0, ,6.1, ,43.3, ,63, ,31.8, ,9.9, ,350, ,54.8, 
211,12/25/2014,2400,359,0, ,0, ,0, ,6.8, ,43.3, ,71, ,34.6, ,11.5, ,343, ,54.6, 
211,12/26/2014,0100,360,0, ,0, ,0, ,7.2, ,43.3, ,76, ,36.2, ,12.5, ,337, ,54.5, 
211,12/26/2014,0200,360,0, ,0, ,0, ,6.8, ,42.6, ,73, ,34.8, ,9.5, ,339, ,54.4, 
211,12/26/2014,0300,360,0, ,0, ,0, ,6.8, ,41, ,78, ,34.7, ,6.8, ,340, ,54.2, 
211,12/26/2014,0400,360,0, ,0, ,0, ,6.7, ,40.4, ,79, ,34.3, ,5.9, ,327, ,54.1, 
211,12/26/2014,0500,360,0, ,0, ,0, ,6.4, ,40.5, ,74, ,33, ,7.6, ,341, ,54, 
211,12/26/2014,0600,360,0, ,0, ,0, ,6.4, ,40.4, ,75, ,33.1, ,6.7, ,337, ,53.9,Y
211,12/26/2014,0700,360,0, ,0, ,0, ,6.2, ,38.5, ,79, ,32.5, ,5.7, ,348, ,53.8, 
211,12/26/2014,0800,360,0, ,0, ,52, ,6, ,37.7, ,79, ,31.7, ,5.1, ,318, ,53.7, 
211,12/26/2014,0900,360,0, ,0, ,342, ,6.3, ,42.2, ,69, ,32.9, ,8.4, ,318, ,53.6, 
211,12/26/2014,1000,360,0.01, ,0, ,614, ,6.4, ,47.2, ,58, ,33.1, ,13, ,333, ,53.5, 
211,12/26/2014,1100,360,0.01, ,0, ,820, ,6.3, ,50.5, ,50, ,32.8, ,11.9, ,330, ,53.4, 
211,12/26/2014,1200,360,0.01, ,0, ,939, ,5.9, ,53.5, ,42, ,31.1, ,10, ,323, ,53.4, 
211,12/26/2014,1300,360,0.01, ,0, ,953, ,5.6, ,55.3, ,38, ,29.9, ,10.4, ,328, ,53.5, 
211,12/26/2014,1400,360,0.01, ,0, ,861, ,5.3, ,56.6, ,34, ,28.5, ,8.8, ,322, ,53.6, 
211,12/26/2014,1500,360,0.01, ,0, ,670, ,5.2, ,56.6, ,33, ,27.9, ,9.6, ,324, ,53.8, 
211,12/26/2014,1600,360,0.01, ,0, ,411, ,5.3, ,55.9, ,35, ,28.7, ,9.1, ,325, ,54, 
211,12/26/2014,1700,360,0, ,0, ,98, ,5.7, ,52.6, ,42, ,30.4, ,6.8, ,332, ,54.1, 
211,12/26/2014,1800,360,0, ,0, ,1, ,5.8, ,48, ,51, ,30.8, ,2.7, ,322, ,54.1, 
211,12/26/2014,1900,360,0, ,0, ,0, ,5.6, ,46.6, ,52, ,29.9, ,2.5, ,63, ,54.1, 
211,12/26/2014,2000,360,0, ,0, ,0, ,5.7, ,43.1, ,60, ,30.3, ,3, ,229, ,54, 
211,12/26/2014,2100,360,0, ,0, ,0, ,5.8, ,39.1, ,71, ,30.6, ,2, ,306, ,53.9, 
211,12/26/2014,2200,360,0, ,0, ,0, ,5.7, ,36.6, ,78, ,30.4, ,2.8, ,299, ,53.7, 
211,12/26/2014,2300,360,0, ,0, ,0, ,5.6, ,34.2, ,84, ,29.9, ,2.1, ,356, ,53.6, 
211,12/26/2014,2400,360,0, ,0, ,0, ,5.5, ,33.1, ,86, ,29.6, ,2.2, ,316, ,53.4, 
211,12/27/2014,0100,361,0, ,0, ,0, ,5.4, ,32.9, ,85, ,28.9, ,3.6, ,315, ,53.2, 
211,12/27/2014,0200,361,0, ,0, ,0, ,5.3, ,31.1, ,90, ,28.4, ,2.9, ,340, ,53, 
211,12/27/2014,0300,361,0, ,0, ,0, ,5.2, ,31, ,88, ,27.9, ,3.3, ,190, ,52.8, 
211,12/27/2014,0400,361,0, ,0, ,0, ,5.1, ,30, ,91, ,27.7, ,2.1, ,311, ,52.7, 
211,12/27/2014,0500,361,0, ,0, ,0, ,5.1, ,29.6, ,92, ,27.6, ,2.8, ,305, ,52.5, 
211,12/27/2014,0600,361,0, ,0, ,0, ,4.9, ,28.9, ,92, ,26.8, ,2, ,341, ,52.3, 
211,12/27/2014,0700,361,0, ,0, ,0, ,5, ,29.3, ,92, ,27.2, ,2.7, ,259, ,52.2, 
211,12/27/2014,0800,361,0, ,0, ,55, ,5, ,28.8, ,92, ,26.9, ,2.1, ,151, ,52, 
211,12/27/2014,0900,361,0, ,0, ,336, ,5.6, ,33.1, ,88, ,29.9, ,1.9, ,321, ,51.9, 
211,12/27/2014,1000,361,0, ,0, ,623, ,6.2, ,39.9, ,74, ,32.4, ,1.9, ,352, ,51.7, 
211,12/27/2014,1100,361,0.01, ,0, ,726, ,6.5, ,44.2, ,66, ,33.4, ,3.7, ,342, ,51.6, 
211,12/27/2014,1200,361,0.01, ,0, ,931, ,6.7, ,48.7, ,57, ,34.3, ,3.4, ,298, ,51.6, 
211,12/27/2014,1300,361,0.01, ,0, ,957, ,6.5, ,54.6, ,44, ,33.4, ,2.5, ,296, ,51.7, 
211,12/27/2014,1400,361,0.01, ,0, ,863, ,6, ,55.7, ,40, ,31.6, ,3, ,75, ,51.9, 
211,12/27/2014,1500,361,0.01, ,0, ,528, ,6.4, ,55.1, ,43, ,33, ,4, ,172, ,52.3, 
211,12/27/2014,1600,361,0, ,0, ,384, ,6.6, ,55.8, ,43, ,34, ,2.5, ,159, ,52.6, 
211,12/27/2014,1700,361,0, ,0, ,94, ,6.7, ,53.9, ,47, ,34.2, ,1.6, ,212, ,52.8, 
211,12/27/2014,1800,361,0, ,0, ,0, ,7.1, ,48.4, ,62, ,35.9, ,1.9, ,346, ,53, 
211,12/27/2014,1900,361,0, ,0, ,0, ,7.2, ,44, ,73, ,35.9, ,1.8, ,300, ,53, 
211,12/27/2014,2000,361,0, ,0, ,0, ,6.9, ,40.4, ,81, ,35, ,1.9, ,331, ,53, 
211,12/27/2014,2100,361,0, ,0, ,0, ,6.7, ,38.6, ,84, ,34.1, ,1.3, ,342, ,52.9, 
211,12/27/2014,2200,361,0, ,0, ,0, ,6.5, ,37, ,88, ,33.7, ,1.7, ,321, ,52.8, 
211,12/27/2014,2300,361,0, ,0, ,0, ,6.3, ,35.4, ,89, ,32.6, ,1.8, ,346, ,52.6, 
211,12/27/2014,2400,361,0, ,0, ,0, ,6.4, ,35.5, ,91, ,33, ,1.9, ,305, ,52.5, 
211,12/28/2014,0100,362,0, ,0, ,0, ,6.1, ,34.4, ,91, ,32.1, ,2, ,356, ,52.3, 
211,12/28/2014,0200,362,0, ,0, ,0, ,6.3, ,35, ,92, ,32.8, ,2.2, ,311, ,52.2, 
211,12/28/2014,0300,362,0, ,0, ,0, ,6.2, ,34.9, ,91, ,32.5, ,2.5, ,308, ,52.1, 
211,12/28/2014,0400,362,0, ,0, ,0, ,6, ,33.8, ,92, ,31.7, ,2, ,153, ,51.9, 
211,12/28/2014,0500,362,0, ,0, ,0, ,5.8, ,32.7, ,93, ,30.9, ,2, ,31, ,51.8, 
211,12/28/2014,0600,362,0, ,0, ,0, ,5.8, ,32, ,94, ,30.5, ,1.5, ,304, ,51.7, 
211,12/28/2014,0700,362,0, ,0, ,0, ,5.5, ,30.6, ,95, ,29.2, ,2.5, ,333, ,51.6, 
211,12/28/2014,0800,362,0, ,0, ,36, ,5.8, ,32, ,95, ,30.8, ,3.3, ,306, ,51.5, 
211,12/28/2014,0900,362,0, ,0, ,280, ,6.4, ,34.6, ,94, ,33, ,3, ,304, ,51.4, 
211,12/28/2014,1000,362,0, ,0, ,563, ,7.3, ,42.3, ,80, ,36.6, ,2.4, ,348, ,51.3, 
211,12/28/2014,1100,362,0.01, ,0, ,777, ,7.6, ,47.3, ,69, ,37.5, ,2.2, ,104, ,51.2, 
211,12/28/2014,1200,362,0.01, ,0, ,891, ,7.9, ,52.4, ,58, ,38.3, ,2.5, ,356, ,51.2, 
211,12/28/2014,1300,362,0.01, ,0, ,909, ,7.5, ,55.5, ,50, ,37.2, ,4.7, ,342, ,51.4, 
211,12/28/2014,1400,362,0.01, ,0, ,824, ,6.3, ,57.5, ,39, ,32.9, ,5, ,346, ,51.6, 
211,12/28/2014,1500,362,0.01, ,0, ,646, ,7, ,58.2, ,42, ,35.5, ,6.6, ,346, ,51.9, 
211,12/28/2014,1600,362,0.01, ,0, ,382, ,7.3, ,57.2, ,45, ,36.3, ,9.1, ,340, ,52.2, 
211,12/28/2014,1700,362,0, ,0, ,99, ,7.2, ,54.4, ,50, ,36.2, ,6.7, ,343, ,52.5, 
211,12/28/2014,1800,362,0, ,0, ,1, ,7.2, ,50.1, ,59, ,36.2, ,3.2, ,289, ,52.6, 
211,12/28/2014,1900,362,0, ,0, ,0, ,7.3, ,48.4, ,63, ,36.6, ,3.1, ,284, ,52.7, 
211,12/28/2014,2000,362,0, ,0, ,0, ,7.2, ,42.4, ,78, ,36, ,3.1, ,347, ,52.6, 
211,12/28/2014,2100,362,0, ,0, ,0, ,7.1, ,41.9, ,79, ,35.9, ,3.4, ,335, ,52.5, 
211,12/28/2014,2200,362,0, ,0, ,0, ,6.8, ,39.1, ,83, ,34.5, ,2.4, ,4, ,52.4, 
211,12/28/2014,2300,362,0, ,0, ,0, ,6.7, ,38.1, ,86, ,34.4, ,2.4, ,158, ,52.3, 
211,12/28/2014,2400,362,0, ,0, ,0, ,6.6, ,36.5, ,90, ,33.7, ,1.7, ,358, ,52.2, 
211,12/29/2014,0100,363,0, ,0, ,0, ,6.5, ,35.9, ,91, ,33.6, ,2, ,33, ,52, 
211,12/29/2014,0200,363,0, ,0, ,0, ,6.1, ,34.1, ,92, ,32, ,1.8, ,6, ,51.9, 
211,12/29/2014,0300,363,0, ,0, ,0, ,6, ,33.3, ,93, ,31.5, ,1.8, ,326, ,51.8, 
211,12/29/2014,0400,363,0, ,0, ,0, ,5.8, ,32.4, ,94, ,30.9, ,2.1, ,315, ,51.6, 
211,12/29/2014,0500,363,0, ,0, ,0, ,5.6, ,31.6, ,94, ,30, ,1.5, ,29, ,51.5, 
211,12/29/2014,0600,363,0, ,0, ,0, ,5.7, ,31.7, ,94, ,30.2, ,2, ,101, ,51.4, 
211,12/29/2014,0700,363,0, ,0, ,0, ,5.6, ,31, ,95, ,29.7, ,1.7, ,12, ,51.2, 
211,12/29/2014,0800,363,0, ,0, ,44, ,5.5, ,30.5, ,95, ,29.3, ,2.1, ,316, ,51.1, 
211,12/29/2014,0900,363,0, ,0, ,301, ,6.5, ,34.7, ,95, ,33.4, ,2, ,352, ,51, 
211,12/29/2014,1000,363,0, ,0, ,583, ,7.5, ,41.6, ,84, ,37.1, ,1.8, ,28, ,50.8, 
211,12/29/2014,1100,363,0.01, ,0, ,813, ,8.2, ,46.7, ,76, ,39.4, ,2, ,100, ,50.7, 
211,12/29/2014,1200,363,0.01, ,0, ,928, ,9, ,50.8, ,71, ,41.8, ,3.1, ,136, ,50.7, 
211,12/29/2014,1300,363,0.01, ,0, ,942, ,9.5, ,53, ,69, ,43.3, ,3.9, ,86, ,50.8, 
211,12/29/2014,1400,363,0.01, ,0, ,820, ,9.6, ,56.1, ,63, ,43.5, ,3.6, ,39, ,51.1, 
211,12/29/2014,1500,363,0.01, ,0, ,696, ,9.5, ,56.8, ,60, ,43.1, ,4.2, ,177, ,51.5, 
211,12/29/2014,1600,363,0, ,0, ,192, ,9.7, ,55, ,66, ,43.7, ,4.4, ,161, ,51.8, 
211,12/29/2014,1700,363,0, ,0, ,36, ,9.5, ,53.5, ,68, ,43.1, ,4.3, ,299, ,52.1, 
211,12/29/2014,1800,363,0, ,0, ,0, ,8.4, ,50.5, ,67, ,40.1, ,9.7, ,325, ,52.3, 
211,12/29/2014,1900,363,0, ,0, ,0, ,8.1, ,48.6, ,69, ,39, ,6, ,300, ,52.4, 
211,12/29/2014,2000,363,0, ,0, ,0, ,7.8, ,46.4, ,73, ,38.1, ,3.8, ,343, ,52.5, 
211,12/29/2014,2100,363,0, ,0, ,0, ,7.9, ,45.1, ,77, ,38.5, ,1.4, ,143, ,52.5, 
211,12/29/2014,2200,363,0, ,0, ,0, ,7.9, ,45.2, ,77, ,38.5, ,2.4, ,329, ,52.4, 
211,12/29/2014,2300,363,0, ,0, ,0, ,7.6, ,42.9, ,81, ,37.6, ,1.7, ,111, ,52.4, 
211,12/29/2014,2400,363,0, ,0, ,0, ,7.4, ,40.4, ,87, ,36.8, ,2.2, ,314, ,52.3, 
211,12/30/2014,0100,364,0, ,0, ,0, ,7.1, ,39.3, ,87, ,35.8, ,2.8, ,322, ,52.2, 
211,12/30/2014,0200,364,0, ,0, ,0, ,6.9, ,37.7, ,90, ,35.1, ,5, ,328, ,52.1, 
211,12/30/2014,0300,364,0, ,0, ,0, ,6.9, ,37.9, ,89, ,35, ,4.5, ,340, ,52, 
211,12/30/2014,0400,364,0, ,0, ,0, ,6.6, ,37.6, ,87, ,34, ,3.7, ,315, ,51.8, 
211,12/30/2014,0500,364,0, ,0, ,0, ,6.5, ,37.2, ,87, ,33.5, ,3.8, ,320, ,51.7, 
211,12/30/2014,0600,364,0, ,0, ,0, ,6.6, ,37.3, ,88, ,34, ,5.9, ,332, ,51.6, 
211,12/30/2014,0700,364,0, ,0, ,0, ,6.4, ,36.7, ,87, ,33.3, ,5.7, ,335, ,51.5, 
211,12/30/2014,0800,364,0, ,0, ,48, ,5.8, ,37.4, ,76, ,30.5, ,5.9, ,350, ,51.4, 
211,12/30/2014,0900,364,0, ,0, ,329, ,5.8, ,42, ,64, ,30.9, ,6.3, ,356, ,51.3, 
211,12/30/2014,1000,364,0.01, ,0, ,601, ,5.3, ,45.5, ,51, ,28.5, ,10.5, ,336, ,51.2, 
211,12/30/2014,1100,364,0.01, ,0, ,804, ,4.8, ,47.7, ,43, ,26.3, ,13.3, ,325, ,51.1, 
211,12/30/2014,1200,364,0.01, ,0, ,932, ,4.7, ,49.4, ,40, ,25.8, ,16.2, ,319, ,51.1, 
211,12/30/2014,1300,364,0.01, ,0, ,954, ,4.7, ,51.9, ,36, ,25.8, ,12.9, ,304, ,51.1, 
211,12/30/2014,1400,364,0.01, ,0, ,865, ,4.3, ,53.9, ,30, ,23.5, ,12.3, ,318, ,51.2, 
211,12/30/2014,1500,364,0.01, ,0, ,677, ,4, ,53.9, ,28, ,21.8, ,13, ,310, ,51.3, 
211,12/30/2014,1600,364,0.01, ,0, ,421, ,3.8, ,52.9, ,28, ,20.5, ,11.7, ,289, ,51.4, 
211,12/30/2014,1700,364,0.01, ,0, ,110, ,3.4, ,51.1, ,27, ,18, ,11.8, ,353, ,51.5, 
211,12/30/2014,1800,364,0.01, ,0, ,1, ,2.9, ,49.4, ,24, ,14.5, ,23.4, ,23, ,51.5, 
211,12/30/2014,1900,364,0.01, ,0, ,0, ,2.8, ,48, ,24, ,13.5, ,25.3, ,20, ,51.5, 
211,12/30/2014,2000,364,0.01, ,0, ,0, ,2.7, ,46.2, ,25, ,12.3, ,17.7, ,11, ,51.4, 
211,12/30/2014,2100,364,0.01, ,0, ,0, ,2.5, ,45.5, ,24, ,11, ,16.4, ,5, ,51.2, 
211,12/30/2014,2200,364,0, ,0, ,0, ,2.4, ,45.1, ,24, ,10.4, ,15.2, ,8, ,51, 
211,12/30/2014,2300,364,0, ,0, ,0, ,2.5, ,44, ,25, ,10.9, ,13.9, ,357, ,50.9, 
211,12/30/2014,2400,364,0, ,0, ,0, ,2.6, ,43, ,27, ,11.5, ,14.4, ,331, ,50.7, 
211,12/31/2014,0100,365,0, ,0, ,0, ,2.5, ,42.9, ,27, ,11.2, ,15.7, ,340, ,50.6, 
211,12/31/2014,0200,365,0, ,0, ,0, ,2.8, ,40.7, ,33, ,13.7, ,12.3, ,353, ,50.5, 
211,12/31/2014,0300,365,0, ,0, ,0, ,2.7, ,41.3, ,31, ,13, ,14.3, ,348, ,50.3, 
211,12/31/2014,0400,365,0, ,0, ,0, ,2.7, ,40.7, ,31, ,12.6, ,10.8, ,339, ,50.2, 
211,12/31/2014,0500,365,0, ,0, ,0, ,2.9, ,38.3, ,37, ,14.4, ,7.3, ,319, ,50.1, 
211,12/31/2014,0600,365,0, ,0, ,0, ,2.9, ,37.9, ,38, ,14.4, ,9.6, ,314, ,49.9, 
211,12/31/2014,0700,365,0, ,0, ,0, ,2.5, ,39.6, ,31, ,11.2, ,12.2, ,320, ,49.8, 
211,12/31/2014,0800,365,0, ,0, ,50, ,2.4, ,40.7, ,27, ,9.8, ,9.6, ,294, ,49.7, 
211,12/31/2014,0900,365,0, ,0, ,345, ,2.6, ,42.4, ,28, ,11.9, ,7.6, ,300, ,49.6, 
211,12/31/2014,1000,365,0.01, ,0, ,627, ,2.8, ,47.2, ,26, ,13.7, ,7.3, ,327, ,49.4, 
211,12/31/2014,1100,365,0.01, ,0, ,847, ,3, ,49.4, ,25, ,14.8, ,11, ,321, ,49.4, 
211,12/31/2014,1200,365,0.01, ,0, ,973, ,2.9, ,51.6, ,22, ,14.6, ,14.1, ,328, ,49.4, 
211,12/31/2014,1300,365,0.01, ,0, ,990, ,2.9, ,53.8, ,21, ,14.3, ,12.1, ,330, ,49.5, 
211,12/31/2014,1400,365,0.01, ,0, ,896, ,2.9, ,55.6, ,19, ,14, ,10.6, ,327, ,49.7, 
211,12/31/2014,1500,365,0.01, ,0, ,689, ,2.8, ,55.6, ,19, ,13.8, ,11.3, ,313, ,49.8, 
211,12/31/2014,1600,365,0.01, ,0, ,474, ,2.8, ,54.8, ,19, ,13.6, ,11.8, ,319, ,50, 
211,12/31/2014,1700,365,0, ,0, ,115, ,2.9, ,52.1, ,22, ,14, ,7.3, ,321, ,50.2, 
211,12/31/2014,1800,365,0, ,0, ,2, ,2.9, ,47.5, ,26, ,14.3, ,2, ,339, ,50.2, 
211,12/31/2014,1900,365,0, ,0, ,0, ,3.2, ,42.6, ,34, ,16.2, ,1.1, ,310, ,50.2, 
211,12/31/2014,2000,365,0, ,0, ,0, ,3.6, ,37, ,48, ,19.1, ,1, ,269, ,50.2, 
211,12/31/2014,2100,365,0,Y,0, ,0, ,3.8, ,33.4,Y,59,Y,20.5,Y,1, ,345, ,50, 
211,12/31/2014,2200,365,0, ,0, ,0, ,4.1, ,33.3, ,64, ,22.5, ,1.1, ,141, ,49.9, 
211,12/31/2014,2300,365,0,Y,0, ,0, ,4.1, ,30.9,Y,70,Y,22.2,Y,1, ,321, ,49.7, 
211,12/31/2014,2400,365,0, ,0, ,0, ,4, ,29, ,73, ,21.5, ,1, ,329, ,49.5, 
